% F    256  0.619840000000000E+01  0.619840000000000E+01  0.619840000000000E+01
  -0.114051382756853E-03 -0.850956571204173E-03  0.478334721747695E-04
   0.774542369143373E+00  0.774270760140859E+00 -0.536197304571981E-03
  -0.162551543981252E-03  0.774738644774584E+00  0.775263622148674E+00
   0.774683603241544E+00 -0.331244288808671E-03  0.774189536497350E+00
   0.154957273534082E+01  0.949015321208283E-03  0.688576181670525E-03
   0.232395612197239E+01  0.775549308378302E+00 -0.813493349814218E-03
   0.154874239602414E+01  0.774262838704555E+00  0.774170607467650E+00
   0.232468872323920E+01  0.912551143783281E-03  0.775159270641712E+00
   0.309842802833702E+01  0.850915144355793E-03  0.146234859567372E-03
   0.387304844331690E+01  0.773811978871720E+00  0.864796079281414E-03
   0.309957548831186E+01  0.773848389797532E+00  0.775272713156268E+00
   0.387498340914357E+01 -0.403039428244453E-03  0.775352042757703E+00
   0.464880249744773E+01  0.370917962485926E-03  0.740824733774142E-03
   0.542387324325673E+01  0.775148537623251E+00  0.384761040901406E-03
   0.464837456078781E+01  0.775522157468310E+00  0.775744469253525E+00
   0.542292447029189E+01  0.633851359076543E-03  0.774094193220854E+00
   0.135560936091861E-03  0.155055953369864E+01 -0.147746063489703E-03
   0.774056439221502E+00  0.232413503935723E+01 -0.707941560178309E-03
  -0.762674204470668E-03  0.232509593702086E+01  0.774886670169781E+00
   0.775233291506262E+00  0.154964035407088E+01  0.774396188091992E+00
   0.155006662022474E+01  0.154967837736734E+01 -0.664805120447864E-03
   0.232461916528005E+01  0.232449977412535E+01 -0.967980657437050E-03
   0.154906404012281E+01  0.232478443601097E+01  0.774811642417463E+00
   0.232479814980323E+01  0.155045731012683E+01  0.775122581708395E+00
   0.309877240744547E+01  0.154987146813691E+01 -0.940638129993634E-03
   0.387425293315448E+01  0.232503177943779E+01 -0.695286464557765E-03
   0.309924545375332E+01  0.232407365406680E+01  0.775442149238505E+00
   0.387421318339751E+01  0.154949036149189E+01  0.774158182149969E+00
   0.464807788753294E+01  0.154990182333286E+01 -0.405112026576419E-03
   0.542278748531762E+01  0.232487157746231E+01  0.817264418023854E-03
   0.464806273407948E+01  0.232453738505056E+01  0.775085953171500E+00
   0.542289917663587E+01  0.155040665207040E+01  0.775316435191872E+00
  -0.447617724622786E-03  0.310000025629821E+01  0.359271656000164E-04
   0.775748099594243E+00  0.387345894633212E+01  0.220649509061106E-04
   0.507476914112698E-03  0.387462532379948E+01  0.774593002345785E+00
   0.775198534006063E+00  0.309934329248151E+01  0.774061123615630E+00
   0.154940619048037E+01  0.309918792696220E+01  0.694411698221100E-03
   0.232408041033705E+01  0.387438588532316E+01  0.882319079751267E-03
   0.154946083168948E+01  0.387394333978188E+01  0.775725215823093E+00
   0.232438680805626E+01  0.309967189613263E+01  0.774068390470647E+00
   0.309903197289538E+01  0.309838860119839E+01  0.182192452100949E-04
   0.387349723742979E+01  0.387378349288312E+01  0.481311007853458E-03
   0.309858618482076E+01  0.387353555546348E+01  0.774665177697909E+00
   0.387390744266403E+01  0.309943361565393E+01  0.775294982212686E+00
   0.464931007497013E+01  0.310019092115453E+01  0.992913562184450E-03
   0.542358524347216E+01  0.387415423994582E+01  0.735813631735576E-03
   0.464969526706766E+01  0.387470307252254E+01  0.774382571372839E+00
   0.542351367321067E+01  0.309857839673883E+01  0.774837675445222E+00
   0.275831044680919E-03  0.464896827131332E+01 -0.783849280568921E-03
   0.774146591282667E+00  0.542406014420999E+01  0.204426357023744E-03
   0.914937216458357E-03  0.542435722090192E+01  0.775789425673081E+00
   0.774394383383775E+00  0.464875077428031E+01  0.774709800157314E+00
   0.155024689737032E+01  0.464863809155425E+01  0.107900162562861E-03
   0.232403774864961E+01  0.542417954869138E+01  0.183615754780088E-03
   0.154951647797669E+01  0.542368207733519E+01  0.775088365921883E+00
   0.232504390989155E+01  0.464832730296375E+01  0.775695720934300E+00
   0.309890612116192E+01  0.464960255524504E+01  0.413963797581019E-03
   0.387424299447349E+01  0.542266004974028E+01 -0.387686699475924E-03
   0.309931670757795E+01  0.542353365571993E+01  0.775048436230313E+00
   0.387307474491574E+01  0.464783903582246E+01  0.774102341000733E+00
   0.464947741186327E+01  0.464900720509531E+01 -0.237183924654871E-03
   0.542337152410950E+01  0.542427828977162E+01 -0.939482223506677E-03
   0.464912339382183E+01  0.542395723559249E+01  0.773877236906577E+00
   0.542354556249839E+01  0.464809754646971E+01  0.774600663151885E+00
  -0.224299398776514E-03 -0.753296123805467E-03  0.154903773169512E+01
   0.773939276236769E+00  0.775265277831309E+00  0.154888710366954E+01
  -0.988994852383673E-03  0.774018975956970E+00  0.232488618169827E+01
   0.774827287154633E+00 -0.377884280203278E-03  0.232420871701630E+01
   0.155004334909256E+01  0.914176484326074E-03  0.154884167868154E+01
   0.232491805125674E+01  0.775256622247941E+00  0.155021247205778E+01
   0.154893275458881E+01  0.773826795179660E+00  0.232450299598646E+01
   0.232403829416672E+01  0.590012204045603E-03  0.232503138677811E+01
   0.309954427571314E+01 -0.365046821488717E-03  0.154959340442267E+01
   0.387329641971679E+01  0.773840388394019E+00  0.155036034904879E+01
   0.309900583579179E+01  0.775533187918143E+00  0.232491968518377E+01
   0.387453186570940E+01 -0.479038070812017E-03  0.232419430898764E+01
   0.464950947535025E+01  0.993488965823728E-03  0.154922517147602E+01
   0.542356962269186E+01  0.775479951336563E+00  0.154973236830435E+01
   0.464833552814015E+01  0.774383521894065E+00  0.232517052344609E+01
   0.542341787907946E+01 -0.111362623441118E-03  0.232361499064865E+01
  -0.688413763054748E-03  0.155059821303286E+01  0.154870680446646E+01
   0.774788280146305E+00  0.232529946100729E+01  0.155022674596414E+01
  -0.583178917338817E-03  0.232469552933271E+01  0.232392850288571E+01
   0.773909544801357E+00  0.154901509865873E+01  0.232364075400983E+01
   0.154902578074023E+01  0.154932717972367E+01  0.154962640514480E+01
   0.232426438132098E+01  0.232504192545957E+01  0.154909418986088E+01
   0.154976445774961E+01  0.232463863192834E+01  0.232395462535107E+01
   0.232512468172569E+01  0.155005091508483E+01  0.232380192557348E+01
   0.309966811022018E+01  0.154927161977852E+01  0.154943812798471E+01
   0.387308269672543E+01  0.232351597350349E+01  0.154915951872790E+01
   0.309862208859335E+01  0.232533950795171E+01  0.232342757882357E+01
   0.387473574708619E+01  0.154968742569096E+01  0.232512247015755E+01
   0.464780920705478E+01  0.154978453217346E+01  0.154930039644743E+01
   0.542279860589204E+01  0.232445233532160E+01  0.154924615780517E+01
   0.464907140225815E+01  0.232368764439354E+01  0.232476232345060E+01
   0.542352926935145E+01  0.154958658860613E+01  0.232362560954456E+01
  -0.429965806901683E-03  0.310017238384705E+01  0.154915687532087E+01
   0.775055657048249E+00  0.387374096304042E+01  0.154880146328859E+01
  -0.962638667113940E-04  0.387358109278145E+01  0.232505061155167E+01
   0.775347415094922E+00  0.309934720682310E+01  0.232458110139746E+01
   0.154999475781153E+01  0.309848647482174E+01  0.154883979116112E+01
   0.232459855806712E+01  0.387339581474469E+01  0.154962788220675E+01
   0.154999661765716E+01  0.387422083657094E+01  0.232420141752269E+01
   0.232352480484822E+01  0.310003826768799E+01  0.232479324205951E+01
   0.309838775372963E+01  0.309864552993795E+01  0.155024472525375E+01
   0.387397301389606E+01  0.387462943225940E+01  0.155017885667029E+01
   0.309974579951730E+01  0.387437987586767E+01  0.232397732777133E+01
   0.387407616230505E+01  0.309882553909411E+01  0.232448074364762E+01
   0.464821576970719E+01  0.309877586401660E+01  0.154904169160886E+01
   0.542333491411705E+01  0.387416416501549E+01  0.154955659891639E+01
   0.464932560858059E+01  0.387326034486009E+01  0.232393042499010E+01
   0.542429647442138E+01  0.309933590945363E+01  0.232532932509397E+01
  -0.216401135459203E-03  0.464846720045863E+01  0.154938829969213E+01
   0.775611788953980E+00  0.542430323562170E+01  0.154966328666129E+01
  -0.670881136915464E-03  0.542364134189417E+01  0.232383375736655E+01
   0.775327713880987E+00  0.464786758717891E+01  0.232536247972253E+01
   0.155002192788743E+01  0.464945932258509E+01  0.155045683197809E+01
   0.232413768459513E+01  0.542287121575125E+01  0.155025349998463E+01
   0.154906292594086E+01  0.542408960087837E+01  0.232403300953144E+01
   0.232442309780252E+01  0.464865411398667E+01  0.232361011503608E+01
   0.309842143402373E+01  0.464883344360056E+01  0.154974550543824E+01
   0.387457057659763E+01  0.542353653710387E+01  0.154940716001374E+01
   0.309880902902752E+01  0.542457756509271E+01  0.232361653894894E+01
   0.387346395843713E+01  0.464920040592322E+01  0.232464123587530E+01
   0.464869883217538E+01  0.464782752277250E+01  0.154915488298778E+01
   0.542386590211168E+01  0.542433930457004E+01  0.154936465429153E+01
   0.464894414344243E+01  0.542338960901762E+01  0.232403680662414E+01
   0.542382426547770E+01  0.464921127761765E+01  0.232417085023016E+01
  -0.100381978288408E-03 -0.762818514942411E-03  0.309955392746466E+01
   0.774484541533788E+00  0.775052853194127E+00  0.309947511531821E+01
   0.119421815812308E-03  0.774558692223729E+00  0.387499918922370E+01
   0.774278788493216E+00 -0.599695099597388E-03  0.387390640457144E+01
   0.154981185026028E+01  0.110484453041322E-03  0.309863031679539E+01
   0.232417462252838E+01  0.774631805735419E+00  0.309839663825288E+01
   0.154899896236819E+01  0.773956725804927E+00  0.387312094494483E+01
   0.232365464125025E+01  0.878651985319439E-03  0.387469412703878E+01
   0.309996012727772E+01  0.938040700720416E-03  0.309957035098503E+01
   0.387354511489726E+01  0.774088455612810E+00  0.310005817797573E+01
   0.309960980915582E+01  0.774842276833512E+00  0.387498852077998E+01
   0.387434387837703E+01 -0.744370176375175E-03  0.387483318991596E+01
   0.464887422805020E+01  0.511135369948595E-03  0.309975022708949E+01
   0.542381070477795E+01  0.775111110518305E+00  0.309996618196692E+01
   0.464890489962523E+01  0.775325237487546E+00  0.387443989265669E+01
   0.542277223581194E+01 -0.429009795888296E-03  0.387324736192547E+01
  -0.287985758057403E-03  0.154986597692451E+01  0.309899823928726E+01
   0.775317634501247E+00  0.232491264048105E+01  0.309987367148320E+01
   0.643850611110476E-03  0.232377599722637E+01  0.387444532458853E+01
   0.775663923280774E+00  0.155025298145077E+01  0.387481076944939E+01
   0.154941741283384E+01  0.154955563310771E+01  0.309827213674361E+01
   0.232465797396962E+01  0.232431071929096E+01  0.310002826781994E+01
   0.155005300244714E+01  0.232380591964881E+01  0.387452496988120E+01
   0.232508815944530E+01  0.155050049130722E+01  0.387407862106670E+01
   0.309979939902462E+01  0.154989134524680E+01  0.309874009323268E+01
   0.387375418324102E+01  0.232407932354469E+01  0.309934896330658E+01
   0.309933400243111E+01  0.232373915691859E+01  0.387487986346395E+01
   0.387317043492670E+01  0.154952866371610E+01  0.387475226490221E+01
   0.464807242902826E+01  0.154997508702621E+01  0.309945455778900E+01
   0.542401094530807E+01  0.232376796438093E+01  0.309882733624471E+01
   0.464797136837296E+01  0.232447845787824E+01  0.387464255339358E+01
   0.542371556319488E+01  0.154877379563013E+01  0.387460038013081E+01
  -0.912908414394513E-03  0.309883836127182E+01  0.310002047868235E+01
   0.773858935444556E+00  0.387311398518627E+01  0.309881034681587E+01
   0.823824957383339E-04  0.387476511845135E+01  0.387489263912654E+01
   0.775077667159497E+00  0.310018828151632E+01  0.387405768452269E+01
   0.155046748704968E+01  0.309890422505677E+01  0.309894525784990E+01
   0.232415485753772E+01  0.387403807435626E+01  0.309964547322552E+01
   0.154936072359796E+01  0.387307133640997E+01  0.387358547225373E+01
   0.232406020469584E+01  0.309988976618594E+01  0.387421874788332E+01
   0.309896229399568E+01  0.309956603432834E+01  0.309959252136875E+01
   0.387300011184906E+01  0.387320132299750E+01  0.309824527188100E+01
   0.309924086338420E+01  0.387307353587729E+01  0.387488516414261E+01
   0.387355276417190E+01  0.309942253286794E+01  0.387499242516760E+01
   0.464803733987240E+01  0.309848398318912E+01  0.309987257300543E+01
   0.542448559476474E+01  0.387434644409009E+01  0.309870098842156E+01
   0.464974312804891E+01  0.387408544179272E+01  0.387406871800079E+01
   0.542348598645870E+01  0.309849316264588E+01  0.387322494855945E+01
  -0.964240317048473E-03  0.464852597585955E+01  0.309955469431535E+01
   0.775320738975746E+00  0.542387555569636E+01  0.310014909246699E+01
   0.933179708664294E-03  0.542447061975306E+01  0.387322121373131E+01
   0.775073434226104E+00  0.464901129112178E+01  0.387305515999472E+01
   0.154893110512080E+01  0.464852028625673E+01  0.309867224914614E+01
   0.232509229326345E+01  0.542320127200129E+01  0.309982679554787E+01
   0.154989238699967E+01  0.542381356931316E+01  0.387470506931061E+01
   0.232368184386346E+01  0.464804765526747E+01  0.387467743036943E+01
   0.309942871199482E+01  0.464899875795023E+01  0.309869602876630E+01
   0.387475502811933E+01  0.542283574466729E+01  0.310006431013247E+01
   0.309833091495998E+01  0.542270090422713E+01  0.387323716054979E+01
   0.387491202617079E+01  0.464949782019147E+01  0.387346934204515E+01
   0.464815410826850E+01  0.464801132443032E+01  0.309970732068718E+01
   0.542263382027553E+01  0.542396381468287E+01  0.309880417003127E+01
   0.464788339570236E+01  0.542367651141683E+01  0.387492655739257E+01
   0.542447410176969E+01  0.464810594277418E+01  0.387422389623951E+01
   0.701022649550689E-04  0.650297626634696E-03  0.464950736144481E+01
   0.774489443809632E+00  0.775661099103863E+00  0.464851712116411E+01
  -0.257702768360534E-03  0.774852038903068E+00  0.542427014944771E+01
   0.774906318393475E+00  0.550738782806028E-03  0.542349049513274E+01
   0.154891559502175E+01 -0.361765002494207E-03  0.464902929069784E+01
   0.232539236074275E+01  0.774325960672825E+00  0.464959597803021E+01
   0.154965772472838E+01  0.774045304960079E+00  0.542278129711329E+01
   0.232387873828263E+01  0.213757936748985E-03  0.542388131725839E+01
   0.309955624848285E+01  0.790639032037291E-03  0.464808980809822E+01
   0.387340309685186E+01  0.775685340311072E+00  0.464933131759873E+01
   0.309858289803788E+01  0.774659855013424E+00  0.542306461048256E+01
   0.387401989702404E+01  0.232847012166923E-04  0.542428906438750E+01
   0.464788386675773E+01 -0.912280177890874E-03  0.464893416727684E+01
   0.542371799070862E+01  0.774384453178206E+00  0.464920310814601E+01
   0.464962819986010E+01  0.775615307329201E+00  0.542426882545966E+01
   0.542381046501659E+01  0.210546827668090E-03  0.542323015785695E+01
   0.830720769559525E-03  0.155006898749369E+01  0.464826907590051E+01
   0.774610073467865E+00  0.232409131084467E+01  0.464783192791492E+01
  -0.432973473675445E-03  0.232466401706536E+01  0.542418331065016E+01
   0.775582333559577E+00  0.154869639526524E+01  0.542368574608350E+01
   0.154953433464814E+01  0.154942306104936E+01  0.464901371646864E+01
   0.232524901303043E+01  0.232425968999045E+01  0.464906178228835E+01
   0.154976408136598E+01  0.232387384682208E+01  0.542458209345734E+01
   0.232512131006303E+01  0.155047606883303E+01  0.542412189502415E+01
   0.309994743823620E+01  0.155034123347441E+01  0.464837076115492E+01
   0.387411866794514E+01  0.232379438651806E+01  0.464835263335760E+01
   0.309873132686892E+01  0.232351559842090E+01  0.542300898041839E+01
   0.387436303294932E+01  0.155028500121840E+01  0.542442351802200E+01
   0.464867396404359E+01  0.155036628170103E+01  0.464827895974025E+01
   0.542296437944219E+01  0.232449624796161E+01  0.464829161000916E+01
   0.464834256765057E+01  0.232392158522052E+01  0.542269606015978E+01
   0.542378523848691E+01  0.155006599749935E+01  0.542283018177631E+01
  -0.743527192352622E-03  0.309899844188450E+01  0.464902860168496E+01
   0.774602219799605E+00  0.387342570886217E+01  0.464934546232406E+01
  -0.398988923218034E-03  0.387482761730272E+01  0.542327511823930E+01
   0.773905729778403E+00  0.310018281775059E+01  0.542327765004473E+01
   0.154867025035049E+01  0.309886869504325E+01  0.464826436895687E+01
   0.232466300747210E+01  0.387308945741122E+01  0.464913832552782E+01
   0.155032562467500E+01  0.387443637229364E+01  0.542385740658777E+01
   0.232340104883984E+01  0.309915676257323E+01  0.542378511605975E+01
   0.309843735346642E+01  0.309931694054816E+01  0.464894520008073E+01
   0.387427296656025E+01  0.387307098151354E+01  0.464892463404676E+01
   0.309875396285643E+01  0.387351862185494E+01  0.542265092150028E+01
   0.387475689320599E+01  0.309922173794442E+01  0.542407814082506E+01
   0.464854591693532E+01  0.309897910366041E+01  0.464845045812584E+01
   0.542352390595883E+01  0.387397993346776E+01  0.464944610339101E+01
   0.464860260854711E+01  0.387405325127604E+01  0.542446022824387E+01
   0.542415639122579E+01  0.309914787803119E+01  0.542417726194115E+01
   0.487194385722689E-03  0.464799419175604E+01  0.464857581594217E+01
   0.774255060730616E+00  0.542329305492233E+01  0.464911496268644E+01
  -0.521120869870008E-03  0.542433660674187E+01  0.542438581139429E+01
   0.774110869794392E+00  0.464789425770222E+01  0.542404496826986E+01
   0.154971485973187E+01  0.464905621652339E+01  0.464875762648447E+01
   0.232341858808715E+01  0.542362818236055E+01  0.464885086480986E+01
   0.154900306349858E+01  0.542386279669176E+01  0.542452288848366E+01
   0.232414284886499E+01  0.464933241522786E+01  0.542271431021739E+01
   0.309949811849309E+01  0.464789308821021E+01  0.464953087436898E+01
   0.387467049991674E+01  0.542356196980451E+01  0.464883353688003E+01
   0.309896907056838E+01  0.542288691695001E+01  0.542300435069997E+01
   0.387393588935122E+01  0.464932248131419E+01  0.542371003322681E+01
   0.464935564493836E+01  0.464888854643477E+01  0.464898005595478E+01
   0.542359374341599E+01  0.542317171377017E+01  0.464879312364221E+01
   0.464893336413819E+01  0.542433342203796E+01  0.542289095421326E+01
   0.542332732092673E+01  0.464816217775725E+01  0.542448187229982E+01
