% T    256  0.657656553154792E+01  0.657656553154792E+01  0.657656553154792E+01
  -0.284106950139635E+01 -0.280644240932979E+01 -0.293188549151962E+01
  -0.220162904891904E+01 -0.200806973920815E+01 -0.283520626179130E+01
  -0.290533757195485E+01 -0.203167335676744E+01 -0.196250156911446E+01
  -0.191555659755798E+01 -0.302310273011375E+01 -0.215745315384315E+01
  -0.104720017402411E+01 -0.276589987208180E+01 -0.272196970624966E+01
  -0.243227798900469E+00 -0.193042525033490E+01 -0.270315720324923E+01
  -0.128945688569078E+01 -0.204624328276691E+01 -0.193356112534403E+01
  -0.324334640162182E+00 -0.284065459360403E+01 -0.190658873968228E+01
   0.347579286648282E+00 -0.280828477334828E+01 -0.293699436329781E+01
   0.133091230326225E+01 -0.208930799268522E+01 -0.278296311995195E+01
   0.653480938500530E+00 -0.204092600968150E+01 -0.204261564471821E+01
   0.135961935323502E+01 -0.299064028385643E+01 -0.194105786684732E+01
   0.211106077082955E+01 -0.282494337096490E+01 -0.272915117874511E+01
   0.297635161057315E+01 -0.207631133899629E+01 -0.294265290026180E+01
   0.203111749289711E+01 -0.212421743392380E+01 -0.200999410392074E+01
   0.290579181572406E+01 -0.282391400816027E+01 -0.208477469173454E+01
  -0.303735851515824E+01 -0.118954248384051E+01 -0.297580267547281E+01
  -0.209531536236920E+01 -0.490529923255564E+00 -0.279024224613297E+01
  -0.295952850794202E+01 -0.518668217803448E+00 -0.224300577656258E+01
  -0.208461669096849E+01 -0.130591462724622E+01 -0.205730686504248E+01
  -0.135503570043728E+01 -0.126401959629441E+01 -0.277590413271443E+01
  -0.382383549996399E+00 -0.632646566490243E+00 -0.293311031028585E+01
  -0.119755682751312E+01 -0.442609268815854E+00 -0.212196021116372E+01
  -0.297160852643540E+00 -0.130594045428972E+01 -0.193985032174334E+01
   0.521901569688640E+00 -0.127622087062116E+01 -0.283201771989963E+01
   0.130126563357429E+01 -0.426544907058676E+00 -0.290833979033297E+01
   0.544073348692866E+00 -0.416625100021086E+00 -0.211816053675870E+01
   0.141604941755608E+01 -0.132126826750452E+01 -0.206106623162534E+01
   0.216451655958208E+01 -0.122324240891525E+01 -0.293783754757401E+01
   0.287446488813987E+01 -0.444203704914013E+00 -0.301585483685105E+01
   0.214652098349779E+01 -0.407206703523004E+00 -0.203530618256040E+01
   0.293062117923288E+01 -0.119738661697732E+01 -0.209895859755387E+01
  -0.289211689871101E+01  0.259790409773593E+00 -0.296093370133217E+01
  -0.219133105946221E+01  0.102599582280979E+01 -0.274003811881415E+01
  -0.284784076086416E+01  0.114182192791027E+01 -0.191059967580874E+01
  -0.227752297266088E+01  0.155476481100619E+00 -0.195393101548148E+01
  -0.970278820421476E+00  0.310452229367806E+00 -0.288373581987949E+01
  -0.342386795994952E+00  0.119211930919656E+01 -0.293503836108200E+01
  -0.118700729797570E+01  0.115917395131286E+01 -0.225907922772916E+01
  -0.314219779864582E+00  0.491985580877465E+00 -0.202985997961526E+01
   0.323293515780890E+00  0.399989478015339E+00 -0.284981558558343E+01
   0.136298738887293E+01  0.137713694631212E+01 -0.284154852496024E+01
   0.399812745355026E+00  0.125094482062324E+01 -0.199339915471554E+01
   0.115443368055436E+01  0.481502405538494E+00 -0.208737906897309E+01
   0.206902307525356E+01  0.366211545169804E+00 -0.283579552737852E+01
   0.280018687505767E+01  0.131451424414871E+01 -0.288544171957271E+01
   0.211298735532313E+01  0.131340154004444E+01 -0.199559206937653E+01
   0.289129156553167E+01  0.431919748943171E+00 -0.218321173766211E+01
  -0.284464172752764E+01  0.200771839331203E+01 -0.287035512054423E+01
  -0.189204621174664E+01  0.274625915647249E+01 -0.307751673421024E+01
  -0.274209170503210E+01  0.280903744192062E+01 -0.222487109845477E+01
  -0.201604084978930E+01  0.194241382980602E+01 -0.208239184990232E+01
  -0.108399324917504E+01  0.203350549598075E+01 -0.284004122583665E+01
  -0.353661877165418E+00  0.295397679472807E+01 -0.278897097624435E+01
  -0.121554932362620E+01  0.270651198961644E+01 -0.199399940618878E+01
  -0.416303938648326E+00  0.201993116495249E+01 -0.213678505013626E+01
   0.467000337172191E+00  0.205484145457170E+01 -0.276279609002178E+01
   0.111193627213288E+01  0.303961071707469E+01 -0.278325615641150E+01
   0.394224889242499E+00  0.276275435110675E+01 -0.175941722693028E+01
   0.123206505531979E+01  0.221682797460485E+01 -0.196520280707591E+01
   0.202494196187220E+01  0.220166612057468E+01 -0.284060865857081E+01
   0.292093492802727E+01  0.278337356790826E+01 -0.283814824908583E+01
   0.205527923873784E+01  0.276815543954337E+01 -0.197097618492824E+01
   0.291459509951634E+01  0.195059432571476E+01 -0.198799841184157E+01
  -0.288354458491364E+01 -0.289899831594262E+01 -0.131956173535701E+01
  -0.207918371727903E+01 -0.191171147551848E+01 -0.126713015865214E+01
  -0.278896856458344E+01 -0.190296301986034E+01 -0.554750183312546E+00
  -0.203321838929545E+01 -0.286460129972388E+01 -0.552884938654616E+00
  -0.125489273494370E+01 -0.282052354228482E+01 -0.126201559051475E+01
  -0.558638899022643E+00 -0.206638036046535E+01 -0.119789044185365E+01
  -0.128730266061193E+01 -0.199145322674667E+01 -0.372968882869818E+00
  -0.527940378267372E+00 -0.283712293006205E+01 -0.524682154329841E+00
   0.387884217513031E+00 -0.276424850775234E+01 -0.117671328330972E+01
   0.124456913458432E+01 -0.211344742790984E+01 -0.126926026492553E+01
   0.672063497883268E+00 -0.204266205693638E+01 -0.383176130793886E+00
   0.128122738131678E+01 -0.288109305381553E+01 -0.322142522321398E+00
   0.223164645178845E+01 -0.288480245530982E+01 -0.122932880173814E+01
   0.283421305293140E+01 -0.197347081806677E+01 -0.126369616448834E+01
   0.202043587324338E+01 -0.196151887845440E+01 -0.183886740870967E+00
   0.302631058711659E+01 -0.267538758343695E+01 -0.463393250264921E+00
  -0.281577765481042E+01 -0.101075885347558E+01 -0.131264549010695E+01
  -0.192038081009027E+01 -0.492938164016008E+00 -0.126718638739765E+01
  -0.282728867998266E+01 -0.400841222261994E+00 -0.338557024869667E+00
  -0.191909719318242E+01 -0.120044134180468E+01 -0.480668016614692E+00
  -0.123155044977732E+01 -0.126003434814646E+01 -0.123001093755479E+01
  -0.328250186306309E+00 -0.419496153940217E+00 -0.134248551300431E+01
  -0.103620113198860E+01 -0.512905597832985E+00 -0.520823420276413E+00
  -0.381009199126033E+00 -0.130991344567081E+01 -0.387491184034118E+00
   0.557110035012301E+00 -0.111535934890371E+01 -0.118796383498570E+01
   0.116129852010390E+01 -0.316453968077588E+00 -0.123136480968441E+01
   0.326230715774087E+00 -0.465889103300254E+00 -0.323661656645345E+00
   0.125721027020194E+01 -0.123933522137438E+01 -0.319401857395137E+00
   0.193078704445429E+01 -0.127742307887179E+01 -0.110808713630479E+01
   0.288790158870763E+01 -0.535555862427917E+00 -0.112614922131248E+01
   0.209466360695547E+01 -0.451361761377709E+00 -0.408643064436125E+00
   0.301166815463285E+01 -0.126801574098747E+01 -0.255217011043633E+00
  -0.310048459373196E+01  0.378338586631472E+00 -0.119786631926104E+01
  -0.172656262873536E+01  0.128084001426206E+01 -0.126833891502211E+01
  -0.303967724224028E+01  0.117423893539871E+01 -0.385647618106415E+00
  -0.220116387529812E+01  0.515601050511932E+00 -0.569198960415149E+00
  -0.121298042790798E+01  0.330505193360928E+00 -0.140621065759051E+01
  -0.571730911373901E+00  0.124292376982954E+01 -0.123516770999154E+01
  -0.132108705018099E+01  0.114191917548247E+01 -0.348410693851732E+00
  -0.453836195826094E+00  0.455032308468573E+00 -0.482557770200254E+00
   0.341369804011160E+00  0.465970698196424E+00 -0.123335395586942E+01
   0.130085960724017E+01  0.132101196654632E+01 -0.127152212879607E+01
   0.438643511093587E+00  0.120024434291773E+01 -0.594196877346087E+00
   0.122582701078719E+01  0.409922895576648E+00 -0.475498798574651E+00
   0.204322859662892E+01  0.551098764856125E+00 -0.115597660536756E+01
   0.285243461380212E+01  0.140917968841804E+01 -0.113562061653954E+01
   0.200379330013916E+01  0.132955276899155E+01 -0.464698297844616E+00
   0.287250393227915E+01  0.278179718085513E+00 -0.246511186468709E+00
  -0.276978181801127E+01  0.202704503789225E+01 -0.132330895906437E+01
  -0.208406605962653E+01  0.296003976928327E+01 -0.128518462965633E+01
  -0.276653289755683E+01  0.275946624777436E+01 -0.433920724384165E+00
  -0.201954698462508E+01  0.191602013129325E+01 -0.500430972566410E+00
  -0.115155618783718E+01  0.211155416864940E+01 -0.115925709042427E+01
  -0.453956283131274E+00  0.296482375484815E+01 -0.121169029471256E+01
  -0.127818219656980E+01  0.292424110017309E+01 -0.571317150001139E+00
  -0.505399605448587E+00  0.209134753797978E+01 -0.211496169883221E+00
   0.139448508658944E+00  0.199047362855738E+01 -0.118678808610068E+01
   0.134050801255482E+01  0.296914141401773E+01 -0.111527783183708E+01
   0.299296599871165E+00  0.296690112071426E+01 -0.272770023722416E+00
   0.117486112221660E+01  0.201226246046800E+01 -0.506719670100742E+00
   0.209318853119713E+01  0.216965418596153E+01 -0.108785224605092E+01
   0.300795693941093E+01  0.269436664466253E+01 -0.125237732855627E+01
   0.225950349183715E+01  0.316403513395761E+01 -0.402523504984152E+00
   0.294637700292951E+01  0.219958132192678E+01 -0.345606978904389E+00
  -0.270784653342388E+01 -0.281205177797160E+01  0.393591426569414E+00
  -0.207413760644215E+01 -0.191990241265300E+01  0.468877061925042E+00
  -0.292614050612767E+01 -0.213271879675105E+01  0.133568073986467E+01
  -0.201415762124333E+01 -0.279236716803267E+01  0.118332600595582E+01
  -0.130528150491075E+01 -0.277149924015836E+01  0.417442672507652E+00
  -0.475092455888849E+00 -0.215611061526722E+01  0.251451189328504E+00
  -0.110028222796508E+01 -0.198210237079298E+01  0.116547953831510E+01
  -0.443487060693057E+00 -0.293303742629987E+01  0.122804215102564E+01
   0.408665061505177E+00 -0.276412765648067E+01  0.285462074038936E+00
   0.122839538910012E+01 -0.213446148691365E+01  0.545142424288178E+00
   0.200204781756856E+00 -0.208046058270638E+01  0.115516455368486E+01
   0.865370223587108E+00 -0.285323942904866E+01  0.125398123279076E+01
   0.201471499024563E+01 -0.281648183138801E+01  0.523988705924701E+00
   0.306552725704219E+01 -0.213148816073658E+01  0.401768709803767E+00
   0.170952917669938E+01 -0.235712721990403E+01  0.143882361932022E+01
   0.273732901338591E+01 -0.278020116018231E+01  0.124737777840415E+01
  -0.298298752182861E+01 -0.125331450963654E+01  0.600043397472294E+00
  -0.214736074342796E+01 -0.561339776705849E+00  0.583516886852481E+00
  -0.307109308215190E+01 -0.404079771213983E+00  0.132010314878702E+01
  -0.192647832809550E+01 -0.128091492941438E+01  0.134393216956202E+01
  -0.113599747364769E+01 -0.114486749476597E+01  0.376263131209442E+00
  -0.430453144574680E+00 -0.384896914396122E+00  0.365457386984916E+00
  -0.123142175622801E+01 -0.408257527739012E+00  0.121070890157423E+01
  -0.251006396039618E+00 -0.998179736642325E+00  0.124020837429051E+01
   0.462331824079928E+00 -0.137054374657429E+01  0.435470817793118E+00
   0.119538793822339E+01 -0.256981951129011E+00  0.332976372718970E+00
   0.607918205648236E+00 -0.331278858874400E+00  0.117857910306893E+01
   0.109137109374008E+01 -0.126519759402075E+01  0.131077905339318E+01
   0.206244769069456E+01 -0.102197412515260E+01  0.519050032961265E+00
   0.289593554779884E+01 -0.376388567086885E+00  0.495855975417690E+00
   0.187367941251988E+01 -0.268794681360685E+00  0.118587633459613E+01
   0.274478649548247E+01 -0.133672155944613E+01  0.138739310107624E+01
  -0.290138937079546E+01  0.345915874747510E+00  0.396784753375191E+00
  -0.209325323897328E+01  0.104615336005255E+01  0.346435194691614E+00
  -0.284964033090595E+01  0.110275395259720E+01  0.106937041248832E+01
  -0.211270288342832E+01  0.269294500071320E+00  0.117487636762925E+01
  -0.127004764499442E+01  0.306157709990600E+00  0.318074083475522E+00
  -0.396505180079921E+00  0.103433825841825E+01  0.354911279713932E+00
  -0.142415715304616E+01  0.112497828258301E+01  0.121279689648701E+01
  -0.362370841778082E+00  0.378704244109371E+00  0.121868811127549E+01
   0.470607316740983E+00  0.506950928013444E+00  0.284793188529745E+00
   0.120708793050565E+01  0.118788609284109E+01  0.410487660393136E+00
   0.370465657495852E+00  0.120115289437573E+01  0.106801369918356E+01
   0.120616508781416E+01  0.598143193306870E+00  0.126150080386341E+01
   0.199849231655187E+01  0.487686283487524E+00  0.393585028249030E+00
   0.270523792268930E+01  0.122921247086174E+01  0.331945010521924E+00
   0.207544499851139E+01  0.144851483515526E+01  0.123703848718967E+01
   0.265566403584819E+01  0.433851773483084E+00  0.123036707816156E+01
  -0.283694313497526E+01  0.201268187901867E+01  0.355818168656011E+00
  -0.201302081104000E+01  0.280771206781807E+01  0.301650881866444E+00
  -0.284532867490919E+01  0.294029860671500E+01  0.114245724668176E+01
  -0.219184746561251E+01  0.197380630295900E+01  0.119772257783115E+01
  -0.145468135468753E+01  0.192169199639449E+01  0.486123001245369E+00
  -0.588515642530915E+00  0.306741046947531E+01  0.315734182196962E+00
  -0.132435589244191E+01  0.271405204988228E+01  0.121232117806540E+01
  -0.517535080977026E+00  0.192165991665953E+01  0.117337873019318E+01
   0.447807669948331E+00  0.201223795031448E+01  0.354753505566613E+00
   0.114082674553002E+01  0.285452487051089E+01  0.403792190537430E+00
   0.288970455193597E+00  0.286361746408245E+01  0.105034894021879E+01
   0.118976351734469E+01  0.217647653435355E+01  0.118881738954674E+01
   0.192578255774518E+01  0.211346588618139E+01  0.337989228233043E+00
   0.297151707418087E+01  0.302462930577377E+01  0.410261238895665E+00
   0.208303077552567E+01  0.297156790905621E+01  0.123693084074560E+01
   0.280580491068253E+01  0.211916062391694E+01  0.915028174391813E+00
  -0.276679658375421E+01 -0.294780533970339E+01  0.215604689254347E+01
  -0.193492676924469E+01 -0.215122993379749E+01  0.202026431397481E+01
  -0.290676342268838E+01 -0.205041268058835E+01  0.282534284288738E+01
  -0.187837444883998E+01 -0.302270679984847E+01  0.292093329429063E+01
  -0.121474513123689E+01 -0.304060018067222E+01  0.206877899549954E+01
  -0.563704747901980E+00 -0.214187717692061E+01  0.213614471447931E+01
  -0.123748366239307E+01 -0.200478960826889E+01  0.294449288975229E+01
  -0.570191663468158E+00 -0.300177516570072E+01  0.288164566740359E+01
   0.377215874756703E+00 -0.290519477242055E+01  0.213821806204271E+01
   0.976133207175405E+00 -0.204063982911260E+01  0.208962489869653E+01
   0.449496585718462E+00 -0.199921698315851E+01  0.302210839968696E+01
   0.114145883283934E+01 -0.288975227983051E+01  0.296492651457325E+01
   0.216849349779719E+01 -0.299951274054298E+01  0.215739332850083E+01
   0.284220229868799E+01 -0.212487909987918E+01  0.215559588280140E+01
   0.214646634076253E+01 -0.227741892289569E+01  0.296414176056903E+01
   0.296071916590843E+01 -0.294811612672628E+01  0.295036927347425E+01
  -0.291267127427754E+01 -0.135274383054642E+01  0.203085528980867E+01
  -0.195175137559296E+01 -0.370805576394231E+00  0.196019784267588E+01
  -0.298796452852419E+01 -0.169440028231145E+00  0.270151806100949E+01
  -0.205223507150664E+01 -0.120904605127310E+01  0.278076436822408E+01
  -0.101223282317421E+01 -0.113400325066343E+01  0.191096994250765E+01
  -0.276276492882489E+00 -0.264269965343888E+00  0.209934055316464E+01
  -0.106387367084592E+01 -0.408306260054720E+00  0.285677952144467E+01
  -0.367017799303653E+00 -0.126242875724047E+01  0.276587802071538E+01
   0.403120355136766E+00 -0.106005404588953E+01  0.208512621641781E+01
   0.119312615245832E+01 -0.466437674774145E+00  0.212384381607471E+01
   0.438941658098051E+00 -0.403713215674801E+00  0.289789635352532E+01
   0.135178008201702E+01 -0.141672628551632E+01  0.298964938973879E+01
   0.188424381704480E+01 -0.149340874497705E+01  0.204873775202868E+01
   0.272703517506646E+01 -0.221980511370344E+00  0.212890579569315E+01
   0.200702303692311E+01 -0.477551332323577E+00  0.285892803039037E+01
   0.271327867594194E+01 -0.127002085453559E+01  0.279930229818725E+01
  -0.301765046858628E+01  0.672475261683919E+00  0.193362741634602E+01
  -0.202415483741605E+01  0.113164896184712E+01  0.209306504117514E+01
  -0.296120017728764E+01  0.125516970528866E+01  0.294708231804118E+01
  -0.182696700697367E+01  0.301878612021949E+00  0.293224853095024E+01
  -0.112776966226558E+01  0.452414064090086E+00  0.204199328239126E+01
  -0.468060741481243E+00  0.126112814743883E+01  0.205002202644311E+01
  -0.122069639958918E+01  0.115189314492346E+01  0.288891356554525E+01
  -0.362678666556445E+00  0.493342859048781E+00  0.281738725454571E+01
   0.642582232204441E+00  0.384322611905471E+00  0.215524063859762E+01
   0.110014172235875E+01  0.140343484848254E+01  0.200328457751601E+01
   0.415133143732315E+00  0.125837983123924E+01  0.293702100312433E+01
   0.129854149624224E+01  0.277749271108853E+00  0.292317682406677E+01
   0.190418345258269E+01  0.429486491529881E+00  0.208660325428451E+01
   0.275945914168476E+01  0.135443508522413E+01  0.203140739615294E+01
   0.201706853137590E+01  0.126273651290645E+01  0.287324930082582E+01
   0.287526160099490E+01  0.528622122851332E+00  0.290362454421498E+01
  -0.295139253969401E+01  0.203624774585571E+01  0.191305694684362E+01
  -0.201493355785852E+01  0.281821442375946E+01  0.203878633750494E+01
  -0.300354531320048E+01  0.273876178506380E+01  0.286421128364961E+01
  -0.205246379894832E+01  0.192025940259515E+01  0.285319575631474E+01
  -0.142295483200279E+01  0.198243584839680E+01  0.201132525545316E+01
  -0.328879639952822E+00  0.290757005775976E+01  0.194783768719999E+01
  -0.120797657634659E+01  0.267611980182135E+01  0.273991914241903E+01
  -0.330752320812379E+00  0.210406761240200E+01  0.292726015962428E+01
   0.410594654911486E+00  0.219860450223962E+01  0.195433588688670E+01
   0.125598068568582E+01  0.300753277168448E+01  0.197790217463709E+01
   0.317924306508721E+00  0.296123419486721E+01  0.288500960872081E+01
   0.124302206232987E+01  0.223663007493749E+01  0.282314082388718E+01
   0.208377435450945E+01  0.221213193449388E+01  0.195780586630981E+01
   0.300406220020002E+01  0.280933853818675E+01  0.188558858980250E+01
   0.196248214515681E+01  0.298155291056926E+01  0.304324833000656E+01
   0.282564494215985E+01  0.208707161431360E+01  0.280722081114100E+01
% -0.919345549612973E+00  0.113908574879131E+01 -0.210710447598262E-01
%  0.676067106266503E+00  0.653609404301934E+00 -0.821069035181871E-01
%  0.912331531064975E+00 -0.426452211665920E+00 -0.140725856919971E+01
% -0.143447305595277E+01  0.922432065658439E+00  0.145934059538604E+00
% -0.334334974499401E+00  0.656409795399355E-01 -0.236678578946995E+00
%  0.177330246907300E+00 -0.968332444850651E+00  0.637923492944214E+00
% -0.100591092153174E+00  0.939227898878000E+00 -0.973464851410368E+00
%  0.239546698218938E+00  0.390348329642530E+00  0.198867935583765E+00
% -0.885005038512293E-01 -0.829139374111985E+00  0.677188095267796E-01
%  0.894223465902270E+00 -0.106628621892302E+00  0.127124065618048E+01
% -0.920070660733600E+00  0.575254348809244E+00  0.308715344248026E+00
% -0.428414005782462E+00  0.138441613218887E+00  0.171699495384407E+00
%  0.362279818329556E-01 -0.337881529363366E+00  0.656348847109788E+00
%  0.153509990559090E+01 -0.620978870405787E+00  0.554879084319178E+00
% -0.123820938297670E+01  0.810648706690530E+00 -0.914864768322320E+00
% -0.421207227284891E+00 -0.370156710622529E+00  0.576531449147309E+00
% -0.836718244769952E+00 -0.169821795418944E+00  0.738903986990021E+00
%  0.622792055740805E+00  0.120771164210114E+00  0.247607752529281E+00
%  0.161644512127426E+01  0.374808909485025E+00  0.771898724400779E+00
%  0.266890692509645E+01  0.804269258087851E+00  0.120007869713376E+01
% -0.310493961382830E+00  0.300412451282870E+00  0.343326488905911E+00
%  0.239854007552305E+00 -0.716297032728711E+00 -0.307537624938281E+00
% -0.105819762837258E+01  0.116454107724838E+01 -0.124493151826881E+01
%  0.468605369349993E+00 -0.167122896161534E-01 -0.285694722805722E-01
% -0.933006983872370E+00  0.589278275084989E-01  0.116152791648401E+01
% -0.700206583434632E+00 -0.886036651360569E-01 -0.312320782635883E+00
% -0.625754364521392E+00 -0.503861553144686E+00  0.800998541002874E+00
% -0.821028244572229E+00  0.116833202548687E+01 -0.110663815494771E+00
% -0.890995303623676E+00 -0.426735702077239E+00 -0.265405624487999E-01
% -0.111714546975109E+00  0.273577198524009E-01  0.652378358138163E+00
% -0.876101133221770E+00  0.113112585800074E+01  0.201276556875819E+01
%  0.113824189056312E+01  0.813710375146706E+00  0.196992172888950E+00
% -0.300698429083110E+00  0.130166306668662E+01 -0.146205248231593E+01
%  0.437624294305844E+00 -0.102102875390859E+01  0.119155338351466E+01
% -0.428340416445718E+00 -0.334642387645157E-01  0.417255764244956E+00
%  0.240596456928529E+00  0.336505194912936E+00 -0.855528245969032E+00
%  0.104906113692152E+01 -0.119068829309415E+01 -0.728526549918810E+00
%  0.359620063773267E+00 -0.505882682077648E+00  0.468164900417477E+00
%  0.827646018802963E+00  0.530897002739017E+00 -0.679843560424457E-01
% -0.399688605789079E+00 -0.948688253597444E-01 -0.147554966931297E+00
% -0.494326912771310E+00  0.110205140847663E+01  0.745122165716643E+00
%  0.187318788666337E+01 -0.241973450207966E+00 -0.511985272111405E+00
%  0.160866407478156E+00 -0.838699106878347E+00  0.684358852512432E+00
%  0.874064637182426E-01 -0.149308823588237E+01  0.708727986547688E-01
%  0.562432572731501E+00 -0.265520512319764E+00  0.175094811638889E+00
% -0.224386622827405E+00 -0.549860480438430E+00  0.884568916661996E+00
% -0.979102789655382E+00  0.822624404056357E-01  0.891182484437526E+00
% -0.113164096902635E+01 -0.366950465098053E+00  0.963173330000911E+00
%  0.978608721276801E+00  0.291473456346753E+00 -0.853898370491848E+00
%  0.669404760300463E+00  0.384030162707183E-01  0.422423590245872E+00
% -0.625303195107303E+00  0.678269668690923E+00 -0.524149503938496E+00
%  0.254797551901622E+00  0.478641498050937E+00 -0.125348113927048E+01
%  0.408762118659760E+00 -0.196686913564778E+00 -0.773683261084177E+00
%  0.113359357907821E+01  0.403446239815650E+00  0.136172145319652E+00
%  0.440793731686877E+00  0.111752402105181E+01 -0.222066024069336E+00
%  0.881424516688912E+00 -0.127398526089536E+01  0.781875415450409E+00
%  0.127351709605695E+00 -0.207137711560967E+01 -0.840087616240459E+00
%  0.841554959934665E-01  0.138799126397768E+01 -0.699495321576294E+00
%  0.932299188974865E-03 -0.178934113782993E+00 -0.846188507965038E+00
% -0.235444897168986E+00 -0.159024959199360E+01  0.188560443103496E+00
%  0.399797420444473E+00 -0.147745387854506E+01  0.123738179604380E+00
%  0.205325059760281E+00  0.130460545754468E+01  0.802401746584851E+00
%  0.573128880246718E+00  0.118891830680643E+01 -0.263086649549956E-01
% -0.216272345941963E+00  0.218434765768809E+01  0.639768454221694E+00
% -0.536768814892639E+00  0.203572695051625E+00 -0.907124959010296E-01
% -0.153309122297154E+01  0.953570396494188E+00 -0.104588058264460E+01
% -0.482399921353551E-01  0.947254898119533E+00 -0.441815924607236E+00
%  0.287352859855552E+00 -0.484256608182039E+00  0.260139005902099E+00
%  0.502621714736574E-01 -0.397457577768130E+00  0.145811515929455E+00
%  0.107566361884398E+01  0.172641862531982E+00  0.295431475284355E+00
%  0.997603693814117E+00 -0.327668422634525E+00 -0.449965529943487E-01
% -0.161984431933432E+01  0.137825010095497E+01  0.431994748256290E+00
% -0.168275799520302E+00  0.584194271926123E+00 -0.362823063081199E+00
%  0.109822284183749E+01 -0.509881799929631E+00 -0.621265663248197E+00
% -0.165342398091190E+01  0.525382652760099E+00  0.354772145574452E+00
%  0.632499273557519E+00 -0.313869739449092E+00  0.199000423637721E+01
% -0.838416225948769E+00 -0.603332748142546E-01  0.292362267137033E+00
%  0.763172034704109E+00  0.648944999799001E+00  0.932021592098432E+00
% -0.405688412817926E+00 -0.159178466414509E+00 -0.729978712841863E+00
% -0.130970130840864E+01 -0.122520586533606E+01  0.174066018386779E+00
% -0.267064357254256E+00  0.547863555157129E+00  0.139568518949561E+01
% -0.131041892652181E+00  0.123402446262807E+01  0.376155728805600E+00
%  0.765386399072168E+00  0.187232922637881E+01 -0.388944045386333E+00
%  0.973190532185767E+00  0.204132152273728E+01  0.122984397087926E+00
%  0.547019890945158E-01 -0.182865707728779E+01  0.663672982285955E+00
%  0.176471834969589E+00  0.170005748087162E+00 -0.599515969798770E+00
% -0.390101676712018E-01 -0.603491207451918E+00 -0.206868537771703E+00
% -0.141435419789756E-01  0.196895103213715E+00 -0.221483865718702E-01
%  0.389546328232240E+00 -0.110413707153629E+01  0.100053657811766E+01
%  0.186978788072873E+01 -0.125950655387247E+00 -0.301396905885516E+00
%  0.118123479430489E+01 -0.705025966127504E+00  0.454859616712218E+00
% -0.120669769232089E+01 -0.421681638005519E+00  0.242901693942388E+00
%  0.395842239300035E+00  0.354676244228074E+00  0.753850391498789E+00
% -0.734651844193673E+00 -0.785632654931166E+00 -0.718101863276354E+00
% -0.220813218888740E-01 -0.438688958069598E+00 -0.587452542967864E-01
%  0.360493284255404E-01  0.112881925131950E+01 -0.778897018138867E+00
%  0.661851793213059E+00 -0.822984644624268E+00  0.569975103302269E-01
%  0.359465508145357E+00  0.204074146560047E-01 -0.939699418479287E+00
%  0.553467841026190E+00  0.120159750062209E+01  0.391429463580362E-01
% -0.218695172187174E+00 -0.915560985439661E+00  0.131880197022641E+01
% -0.102661941891946E+01 -0.586916308274538E+00  0.485327258110947E+00
%  0.992220926727522E-01 -0.331015464057228E+00  0.747149927335521E+00
% -0.209886491412299E+01 -0.817214017080479E-01 -0.169670812381712E+01
% -0.217833574890088E+01 -0.117152427923058E+01 -0.770006424517300E+00
%  0.561192493385465E+00  0.728590104224078E+00  0.289622540714158E+00
% -0.460030454493005E+00 -0.118834944228402E+01  0.900850065541223E+00
% -0.666705920394061E+00  0.635922093917418E+00 -0.558227048783470E+00
%  0.250690941277086E+00  0.602709326198940E+00 -0.145844574217178E+01
%  0.304099188974420E+00 -0.134688945251485E+01 -0.137465620614898E+01
% -0.451256050182076E+00 -0.578711894827756E+00  0.950815569241930E+00
%  0.100254777377641E+01 -0.337126749004768E+00  0.957587041385904E+00
%  0.167082900746815E-01  0.624825509163032E+00  0.247522472153138E+00
% -0.689160892293671E+00  0.784849147990598E-02 -0.158998898118737E+00
% -0.477404605510723E+00  0.581267244742602E+00 -0.416817627187292E+00
%  0.234834217931515E+01  0.115527887986226E+01  0.104848683847563E+01
% -0.258709673619121E+00 -0.143423189476787E+01 -0.470498859671334E-01
% -0.789053489528183E+00 -0.127688238266134E+01 -0.294194964217600E+00
% -0.823915209935854E+00 -0.536880959083496E+00 -0.313919061678180E+00
% -0.502667267235710E+00 -0.743949110472711E+00  0.809789047780867E+00
%  0.159525102590707E+01 -0.150038209455345E+01  0.130591729211271E+01
%  0.943732657837930E+00 -0.675124624455492E+00  0.818014216890203E+00
% -0.823976514966881E+00 -0.108141419751673E+01 -0.423668929563102E+00
%  0.714592194166389E+00  0.770650382878101E+00  0.116255550048803E+01
%  0.229582955994365E+00  0.322894759691633E-02 -0.982068269929476E+00
% -0.127401859445148E+01  0.459034940309539E+00  0.332246403510317E+00
%  0.715839369300860E+00  0.102394217077131E+01 -0.172883965932065E+01
%  0.385774986933054E+00 -0.282816267058310E-01 -0.921910303255006E+00
% -0.625293662689556E-01  0.719417138936405E+00  0.619546735385583E+00
% -0.731367995077299E+00 -0.368848996011424E+00  0.394668321232378E+00
% -0.532311919372624E+00 -0.117165750600097E+01 -0.132998534005595E+01
%  0.239649924437600E+00 -0.167384172660763E+00  0.262880491272812E+00
%  0.970810140161165E+00 -0.130576803491960E+01 -0.453107426398942E+00
% -0.126751779968713E-01  0.154307398558356E+01  0.104540489782933E+01
% -0.905248553221428E+00  0.151802257186034E+01 -0.813450032616668E+00
%  0.121605825111479E+01 -0.211964097874363E+00 -0.135796808785281E+01
% -0.401312385217579E+00 -0.835757777314147E-01  0.192405960365188E+00
% -0.308665256190799E+00  0.432515752348351E+00 -0.522531342938800E+00
% -0.612095373850734E+00 -0.185583450632803E-01  0.215488835494726E+00
%  0.158869962770493E+00 -0.173651066075701E+01 -0.268769380564052E+00
%  0.593965839177177E+00  0.341187252434996E+00 -0.107765048406896E+01
% -0.192071623286519E+00  0.749364176295397E+00  0.366110138566130E-01
% -0.442805309042927E+00 -0.446781335737965E+00 -0.504638606917422E+00
%  0.105263348773526E+01 -0.794781030819548E+00 -0.343394323691577E+00
%  0.900839934897047E+00 -0.483272043642508E+00 -0.350043668706649E+00
%  0.565861656935897E+00 -0.145895051421229E+01  0.677621190062856E+00
% -0.187720717229761E+00 -0.371226158557098E+00 -0.179424142136361E+01
%  0.767741173897266E-01  0.307491484440574E+00  0.983008299102672E+00
% -0.533912041079940E-01 -0.126253029054924E+01  0.522568396071450E+00
%  0.747136771220861E+00  0.348735449571720E-01  0.141990167011347E+00
% -0.909904763270570E+00  0.187666863897331E+00 -0.147122464680644E+00
% -0.101230102556778E+00 -0.344450749508379E+00 -0.154121875466936E+01
%  0.927723617687713E-01 -0.276100732761765E+00 -0.149009115901167E+01
% -0.205226067368061E+00 -0.579649206889651E+00  0.140263552183353E+01
% -0.123340085952821E+01  0.119492313658946E+01 -0.244378196911602E+00
% -0.160580729538934E+00  0.171530553745958E+01  0.114139820515845E+01
% -0.477074297853619E-01 -0.481124036445609E+00  0.360818381521955E-01
%  0.146126896016264E+01  0.257834552698981E+00 -0.221430794792787E+00
%  0.500662265385401E+00 -0.174486045700345E+01  0.219513788549387E+01
% -0.121838559659666E+01  0.416084779505269E-01  0.232619012699193E+00
%  0.513598148535562E+00  0.967226692841549E+00  0.168022330630256E+01
% -0.467398113056895E+00  0.183998265266506E+00 -0.303033975841537E+00
%  0.103389812076200E+01  0.144120127722024E-01  0.273485817201040E+00
% -0.831628122323834E+00  0.111620905682509E+01 -0.703631282628447E+00
% -0.167543759579060E+00 -0.128895043311087E+01  0.137146538580970E+01
% -0.268885612035502E+00 -0.813077321839857E+00 -0.328740921443534E+00
% -0.516551848289728E+00 -0.319351271463929E+00 -0.748160733351974E+00
% -0.670416355251750E-01 -0.942348196467712E+00  0.863253960692708E+00
%  0.418203068756134E+00  0.330464692128090E+00  0.751193772657408E+00
% -0.517806877026415E+00 -0.112284987693167E+01 -0.106504512398949E+00
% -0.372760527403203E-01 -0.361830811332769E+00  0.278399850974225E+00
%  0.125094245183174E+01  0.486588500437140E-01  0.932516607849990E+00
%  0.123733812935228E+01  0.595283413131920E+00  0.255562098003356E-01
%  0.113888701479358E+01  0.156007365978790E+01 -0.326191404001031E-01
% -0.409297650430854E+00  0.717186630944397E-01  0.466212859783342E+00
% -0.150381648821223E+01 -0.125526498267601E+01 -0.184768361504040E+00
% -0.777279050528733E+00  0.165415017594597E+01 -0.335718628998017E+00
% -0.477111509883558E+00 -0.504100053655578E-01 -0.200236975033127E+01
% -0.320160166383704E+00  0.830518149133398E-01  0.498126200267170E+00
% -0.235244745249307E+00 -0.782456724539210E+00 -0.353247324715851E+00
% -0.921230453177913E+00 -0.620143148203800E+00  0.847695303047939E-01
% -0.614688806313958E+00  0.831443805865991E+00  0.129827929171572E+01
%  0.126205508366124E+01 -0.681422923900549E+00 -0.831178749857305E+00
% -0.342399463185515E+00  0.155097351790680E+00 -0.170883486206332E+00
% -0.513321667169545E+00 -0.137050576820768E+01  0.581875152799021E+00
%  0.580199857553416E+00 -0.361339353989814E-01 -0.132544077041096E+01
%  0.274776220941371E+00 -0.369874008720971E+00 -0.124422661304186E+01
% -0.337760949645556E+00  0.107309950728112E+01  0.104879414140727E+01
%  0.118598556388135E+00  0.953970541326254E+00 -0.160488721398266E+01
% -0.661222407832032E+00  0.675071947634400E+00  0.271510600580012E-01
%  0.647314832854982E-01  0.359029999054801E+00 -0.157555312850769E+00
% -0.869965812033525E+00  0.196807878093818E+01 -0.787036465378269E+00
% -0.384377666208994E+00  0.692017867338181E+00 -0.164171457908816E+01
%  0.936816456002029E+00  0.106403003327240E+00  0.212326403311259E+01
% -0.212372896869569E+00  0.989492653228469E+00  0.140349436884504E+01
%  0.175424472678335E+00  0.836850279518590E+00  0.528907429316052E-01
% -0.221817929144950E+00 -0.392220956764781E+00 -0.901569848530980E+00
% -0.171406394496555E+01  0.111292948375772E+01 -0.130871942518056E+01
% -0.401439381587950E+00  0.758434011107435E+00 -0.726232049037319E+00
%  0.156709995229551E+00  0.148425956958591E+01  0.487815350175532E+00
%  0.462670622712616E+00 -0.462067161817113E+00  0.696142755347789E-01
%  0.162915576837026E+01 -0.138893480776464E+01  0.490841788988320E+00
%  0.261196243855046E+00  0.305115689743710E+00  0.755360630883187E+00
%  0.850499916219434E-01 -0.383100617913368E-01 -0.382285393330225E+00
% -0.670062223138877E+00 -0.219114277188503E+00  0.495532228884038E+00
%  0.392879863818328E+00 -0.205072938208865E+00  0.262827878085373E+00
%  0.104869258690827E+00 -0.251267453451150E+00 -0.333117158863571E+00
% -0.389408780331304E+00  0.250060642492781E+00 -0.488195585437223E+00
%  0.994009278302657E-01 -0.458349972441966E+00 -0.108355008848613E+01
% -0.492802489684374E+00  0.112205505979633E+01  0.981532161739144E+00
% -0.625236237122849E+00  0.369120910419624E+00 -0.323967811005762E+00
%  0.933271091309129E+00 -0.308716591004129E+00 -0.802524454140802E+00
%  0.201048953469272E+00 -0.126767188054328E+01  0.163081117705865E+01
% -0.325558673080628E+00  0.842131464817347E+00  0.114006644051359E+01
%  0.121425286449313E+01  0.108895253152585E+00 -0.124972375239308E+01
% -0.916432449242924E-01 -0.494727076441024E+00  0.178737048666054E+01
% -0.979938106930922E+00  0.161660607925739E+01 -0.102118778186477E+01
% -0.882255885817452E+00  0.577445647286085E+00 -0.322365987310953E-01
%  0.139541316393540E+00  0.463877390463874E+00  0.666819862394326E+00
% -0.150229279185415E+01 -0.170295500766818E+01  0.895167875279178E+00
% -0.141419454122262E+01  0.740478860942670E+00 -0.137786484098428E+00
% -0.785647308816222E-01  0.183240081271695E+00  0.575000954774299E+00
% -0.660892418787326E+00 -0.307806048555858E+00  0.156112642348078E+01
%  0.778863054746251E+00 -0.121973427423208E+01 -0.171906595432693E+01
% -0.787583544836737E+00  0.451587541857138E+00  0.871589073003844E+00
%  0.340092593617326E+00  0.582682156295037E+00 -0.154760096778821E+01
% -0.784441215451570E-01 -0.424319043588767E+00 -0.325792419239215E+00
% -0.246345165464820E+00 -0.690661258659579E+00  0.105566631607765E+01
% -0.357535572515969E-02 -0.608847784342711E-01 -0.900904196986086E-01
% -0.557981263845287E+00 -0.741784721205448E+00  0.164079134594704E+00
% -0.716949683133064E-02 -0.102976190899100E+01 -0.216467230177045E-01
%  0.603233576751106E+00  0.841936489230711E+00  0.682975891367217E+00
% -0.222217036178822E+00  0.168325515088751E+00 -0.185180334542032E+01
%  0.421909834975532E+00  0.113311418417803E+01 -0.630167649379675E+00
% -0.721527961490462E+00  0.422949779628648E+00 -0.428010162536672E+00
% -0.337744391556460E+00  0.717435839985492E+00 -0.771732504239425E+00
%  0.574386669993565E+00  0.164578537834526E+01 -0.806861816908398E+00
%  0.111886534836792E+01  0.908346150146744E+00 -0.537316381766976E+00
% -0.138968352472571E+01 -0.543508458780980E+00  0.132304397621824E+01
%  0.487030424260827E+00  0.146061917287733E+01 -0.883925544757483E+00
%  0.141385846422523E+01  0.451865431712300E+00 -0.301776732306671E+00
% -0.925476831162226E+00  0.274971118969124E+00  0.924990100436451E-01
%  0.214181106067561E+00 -0.796212124254711E+00 -0.289418894066947E+00
%  0.694627522306115E+00 -0.151626276253393E+01  0.488537919606305E+00
%  0.971425547272292E+00 -0.526881294550593E+00 -0.967027728674224E+00
%  0.576217854448399E-01  0.145503953685090E+01  0.805527702344209E-01
% -0.624854500652302E+00 -0.259812579960639E+00 -0.189262062380265E+01
% -0.102761905270024E+01  0.446179512123506E+00 -0.196355518226817E+00
% -0.446816926734119E+00 -0.232483844941480E+01  0.486347522143159E+00
%  0.700491570300582E-01 -0.102291473647029E+01 -0.563511593585937E+00
%  0.398304796014864E+00 -0.160109264270662E+01  0.868069102909766E-01
%  0.497740617184246E+00  0.112060384519811E+01 -0.754851771545574E+00
%  0.181138099763982E+01 -0.452473381525585E+00  0.194182571837412E+00
% -0.727564010762128E+00 -0.542123367511498E+00  0.143830089958064E+00
%  0.986830512648446E+00  0.346999406743544E+00  0.368000855516497E+00
%  0.707097964650499E+00 -0.198069007369088E+01 -0.144402500812860E+01
% -0.201947972656238E+00 -0.181801231152573E+01 -0.124698177307848E+01
%  0.431135840122811E+01 -0.204042393585599E+02  0.743240210643724E+01
%  0.998756199119243E+01  0.527316619015967E+01 -0.629956528242713E+01
% -0.110366762545524E+01  0.349671172392383E+01 -0.786129329959261E+01
% -0.665831050944702E+01  0.684204220320171E+01 -0.291180970552871E+01
%  0.155311268116601E+00  0.159673944837070E+01 -0.720155445998140E+01
% -0.208207970518849E+02 -0.277187583855455E+02 -0.197823516410527E+02
%  0.201370615084496E+01  0.431259577202092E+01 -0.297991434151071E+02
% -0.604800141144590E+01  0.303119006868357E+01 -0.213349850133450E+02
% -0.926491527853478E+01 -0.476398180458474E+01  0.176972153426006E+02
%  0.282685595512376E+01 -0.110800142116148E+02 -0.238838876862890E+02
% -0.456358275704546E+02 -0.526614017469498E+01 -0.107445617107196E+02
% -0.672146977022741E+01  0.163326676314732E+02 -0.473626345239344E+00
% -0.538088279088038E+01 -0.268933397109783E+02 -0.178281025917057E+02
% -0.138012047833576E+02  0.291512211837057E+01  0.105964938357391E+02
%  0.206513595326200E+02  0.576207418336568E+01  0.171152161179393E+02
%  0.123525804006070E+02 -0.439821326734821E+01  0.489741429126830E+01
%  0.254849118211681E+02 -0.291817370709894E+02 -0.238359249644216E+02
%  0.109700995663007E+02  0.188680457694027E+01 -0.176496719929976E+02
%  0.617602055691995E+00  0.255698947834707E+02  0.206002510787115E+02
% -0.828373609180032E+01  0.249379061435746E+02 -0.505165053352100E+01
%  0.173656273549711E+02 -0.813388883406483E+01 -0.158330039031241E+02
%  0.500105141571665E+01  0.143896152207528E+01  0.114232449135946E+02
%  0.275151783349059E+01 -0.439655359890056E+01  0.254417647320524E+01
% -0.166092450877098E+01  0.175601435885178E+02  0.167317282213947E+02
%  0.157920635731661E+02  0.236751517283274E+02  0.652947104521984E+01
% -0.251473594748804E+01 -0.135307629302880E+02  0.142441724011034E+02
% -0.933846323626381E+01 -0.424715626828803E+01  0.148268585246866E+01
% -0.843835964516216E+01  0.315511908868374E+02 -0.625585411774898E+00
% -0.122403898716591E+02 -0.845851633401088E+01  0.286988610365960E+02
% -0.191613577663464E+02  0.232830991435637E+02 -0.281849939892238E+01
% -0.305278253203654E+01 -0.145157081739751E+01  0.861946717170025E+00
% -0.310097203397440E+02 -0.280459059019987E+02  0.103403986460025E+02
%  0.206758929470336E+01  0.139894088476615E+02  0.118469753169345E+02
%  0.877007885004527E+01  0.444424038888112E+01 -0.721868555480414E+01
% -0.364429242947441E+01  0.119897362126642E+01 -0.254940953208675E+01
%  0.101835432996241E+02  0.327311951838789E+02 -0.301512267301136E+01
% -0.599406967979983E+01 -0.326180833706413E+01 -0.256126293831777E+01
% -0.923863648285423E+01  0.157343988118309E+02  0.902208795027471E+01
% -0.357992896558284E+01 -0.200454503748849E+01  0.124567347086178E+02
% -0.175839345853424E+02 -0.871829725338672E+01 -0.162410218957836E+01
%  0.141557719576668E+02 -0.100289277992305E+02 -0.989361142160558E+01
% -0.865147693568112E+01 -0.779764603104114E+01  0.325209735085666E+01
%  0.470609259180659E+01  0.118059709461666E+02 -0.148232095039064E+01
%  0.834384514711570E+01  0.328668365777697E+00  0.109154133011356E+01
% -0.472718251665836E+01  0.466882494783806E+01 -0.769538669977959E+01
% -0.941527508206792E+00  0.769732947425975E+00  0.111094779540339E+00
% -0.113863193261212E+02 -0.840340161234160E+01 -0.237651362154305E+01
%  0.673555464876452E+01 -0.575704927219297E+00  0.683940052280136E+01
% -0.477538285901633E+00 -0.905209723491209E+01 -0.312665300439363E+01
% -0.138174934921608E+02 -0.142561233158742E+02  0.356643953637371E+02
%  0.440148162104516E+00  0.991732865303100E+01  0.115195617831394E+02
%  0.384012913686208E+01  0.258980284294404E+01 -0.631703541740298E+01
% -0.297664434785416E+02  0.402912607905037E+01 -0.382049626815332E+02
% -0.153410774591661E+01 -0.831883654138463E+01  0.322187981403850E+01
% -0.406851825432604E+01  0.181103275972222E+02 -0.906223452759549E+01
%  0.282809246215342E+02 -0.563644714204873E+01  0.332728435920880E+02
%  0.746215225588719E-01  0.368560644527069E+01 -0.665199003992939E+01
%  0.210473332590729E+01 -0.190980032094406E+02 -0.174006054509861E+01
%  0.513298617145971E+01  0.299424461889959E+02 -0.229375686742055E+02
% -0.851349352961741E+01 -0.271077215007985E+02 -0.241959092415773E+01
%  0.160033441043428E+00 -0.131487759475239E+02 -0.299964684027235E+01
% -0.204207786692873E+01  0.626998486601343E+01  0.262149571755780E+01
%  0.311585829791871E+02  0.243971445586146E+02  0.265899002508104E+01
%  0.110992730269977E+02  0.178195527309626E+02 -0.241934036077025E+02
% -0.409927797594883E+00 -0.621754922813861E+00  0.307046356372772E+01
%  0.652415130759392E+01 -0.245264602347059E+02  0.115815816813645E+02
% -0.611547522584913E+01 -0.570976810308096E+01  0.139740719627189E+02
% -0.838897203277417E+01  0.102688892089806E+02  0.147640035317893E+02
% -0.131761508688439E+02 -0.166931678399925E+02 -0.770666999770724E+01
%  0.246762759168662E+02  0.157260535175239E+02  0.315756249061388E+01
% -0.185973762837858E+01 -0.124630185244240E+02 -0.680709398967096E+01
%  0.918612039738145E+01 -0.684959348700604E+01  0.156473143750493E+02
%  0.922105299096653E+01 -0.593552583705099E+01  0.114734346733162E+02
%  0.273070304851140E+02 -0.199451494872337E+01  0.299321887067174E+02
% -0.258308030280342E+02  0.104019215401143E+01 -0.131653831261036E+02
%  0.901421376880677E+01 -0.398887613476464E+01 -0.301701244229790E+01
% -0.635791984487929E+01  0.134678199869101E+02 -0.257261462880281E+02
%  0.196683309283844E+01  0.683722011316872E+01  0.188418081836116E+01
%  0.956121442589901E+01 -0.458345839371538E+01 -0.515229483964358E+01
%  0.192474859955616E+01 -0.102353211663676E+02 -0.604490334877314E+01
%  0.501973952527967E+01 -0.207220643798954E+02  0.565218494325514E+01
%  0.466339081960778E+01  0.588413960942595E+01  0.102942521402490E+02
%  0.151035234838960E+01 -0.945577277229770E+01 -0.685875086276826E+01
% -0.240017918743879E+02  0.138927660689813E+02  0.225844884201672E+02
%  0.200043359121786E+02  0.395181215515213E+00 -0.159583845211127E+02
%  0.222609610590018E+00  0.393608952253440E+01  0.279821332370270E+01
% -0.957023402562985E+01  0.177087564682504E+02  0.167714718894694E+01
%  0.110608900793018E+02 -0.422751345717996E+01 -0.640361007192118E+01
% -0.131928912538190E+02 -0.244477381559418E+02 -0.221485982715227E+01
%  0.191320611813594E+02  0.109129408424088E+02 -0.299587927681338E+01
%  0.114395448844005E+02  0.361256287130362E+01 -0.117913127344675E+02
%  0.394950826063105E+01  0.284668769931636E+02  0.959602243824995E+01
%  0.121664986978270E+02  0.929356464978026E+00 -0.902650579584561E+01
% -0.159404005303698E+02  0.615946444241099E+01 -0.111264774865457E+01
% -0.832528626245599E+01  0.383664114137973E+01  0.339278119428657E+01
% -0.185853218318922E+02  0.939491450338327E+01 -0.117718784760638E+02
% -0.121088757748261E+01 -0.237578912039163E+01  0.194249040223455E+01
% -0.177414090278886E+02 -0.183837852274883E+02 -0.256233113335220E+02
%  0.828179118577596E+01  0.341569023958581E+01  0.716056775476627E+01
%  0.408661702174886E+01 -0.824983527166087E+01 -0.591929367181739E+01
%  0.157250737611803E+01  0.481953794300172E+01  0.823605395946323E+01
% -0.189362966837639E+01 -0.140452912576273E+02 -0.354263884598641E+01
%  0.241575351668831E+02  0.684730331968668E+00  0.675650217323988E+01
%  0.464363249454890E+00 -0.148105545842862E+02 -0.106012459794953E+02
%  0.884772586713348E+01 -0.287340090651413E+02 -0.134245931745591E+02
% -0.879662790555230E+01 -0.554665709346417E+01 -0.122674011255894E+02
%  0.121482621562582E+01  0.170059689530949E+02  0.344209758428975E+02
%  0.153493013193363E+01  0.119525076977976E+02 -0.247707110692083E+00
%  0.100056730940840E+02 -0.146396469609187E+02 -0.103030973112989E+02
% -0.867858371168828E+00 -0.135986143587816E+02  0.518944952310913E+01
% -0.514486603427081E+00 -0.468013124782701E+01  0.166555323678597E+02
% -0.964513281787766E+01  0.218326825069674E+02 -0.330985878982305E+02
%  0.531742006764498E+01 -0.984068402970414E+00  0.833658705683175E+01
%  0.119445849609342E+01 -0.169569916495751E+02 -0.593353117408840E+01
%  0.307721507994194E+01  0.131488818653939E+02 -0.772724939539758E+01
% -0.107130368578125E+02  0.134123348853689E+02  0.110605154372031E+02
%  0.846670736903483E+01 -0.378825756971695E+01 -0.670703357510296E-01
% -0.349513592719154E+00 -0.120625070731942E+02  0.184529454797472E+01
% -0.689497773122236E+01  0.714586611590600E+01  0.248354943662177E+02
% -0.235726219367993E+01 -0.299098879393225E+01 -0.356285364103357E+01
%  0.729885080098427E+00 -0.708870335359054E+00  0.129592960313779E+02
% -0.369607501505238E+01 -0.824903953196500E+01  0.870805402571886E+01
%  0.550662516845688E+00 -0.147367973918822E+02 -0.183369058505353E+02
% -0.765041325894619E+01  0.135563626727072E+02  0.103012522026013E+02
% -0.459291988181081E+01  0.211454297024573E+01 -0.292942845737830E+01
% -0.231065261698782E+01  0.256592623507672E+02 -0.599988820749100E+01
% -0.522364608879014E+01 -0.278613989285242E+02  0.253376253747934E+02
% -0.171771445643418E+02 -0.153423099286200E+02  0.108553737779270E+02
% -0.130075147361859E+01 -0.791788183477173E+01 -0.989634967087932E+01
%  0.206604699879023E+01  0.224046614290841E+01 -0.420436956783295E+01
%  0.408136231613333E+01 -0.654987437872161E+01 -0.479164187933358E+01
% -0.522441928363445E-02 -0.870300125525664E+01  0.109517024756310E+02
% -0.108303328433462E+02 -0.164737680088741E+01 -0.741210282473885E+01
%  0.147611064459773E+02  0.104417818126288E+02  0.183933315514957E+02
%  0.748270229532605E+00 -0.981490491108120E+00  0.587168100898274E+00
% -0.622674325235373E+01  0.108831572109077E+02 -0.560867391065502E+01
% -0.127275252001949E+02 -0.674970229113797E+01  0.186532667059116E+02
% -0.624964097108727E+01  0.157385085105761E+02 -0.572098927599031E+01
% -0.793642676026912E+01  0.110379662187226E+02  0.951988196934637E+01
%  0.194172050059078E+01 -0.203316917421981E+02 -0.146108318614125E+02
% -0.662967303435609E+00 -0.815266085749060E+01 -0.192788933735093E+02
% -0.137468863387977E+02  0.300042439310928E+01  0.105390607831053E+02
%  0.319497290331892E+02  0.807135500725011E+01  0.490201318342382E+01
%  0.205446429792445E+02  0.383538181055767E+01  0.974200423122203E+01
%  0.112840021885071E+02  0.550064065756531E+01  0.115693718286208E+02
%  0.817018717823837E+00 -0.710982958683683E+01 -0.159697179800139E+02
%  0.115056567847888E+02  0.230616929823176E+01  0.134076549868604E+02
% -0.683496526045643E+01 -0.238746555962796E+01  0.125160325547881E+01
% -0.122839014063505E+02 -0.120918411388676E+02  0.597470874638597E+01
%  0.458690867928924E+01  0.117690834092282E+02  0.102056854032665E+02
%  0.102610162194694E+02  0.116410419344011E+02 -0.146482041381588E+02
%  0.513301725657364E+01 -0.424287618343681E+01 -0.125942306827427E+02
% -0.691882544283004E+01  0.139284640820638E+02 -0.732552194763568E+01
%  0.110674556654920E+02 -0.139778890426965E+02 -0.449701466916520E+01
% -0.119520040366140E+02  0.778963995592295E+01  0.894653063445930E+01
%  0.104752302193369E+02 -0.667468181907271E+01 -0.670654733672581E+01
% -0.537811830611549E+01 -0.202431003457368E+02 -0.882383965367327E+01
% -0.880677502620353E+01 -0.186171701182574E+02  0.844283386154168E+01
% -0.636814302646802E+01  0.273044704107648E-01  0.156516035209647E+02
%  0.289041427719036E+01  0.283815967788754E+01 -0.515829511022215E+01
%  0.734108623414314E+01 -0.668778376751774E+01  0.164490005029858E+01
% -0.287963986510509E+01  0.790872288542313E+01  0.268389086309782E+01
% -0.475245093029930E+01  0.310897883454091E+02 -0.117326748799738E+02
% -0.245988868490761E+01  0.224209444998041E+02  0.130151985111637E+01
% -0.292134829228407E+01 -0.479730454684976E+01  0.504942804089117E+01
% -0.202117464280633E+02  0.236733532366590E+02  0.632992606706424E+01
%  0.100133678047416E+02 -0.547117292562609E+00 -0.206744960897109E+01
% -0.516955704190190E+00 -0.253640774454521E+01 -0.844179562301282E-01
% -0.949431264414052E+01 -0.252392922862195E+02 -0.460504703347450E+01
%  0.167790833461070E+02  0.273873583783547E+02 -0.140935963353213E+02
% -0.626977520809829E+01  0.122115502950490E+02  0.201111236914504E+02
%  0.907643902611605E+01 -0.106134256386067E+02  0.161127662213198E+01
% -0.839577499501378E+01 -0.124140962630958E+02 -0.550299073119177E+01
%  0.149200144696350E+02  0.640336613738575E+01  0.245408929949056E+01
% -0.172718979736425E+02 -0.169519391204019E+02 -0.907800929956597E+01
%  0.132933309717290E+02  0.100269636688333E+02  0.376369829202149E+01
%  0.275459417663206E+01 -0.364159444234821E+01 -0.678847615588309E+00
%  0.213308386933413E+01  0.835785079582261E+01  0.556818141983441E+01
%  0.133799524171008E+02 -0.142528698453192E+01  0.894661846705637E-01
%  0.203010463586640E+01  0.202954310244959E+01  0.867660803722613E+01
%  0.171756364118461E+02 -0.367288573366695E+01 -0.159091135959507E+02
%  0.410196583627426E+01 -0.119012635718193E+02  0.513681764799826E+01
%  0.528225444098492E+01  0.102110769567607E+02 -0.268528344455747E+01
%  0.114441186577638E+01  0.253657490700625E+01 -0.307342730467824E+01
% -0.318457631480420E+01 -0.231829623301082E+01 -0.359267880283609E+01
%  0.769196123357182E+01  0.151949301396083E+02 -0.831192115784179E+01
% -0.534208208761749E+01 -0.667111538091601E+01 -0.178376024080781E+01
%  0.404052586573068E+01 -0.859111512279345E+01  0.684032597605202E+01
% -0.154292612649090E+01 -0.116082652168211E+01 -0.630461157483703E+01
% -0.196286909705261E+01  0.102146853111240E+02 -0.655859933241270E+01
% -0.597626061711754E+01 -0.699711359736514E+01 -0.873414465318667E+01
%  0.133610453622237E+02  0.540742329483506E+01  0.144005522489064E+02
% -0.248266223807802E+01  0.903514443008608E+00 -0.219056432601452E+01
% -0.145350098421117E+00  0.432436237025848E+01  0.897939690396317E+01
%  0.961442904885063E+01 -0.203670338493124E+01  0.401731401069121E+01
% -0.362029819337857E+01  0.268660661929211E+02 -0.119949370166414E+02
% -0.530965296015467E+01  0.675468088228047E+01 -0.167007730408542E+02
%  0.912949583224991E+01 -0.363298505576422E+01 -0.832602277115694E+01
% -0.451821787028086E+01 -0.171135315444640E+01  0.569213147054713E+01
%  0.636569270719993E+01  0.551165116932091E+01  0.664676851240225E+01
% -0.137309780069466E+02  0.904488668214237E+01  0.834168076117788E+01
% -0.881480949072834E+01  0.384169665253061E+01  0.523629674532842E+01
% -0.544552896310354E+01 -0.175378481402966E+01 -0.191264160977372E+02
%  0.110485543379695E+02  0.996945156976708E+01 -0.149652337537863E+02
%  0.182163951625481E+01 -0.472168530755176E+01  0.244451668435537E+01
%  0.337914996869172E+00 -0.481783869630985E+01 -0.807693764314870E+01
% -0.148051566705686E+02  0.150628919768349E+02 -0.497706167915713E+01
% -0.391141936287328E+01 -0.565908497064099E+01 -0.624250105432488E+01
%  0.232928468154636E+01  0.150557297283348E+02  0.924775870039599E+00
% -0.577506983694444E+01 -0.694064210487195E+01  0.228623976633814E+02
%  0.230374037148883E+02 -0.220076989084888E+02 -0.133289853657828E+02
%  0.422964553093940E+00  0.201926344831958E+00  0.169136892274221E+01
% -0.103356964795128E+02 -0.833474161535795E+01  0.201507513713596E+02
% -0.607341084343238E+01 -0.293618529871660E+01 -0.959991514346837E+01
% -0.185240547680838E+01 -0.693970405259571E+01 -0.683655677784626E+01
% -0.148304220735458E+01 -0.295248592024054E+01  0.937465951983428E+01
% -0.125882650659296E+02 -0.299276051096699E+02 -0.483973589492179E+01
%  0.370837564402422E+02 -0.138051782196128E+01 -0.564893303901868E+01
% -0.272776378488560E+01  0.145986033736469E+01  0.172716834328239E+02
% -0.331273375407523E+01  0.101424997880013E+02 -0.101765652314176E+02
%  0.798614885146073E+01  0.878457665951646E+01  0.471400248833326E+01
%  0.113025465461044E+01 -0.931941058439788E+01 -0.137786322767387E+02
%  0.235636632077413E+01 -0.182936752262330E+01 -0.389099174808080E+00
%  0.185508504156218E+02 -0.367904483900370E+01 -0.175743499147117E+02
% -0.256501051154398E+01 -0.238258632963308E+02  0.299012959201357E+02
% -0.111688702288404E+02 -0.923456694214941E+01  0.221796174646405E+01
%  0.951714268863169E+01  0.333612465500595E+01 -0.699536961603325E+01
% -0.167135078568676E+02 -0.122068512920666E+01  0.172921458311282E+01
% -0.107998276936451E+02 -0.130784931575382E+02 -0.350000093343642E+01
%  0.828758759263694E+01  0.951576952381770E+01 -0.100743840286734E+01
%  0.436044740235120E+01  0.144216176388874E+02  0.487779998623558E+01
%  0.710692009993504E+01 -0.393421277966638E+01  0.400303736821275E+01
% -0.259425662145940E+02  0.186236697218008E+02 -0.121360602300813E+02
%  0.911866681132551E+01 -0.498450134205905E+01  0.268040999238432E+01
%  0.135358476902210E+02  0.204113099032749E+01 -0.879932926581664E+01
% -0.156720214065192E+01  0.225155388725513E+02  0.147237158711716E+02
%  0.699673450221161E+00  0.921446119624164E+01 -0.540276972296831E+01
%  0.717876408978730E+00 -0.559991481633567E+01  0.252515904727109E+01
% -0.914272730878292E+00  0.952477028211281E+00 -0.296012203123740E+01
% -0.238485505939307E+02  0.442824918616470E+01  0.232063913970244E+01
%  0.135487165641348E+02 -0.219909197605452E+02  0.878136678803024E+01
% -0.216058350432485E+02  0.762189654091840E+01 -0.532279058864363E-03
%  0.301603524568955E+02  0.153688579613267E+02 -0.192632504392178E+01
% -0.792671069706007E+01 -0.187111129403231E+01  0.467719763833715E+01
%  0.207523258445498E+02 -0.178917095458035E+02 -0.154046045101441E+02
% -0.176913993349111E+02 -0.736144335900754E+01  0.105670661665618E+02
%  0.135802472747486E+02  0.647444919503135E+01  0.263530047272927E+01
%  0.317744312225631E+01 -0.728474460329171E+01 -0.105969561220741E+01
%  0.215332864579979E+01 -0.513710749780177E+01  0.432958846561234E+01
% -0.345502191766086E+01 -0.405187281068388E+01  0.410664814790057E+01
%  0.750010618737469E+01 -0.128458859469357E+02  0.715869559662859E+01
% -0.618192371468139E+01 -0.690111602599710E+01  0.264061067261644E+00
% -0.611212740764276E+01  0.663656902956495E+00  0.137906739656386E+02
% -0.236069629841030E+02  0.239203588988380E+02  0.583459535032145E+01
%  0.993365686865671E+01  0.811533635786927E+01 -0.453160655600446E+01
% -0.206487971786088E+02 -0.134579035334733E+02  0.515565808195792E+01
