% T    256  0.657656553154792E+01  0.657656553154792E+01  0.657656553154792E+01
  -0.289903821919461E+01 -0.301410851673336E+01 -0.293337099341626E+01
  -0.211190251635343E+01 -0.223136893592406E+01 -0.294126371843558E+01
  -0.289156304714267E+01 -0.210069940662746E+01 -0.222504606611924E+01
  -0.203478604113945E+01 -0.300000175225549E+01 -0.190785646072799E+01
  -0.123055393670633E+01 -0.289953090744332E+01 -0.279661470963258E+01
  -0.377211469712808E+00 -0.208094649192463E+01 -0.271455781112399E+01
  -0.125736723818059E+01 -0.211770231793081E+01 -0.210316498559965E+01
  -0.585088041847111E+00 -0.297504608927002E+01 -0.185415825714303E+01
   0.410984037023936E+00 -0.280133841254087E+01 -0.270208298337236E+01
   0.129627891195513E+01 -0.204007211695875E+01 -0.283712315612814E+01
   0.305181144990890E+00 -0.199295707412520E+01 -0.192318143166554E+01
   0.120329149332817E+01 -0.282577819171894E+01 -0.202692810638070E+01
   0.208530823261562E+01 -0.286630987907065E+01 -0.283661690866360E+01
   0.286530872926408E+01 -0.208302277681040E+01 -0.297961858922481E+01
   0.212313363590248E+01 -0.203561981584584E+01 -0.205261597892568E+01
   0.294080130397846E+01 -0.283547515382574E+01 -0.204198924231578E+01
  -0.295313354282176E+01 -0.112295474765647E+01 -0.306446841869223E+01
  -0.212012611642927E+01 -0.367996672831438E+00 -0.302534985737118E+01
  -0.294985741154938E+01 -0.424575499253872E+00 -0.222822625202027E+01
  -0.209958782729656E+01 -0.120558587880004E+01 -0.223674210662336E+01
  -0.131039478452759E+01 -0.127720102620411E+01 -0.299649695052089E+01
  -0.362405933996133E+00 -0.437745393370927E+00 -0.298213772121339E+01
  -0.130508802068114E+01 -0.370491052076761E+00 -0.207102271477944E+01
  -0.423416340816117E+00 -0.107527701105172E+01 -0.211877199899932E+01
   0.508062299373072E+00 -0.138652288978378E+01 -0.282366923118306E+01
   0.135128151617366E+01 -0.443042697393027E+00 -0.281103384889194E+01
   0.471717194046568E+00 -0.459702105930022E+00 -0.218995739741235E+01
   0.121609278329592E+01 -0.123961043743934E+01 -0.200859004477209E+01
   0.200733211577253E+01 -0.129515061462422E+01 -0.297577806311276E+01
   0.294846035440135E+01 -0.398821863906820E+00 -0.303426884959166E+01
   0.206376964742045E+01 -0.542204126958078E+00 -0.213775856266768E+01
   0.285675471632889E+01 -0.128884386734489E+01 -0.234254019831363E+01
  -0.299138055623087E+01  0.467034245228942E+00 -0.282407027115503E+01
  -0.204020871847589E+01  0.120553995296455E+01 -0.277107978547167E+01
  -0.294701304741460E+01  0.115716811649996E+01 -0.197491271441666E+01
  -0.215195155666167E+01  0.362869583253108E+00 -0.219030861845014E+01
  -0.135401387158742E+01  0.470115949059201E+00 -0.305180686819108E+01
  -0.457562726238946E+00  0.134664715497213E+01 -0.265901244875588E+01
  -0.130500142050298E+01  0.111077249364446E+01 -0.210381359180848E+01
  -0.252802136844403E+00  0.293045048548501E+00 -0.202173885000657E+01
   0.531635187659779E+00  0.586372087306386E+00 -0.274101650812974E+01
   0.134231434625262E+01  0.138552868740255E+01 -0.290374874776651E+01
   0.477566094218629E+00  0.115867631739084E+01 -0.196213282399601E+01
   0.134163980596303E+01  0.465147737329109E+00 -0.205882375454371E+01
   0.207680297250800E+01  0.536607283060140E+00 -0.284435735938507E+01
   0.283949160029974E+01  0.126189465119073E+01 -0.279427298037868E+01
   0.215919641948882E+01  0.116272188746249E+01 -0.201574472221979E+01
   0.279044558332689E+01  0.206596453680263E+00 -0.218276298080457E+01
  -0.297188647341490E+01  0.202386701291832E+01 -0.278997519216219E+01
  -0.191797672761122E+01  0.292556847500284E+01 -0.272863543208122E+01
  -0.290001417626543E+01  0.286292905337411E+01 -0.202448077399041E+01
  -0.213612455394914E+01  0.210066569626999E+01 -0.206938232192290E+01
  -0.114573318559616E+01  0.214590164941357E+01 -0.270665237216230E+01
  -0.421972635189688E+00  0.314334747486051E+01 -0.271272460528105E+01
  -0.126072938254724E+01  0.279495764973213E+01 -0.189836490908850E+01
  -0.260720320481564E+00  0.217977575660376E+01 -0.195639517011023E+01
   0.434795041314040E+00  0.210215791000983E+01 -0.292848329933308E+01
   0.132489102012773E+01  0.297371257632751E+01 -0.281780731523628E+01
   0.462651116986355E+00  0.297451997661582E+01 -0.201302197533517E+01
   0.124660928197995E+01  0.192923766827952E+01 -0.197406140839638E+01
   0.217128695000887E+01  0.206877112534030E+01 -0.269295556618233E+01
   0.291378412017883E+01  0.286653664903400E+01 -0.280614020114619E+01
   0.211821835200401E+01  0.290221094308950E+01 -0.203684783867797E+01
   0.293774630471135E+01  0.213233686532108E+01 -0.192696920022893E+01
  -0.277842384757920E+01 -0.270569366741128E+01 -0.130258998120636E+01
  -0.201801286157259E+01 -0.204671149042425E+01 -0.137484558365978E+01
  -0.267788820871218E+01 -0.187538347612062E+01 -0.394098032086918E+00
  -0.220723074158878E+01 -0.273829814703799E+01 -0.512692791025913E+00
  -0.133481752263003E+01 -0.286864109908812E+01 -0.121239565658037E+01
  -0.526296978342453E+00 -0.211280876136534E+01 -0.118143143113271E+01
  -0.117382457977118E+01 -0.196248012924890E+01 -0.445366804270427E+00
  -0.399560634613713E+00 -0.289765371522977E+01 -0.401428242195308E+00
   0.320771752389520E+00 -0.294724986150932E+01 -0.116952169383338E+01
   0.117595569885038E+01 -0.208913514748142E+01 -0.129916493149993E+01
   0.447050604731688E+00 -0.210360170569970E+01 -0.310120301078839E+00
   0.124077816598266E+01 -0.283115297585332E+01 -0.465994035321786E+00
   0.204471611790130E+01 -0.282710686821085E+01 -0.115315489498460E+01
   0.289812960672067E+01 -0.202620490809627E+01 -0.116910014000793E+01
   0.202846982732980E+01 -0.204546722209359E+01 -0.546571382951602E+00
   0.287209238341621E+01 -0.295946823836072E+01 -0.502539646682574E+00
  -0.288280676121888E+01 -0.117528264682846E+01 -0.138188490272318E+01
  -0.206741332383839E+01 -0.477407039653888E+00 -0.134185085542439E+01
  -0.292682056284050E+01 -0.436274418533786E+00 -0.530067071277762E+00
  -0.194494418762196E+01 -0.110735399981838E+01 -0.507106086663172E+00
  -0.123041854931876E+01 -0.118732555594240E+01 -0.123436924747149E+01
  -0.535413062105069E+00 -0.442020965122964E+00 -0.122856524675229E+01
  -0.119686369242337E+01 -0.325330587255893E+00 -0.367671595657109E+00
  -0.330596989702902E+00 -0.127121961406976E+01 -0.311349971151914E+00
   0.323707956821883E+00 -0.129779419702997E+01 -0.118733504411024E+01
   0.118540014798786E+01 -0.504831800661140E+00 -0.127509853530746E+01
   0.384435893623214E+00 -0.450330377060670E+00 -0.346350130419813E+00
   0.116407890940255E+01 -0.120623145342309E+01 -0.495244648936139E+00
   0.195585631837204E+01 -0.130227948313207E+01 -0.126898039789872E+01
   0.282868091011950E+01 -0.464707876491258E+00 -0.146395064009837E+01
   0.204892031096523E+01 -0.508324336423914E+00 -0.514798830695315E+00
   0.280417305725373E+01 -0.129634089907086E+01 -0.473379415351031E+00
  -0.285597243271229E+01  0.269497567548611E+00 -0.127770355401147E+01
  -0.206255316691350E+01  0.104706269235720E+01 -0.127661052793711E+01
  -0.287345513903895E+01  0.123178376979214E+01 -0.565092645903060E+00
  -0.208330542600907E+01  0.354218554736110E+00 -0.354243104766903E+00
  -0.118107489104233E+01  0.333524140257162E+00 -0.127596122884976E+01
  -0.413373146661947E+00  0.119258370471337E+01 -0.106557552641848E+01
  -0.123632943347188E+01  0.123068148589437E+01 -0.417862612086745E+00
  -0.282601407506099E+00  0.374804129177748E+00 -0.293737036227468E+00
   0.492725616315006E+00  0.368247300190527E+00 -0.114262412614218E+01
   0.135632208381049E+01  0.109600668565626E+01 -0.102501173802379E+01
   0.484895151985479E+00  0.127028620164113E+01 -0.271542101132339E+00
   0.104911412111793E+01  0.350833232832893E+00 -0.304760278017186E+00
   0.212041614567696E+01  0.325161012345913E+00 -0.139908449166557E+01
   0.281603444635641E+01  0.118536311818066E+01 -0.123227435502925E+01
   0.217375362881945E+01  0.127659269211484E+01 -0.423351849150499E+00
   0.290622913409827E+01  0.534196807596663E+00 -0.400875423250834E+00
  -0.286482932518921E+01  0.214561155889170E+01 -0.121220271214807E+01
  -0.199241886247382E+01  0.292060033648963E+01 -0.116045182987519E+01
  -0.276529392999970E+01  0.292670665815740E+01 -0.493609427659515E+00
  -0.215386108750145E+01  0.198683054021817E+01 -0.404680884468352E+00
  -0.134088527100696E+01  0.200078483712784E+01 -0.117084159353517E+01
  -0.487920575582963E+00  0.290630653674238E+01 -0.106377587070177E+01
  -0.132669163587701E+01  0.303248660795050E+01 -0.362286526264093E+00
  -0.494253307730346E+00  0.207937889921068E+01 -0.410031338058413E+00
   0.427039848553919E+00  0.189463136464549E+01 -0.122949489507189E+01
   0.127150118956483E+01  0.279003642160037E+01 -0.128004513295687E+01
   0.307578380524762E+00  0.295921478674996E+01 -0.386069637895079E+00
   0.138866311572626E+01  0.196813152063408E+01 -0.345839469184239E+00
   0.221417617555508E+01  0.198720815150461E+01 -0.121068737071050E+01
   0.291844899101904E+01  0.298361352897642E+01 -0.133233807834251E+01
   0.208249604734759E+01  0.280107065234606E+01 -0.545988815061641E+00
   0.289416729570966E+01  0.203399808951503E+01 -0.388556192032808E+00
  -0.284973912840039E+01 -0.281924948119865E+01  0.341530578006113E+00
  -0.179297481433478E+01 -0.209750431576558E+01  0.334313724973070E+00
  -0.284941209154909E+01 -0.209118074745784E+01  0.131013573120078E+01
  -0.201555859120254E+01 -0.285194188151661E+01  0.113693169355985E+01
  -0.111221231122125E+01 -0.291301360814077E+01  0.442062854288976E+00
  -0.336561072821014E+00 -0.219377109077383E+01  0.515799743093348E+00
  -0.121881504785342E+01 -0.214843019094198E+01  0.130923544474839E+01
  -0.545050171038292E+00 -0.291814003006640E+01  0.139592066666813E+01
   0.342806032704768E+00 -0.302017523038317E+01  0.544429940246394E+00
   0.127071487855630E+01 -0.204432050646707E+01  0.403500930547484E+00
   0.364991791126140E+00 -0.214092520201047E+01  0.124619617594012E+01
   0.111652428945669E+01 -0.288635701024624E+01  0.123202791464737E+01
   0.204799266755862E+01 -0.290193250999671E+01  0.531103760506309E+00
   0.273561453069229E+01 -0.210627472709133E+01  0.343135393057667E+00
   0.188532086787652E+01 -0.215054322082997E+01  0.128640035598863E+01
   0.296960635094931E+01 -0.292565661728162E+01  0.113057034874406E+01
  -0.270079400847169E+01 -0.130775438974909E+01  0.489991027629318E+00
  -0.193635309386491E+01 -0.349566465903974E+00  0.319905904229125E+00
  -0.272883523111003E+01 -0.415066890795866E+00  0.131202416579555E+01
  -0.183143953004858E+01 -0.122651810774612E+01  0.132845648441436E+01
  -0.112236492184152E+01 -0.125036299079898E+01  0.482212867436712E+00
  -0.470175275243325E+00 -0.356138579786161E+00  0.543328908122797E+00
  -0.119873706654006E+01 -0.341073575513657E+00  0.124775476560557E+01
  -0.342544509450215E+00 -0.112404379760636E+01  0.132244435715067E+01
   0.446313301341841E+00 -0.127665338661818E+01  0.432600225245634E+00
   0.121862500562214E+01 -0.429190620908299E+00  0.303234463145324E+00
   0.415127097718370E+00 -0.517766629168365E+00  0.134655525808510E+01
   0.128528294525397E+01 -0.121936304745871E+01  0.111836426389908E+01
   0.199996098025327E+01 -0.129674824132049E+01  0.337711631386282E+00
   0.295512629179916E+01 -0.529936252986636E+00  0.246121426903973E+00
   0.210274223083996E+01 -0.478543196411491E+00  0.120833477289599E+01
   0.290644002413793E+01 -0.142745685202559E+01  0.117880610132837E+01
  -0.282349938049232E+01  0.355875572125883E+00  0.439078185014521E+00
  -0.195214148144354E+01  0.118574447686842E+01  0.351449447321401E+00
  -0.284897364922970E+01  0.137074377235522E+01  0.119702084284756E+01
  -0.197182776873554E+01  0.363992528825337E+00  0.123186988076248E+01
  -0.110413893117652E+01  0.466925741896176E+00  0.436228356080514E+00
  -0.485874535766818E+00  0.134585987719794E+01  0.458397149159266E+00
  -0.122180539875705E+01  0.120834603085161E+01  0.116721165775845E+01
  -0.310245139596329E+00  0.427931747223727E+00  0.124671267284003E+01
   0.453402487508795E+00  0.298529216549500E+00  0.554746275022176E+00
   0.114264212942002E+01  0.110522178980809E+01  0.468782241590376E+00
   0.510666227296083E+00  0.116484395413432E+01  0.126796916434354E+01
   0.123891286499655E+01  0.208575174507601E+00  0.140380959796498E+01
   0.203319741424377E+01  0.121558723645601E+00  0.310165233264640E+00
   0.299200643295730E+01  0.126480572350017E+01  0.334357309810299E+00
   0.204750033954168E+01  0.112489031930611E+01  0.102623841183631E+01
   0.283017155416756E+01  0.534540739586677E+00  0.964961460243934E+00
  -0.279601764995226E+01  0.208485753997070E+01  0.451959750741659E+00
  -0.211168086544976E+01  0.297808824611793E+01  0.348665493502371E+00
  -0.278682613162519E+01  0.300833711048171E+01  0.119219780556801E+01
  -0.211107761738338E+01  0.212174389540192E+01  0.124147261535228E+01
  -0.134542721515564E+01  0.224878288520403E+01  0.336586916650978E+00
  -0.452334125810271E+00  0.272064541756639E+01  0.398874054676952E+00
  -0.126919156187256E+01  0.291157871243955E+01  0.121665606441844E+01
  -0.467122015475047E+00  0.223068928018993E+01  0.133156830585890E+01
   0.442395269190162E+00  0.222961377720642E+01  0.434838433053824E+00
   0.121169599419661E+01  0.297436489263536E+01  0.275230697985602E+00
   0.439751082788555E+00  0.271761957413389E+01  0.129370019256693E+01
   0.126790997133744E+01  0.195567279619622E+01  0.109107520595515E+01
   0.207175215545647E+01  0.207098222951716E+01  0.348764084218044E+00
   0.288929053986211E+01  0.284818773951302E+01  0.195318760918750E+00
   0.182440451028423E+01  0.284376218483896E+01  0.107043054224422E+01
   0.271248013315755E+01  0.214372231425344E+01  0.124301627582020E+01
  -0.288734046479670E+01 -0.271030438137063E+01  0.203926919245096E+01
  -0.211234468660772E+01 -0.192191622403043E+01  0.202160137700827E+01
  -0.288209423054480E+01 -0.213831953687716E+01  0.291163916143772E+01
  -0.211356905630510E+01 -0.294694790999516E+01  0.281011300954493E+01
  -0.131050995640013E+01 -0.293288773190043E+01  0.212658909926152E+01
  -0.369434480817197E+00 -0.214553555888253E+01  0.208647994289717E+01
  -0.135678524333382E+01 -0.209362547144881E+01  0.290450447460833E+01
  -0.562378869200501E+00 -0.286393734625692E+01  0.289447702645305E+01
   0.392029610996225E+00 -0.293176395526054E+01  0.199202001595810E+01
   0.123969140175355E+01 -0.218356116572267E+01  0.208701454143290E+01
   0.393254927324104E+00 -0.221305220987958E+01  0.285281801988317E+01
   0.126124958288217E+01 -0.283361425208055E+01  0.296594356864177E+01
   0.208046667083991E+01 -0.311878939944296E+01  0.194238249248286E+01
   0.274348812239905E+01 -0.212378138986944E+01  0.203630251266597E+01
   0.210209011133090E+01 -0.205191239726237E+01  0.288662144299960E+01
   0.295421732627182E+01 -0.286116991495063E+01  0.294467935405039E+01
  -0.293841098269592E+01 -0.108091361937267E+01  0.215233400684394E+01
  -0.208631980806959E+01 -0.419572474440117E+00  0.204087621364111E+01
  -0.303834038056012E+01 -0.218151055100599E+00  0.279040739148713E+01
  -0.207155733569727E+01 -0.133539288540115E+01  0.292963848289163E+01
  -0.121733498027517E+01 -0.117838878333754E+01  0.220726207326567E+01
  -0.433188188480938E+00 -0.406681920462225E+00  0.207820462202709E+01
  -0.130840066616122E+01 -0.392201992559388E+00  0.293801517241969E+01
  -0.328843340222733E+00 -0.129507072807616E+01  0.290657441787567E+01
   0.532474610735879E+00 -0.132665620171136E+01  0.204447142186737E+01
   0.112177446879615E+01 -0.427803532060445E+00  0.216335186097339E+01
   0.504667730602542E+00 -0.329791882457019E+00  0.301867783641948E+01
   0.125188129981921E+01 -0.134845386524842E+01  0.281072695961287E+01
   0.199330823928928E+01 -0.132591471129666E+01  0.198505940111946E+01
   0.279769329405665E+01 -0.607987419723639E+00  0.187659909666967E+01
   0.215402370989651E+01 -0.440127404288989E+00  0.272275626562499E+01
   0.281829433223862E+01 -0.134541601195469E+01  0.275107896696981E+01
  -0.301255603662193E+01  0.405037510034029E+00  0.191118258930950E+01
  -0.215213943326522E+01  0.143365473574293E+01  0.202072422586898E+01
  -0.289406909359613E+01  0.135545715449746E+01  0.293422359582026E+01
  -0.225580603612877E+01  0.500255759051409E+00  0.274159228341252E+01
  -0.131678064349307E+01  0.659732181487910E+00  0.197472665963179E+01
  -0.381987090428790E+00  0.132431699577327E+01  0.182692112354713E+01
  -0.126102163229990E+01  0.136286003138856E+01  0.286212205707682E+01
  -0.448560460793562E+00  0.482172777047287E+00  0.287303391063267E+01
   0.288926168413340E+00  0.568133541214534E+00  0.218950778726698E+01
   0.140304134198083E+01  0.138244440551459E+01  0.204552721091179E+01
   0.333358265640323E+00  0.122354765301911E+01  0.307151233958002E+01
   0.137679828047803E+01  0.478116212606402E+00  0.270791396898664E+01
   0.215859150339379E+01  0.434430397125844E+00  0.187441144158606E+01
   0.261944938205583E+01  0.133934589204176E+01  0.200070419003670E+01
   0.206803257673752E+01  0.142171840047231E+01  0.298993795135505E+01
   0.292180184592681E+01  0.599821013157094E+00  0.287321989800192E+01
  -0.305500100657523E+01  0.209891522035996E+01  0.192413351419697E+01
  -0.206482799167507E+01  0.295018382757096E+01  0.200900778580994E+01
  -0.296224245093089E+01  0.278561774579601E+01  0.279531582773872E+01
  -0.211818418436745E+01  0.213243050905697E+01  0.300857157406020E+01
  -0.132911538249967E+01  0.214441800667826E+01  0.209353931095422E+01
  -0.350094356460397E+00  0.293206217605650E+01  0.222518648245702E+01
  -0.136050166912817E+01  0.275406475173766E+01  0.292467564317082E+01
  -0.498484081251607E+00  0.200179427495929E+01  0.309549605842727E+01
   0.363455932739782E+00  0.203390629396636E+01  0.213632927573291E+01
   0.123291140641473E+01  0.291112515438659E+01  0.221628513974555E+01
   0.438217209725182E+00  0.297727522457026E+01  0.295073404281263E+01
   0.128938937416853E+01  0.222467966400051E+01  0.305499729021188E+01
   0.213864933028772E+01  0.237172829574750E+01  0.211335113955333E+01
   0.302285816250270E+01  0.307547758606980E+01  0.198854032352447E+01
   0.216994593180797E+01  0.290416132897367E+01  0.301147347800405E+01
   0.287372618184371E+01  0.196445269393741E+01  0.278384825710646E+01
%  0.431558741884269E+00 -0.156179251050775E+01 -0.368330438044274E+00
%  0.120014907998034E+01  0.658890187950456E-02  0.813237069221181E+00
% -0.151515629554801E+01  0.108951608634535E+01 -0.227309666654640E+01
%  0.358173750438178E+00 -0.770760506335764E+00 -0.207556758200756E+00
%  0.256966932866117E-01  0.594140277701741E+00 -0.259162280273023E+01
% -0.289295523378107E+00 -0.870807048614009E-01  0.163027132758978E+01
%  0.553659225922235E+00 -0.177936983034781E+00  0.809124054020182E+00
% -0.279374288489308E+00  0.118097034226952E+01 -0.577541112504133E+00
%  0.326012788776316E+00  0.909227052852784E+00 -0.362135425529002E+00
% -0.633370347589483E+00  0.384309698562212E+00 -0.135172799574003E+01
% -0.135418607990539E+00 -0.308423978732260E+00 -0.321172867030802E+00
% -0.553123996925390E+00  0.529374319482624E-01  0.336869544555886E-01
%  0.137427505332361E+01  0.979821183125491E+00 -0.106137973103686E+01
%  0.479312810607202E+00  0.181621121201427E+00  0.768642641954017E-01
%  0.178369145560890E+01 -0.882682538883545E+00  0.328593287504255E+00
%  0.244416215923884E+00 -0.103039294541125E+00 -0.155434035357359E+01
%  0.389795765445283E-01  0.146156789174056E+01 -0.274697817285947E+00
% -0.162690776687571E+00 -0.446787031769334E+00 -0.151774130502514E+01
% -0.164799320243480E+00 -0.669037727430957E+00 -0.542387737588558E+00
% -0.143791063154161E+00  0.210792774968361E+01 -0.868998791095868E+00
%  0.537452612431378E+00  0.274282832371906E+00  0.104686552352001E+01
%  0.829283708624022E+00 -0.641082365820303E+00  0.856679927438594E-02
% -0.568378281765185E+00  0.191483959778824E+00  0.170804450774323E+01
% -0.889218332603525E+00 -0.257804864241674E+00 -0.846358570217851E+00
%  0.426379851059309E+00  0.145098041348552E+01 -0.103995783454236E+01
%  0.167871782939502E+01 -0.965537648767360E+00 -0.496616290557638E+00
% -0.154329509150450E+01  0.119077881062964E+00 -0.225341815100994E+00
%  0.194982513142469E+01 -0.101354176368375E+01  0.469614919194623E+00
%  0.100221621309136E+01  0.163474613865707E+01 -0.102850959127731E+01
% -0.179884258015319E+01  0.133756002796456E+01  0.497917405654413E+00
%  0.585005487395505E+00 -0.417123816778382E+00 -0.368851147071129E+00
%  0.401532544600678E+00 -0.251740099211224E-02 -0.335633815434918E+00
% -0.114000302259817E+01 -0.113664136116030E+01 -0.219797119844271E+01
%  0.604053154330635E+00 -0.643920103507604E+00  0.626554364329475E+00
% -0.116661593756725E+01 -0.943731509537970E+00 -0.451186475409886E+00
%  0.413678777206637E+00 -0.145752322495688E+00 -0.322170951654297E+00
%  0.280605260461319E+01  0.311944650574242E+00 -0.294778970955776E+00
%  0.378340281169634E+00  0.985030393394931E+00  0.601095114847156E+00
%  0.351884205333363E+00  0.884910740026045E+00 -0.547460616192564E+00
%  0.878916189446893E+00 -0.569616884092917E+00 -0.769348088131797E+00
%  0.400251038908758E+00  0.499493959296074E+00 -0.999472315236472E+00
% -0.406174479464302E+00 -0.540194536808607E+00  0.170322820000254E+01
% -0.416871272224168E+00  0.308440958742166E-01  0.135166951549407E+01
%  0.577170998823493E+00  0.572455562848596E+00 -0.634524391583551E+00
%  0.336480440370684E+00  0.134109502850192E+01  0.557864843334579E+00
%  0.105596193108007E+01 -0.139414398182823E+00 -0.302116208714340E+00
% -0.103031475535486E+01  0.672400772116882E-01 -0.175386741119178E+01
% -0.357739947329121E+00 -0.117160161364075E+00 -0.231372735378720E+00
% -0.118661512088939E+01 -0.779290672627831E-01  0.297629134473714E-01
%  0.447679444563197E+00  0.502739538097617E+00  0.714729068221979E+00
% -0.109305000421359E+01 -0.629309486429364E+00 -0.835909946845503E+00
%  0.988585080653776E+00 -0.416038685113239E-01 -0.358561374989813E-01
%  0.202850918000635E+00  0.117733300485248E+01 -0.840211284681316E+00
% -0.541639335921260E+00  0.332418612933001E+00  0.434855289144717E+00
% -0.304011822311500E+00 -0.237070945399086E-01  0.101709406642692E+01
% -0.780205409087822E+00  0.394006881951901E+00  0.759804799133924E-01
% -0.676910796334589E+00 -0.242473258481213E+00 -0.160895497799286E+00
%  0.954774058553092E+00 -0.183901523087407E+01  0.160993776934791E-01
% -0.886479364055132E-01  0.469991105750500E+00  0.205809881166277E+01
% -0.659746606856516E+00  0.112462280301716E+01 -0.473154883174200E+00
% -0.457769599980707E+00 -0.110201182698063E+01 -0.516427602022905E+00
%  0.152747515392782E+01 -0.965502153725138E+00  0.830998455273983E+00
%  0.576704306980775E-01  0.433783348851463E+00 -0.897917485361877E+00
%  0.690731079216473E+00 -0.130743060280560E+01  0.958444322489656E+00
% -0.237729683344807E+00  0.264870573245378E+00 -0.147914266900513E+00
%  0.109590262225192E+01 -0.139754725951024E+01 -0.232022707385815E+00
% -0.855115596763363E+00 -0.753892732421711E-01  0.180285963583308E+00
% -0.458683896014860E+00 -0.228587579790604E-01 -0.509499351332364E+00
%  0.100338441257335E+01 -0.990342688931924E+00  0.124653291503989E+01
%  0.117310954356172E+01  0.114464334355261E+00  0.448340424821732E+00
%  0.519214070449583E+00 -0.174656943240692E+00 -0.106934267730896E+01
%  0.349134598828129E+00  0.190428116155244E+01 -0.134398249226592E+01
%  0.718691293929094E+00 -0.807013834043030E+00 -0.174894715909949E+01
% -0.784913424896786E+00  0.634337846144080E+00  0.218962659168959E+00
% -0.212387754490582E+00 -0.508078802365820E+00  0.384565870121178E+00
%  0.544224360246674E-01  0.960805359342536E+00  0.570162602171668E+00
% -0.196373078909267E-01 -0.238033398106542E+00 -0.158375024815990E+01
% -0.143350983332186E+01 -0.758249676650245E+00  0.759005752754327E+00
%  0.459426916008463E+00  0.112181507678785E+01 -0.717813486889909E+00
% -0.573505134502736E-01  0.537769310761531E+00  0.797625619968128E+00
% -0.424493882108649E+00  0.171895837717647E+01  0.186762276538400E+00
%  0.101019673759276E+01  0.145752533173481E+01  0.115536415481909E+00
%  0.145328080674442E+01 -0.557994623763379E+00  0.110560325998251E+01
%  0.739161164016874E+00  0.951031084122435E+00  0.204029337137233E+01
%  0.606206529674750E+00 -0.441665911083571E+00  0.588385415616371E+00
% -0.495221277176673E-01 -0.576209849434875E+00  0.499792752523419E+00
% -0.560984134207391E+00  0.637397286504937E+00  0.164313769354494E+01
%  0.568841995010593E+00 -0.873526219703192E+00  0.352354283924059E+00
% -0.490391434458554E+00  0.357653556840413E+00 -0.238610692382224E+00
%  0.259359973400187E+00  0.141905709857205E+01  0.115517798676922E+01
% -0.111253128470757E+00  0.358302736992262E+00 -0.447812075190380E+00
% -0.492360188824411E+00  0.612957460624934E+00 -0.980981577736988E+00
% -0.156622093947269E+01 -0.240780501027127E+00  0.558983217834811E-01
%  0.736934394906166E-01 -0.110975484742263E+00  0.150767564944650E+01
%  0.251085674739132E+00  0.354491595980720E+00 -0.115348758844812E+00
%  0.220176277580518E+00  0.842795993029989E+00  0.158749691240197E+00
%  0.207963479077255E+01  0.351512172363400E+00 -0.122115766911337E+01
% -0.188523629915934E+01  0.773269430917205E+00  0.872923557841775E+00
%  0.769979945531176E+00 -0.510169395502061E+00 -0.166345796413214E+00
% -0.139469359638054E+01  0.344057584359962E+00  0.157993124567035E+01
%  0.112102061650695E+01 -0.857396026832690E+00  0.900839588350205E+00
% -0.947638636166932E-01 -0.104474019337405E+01 -0.130942471820698E+01
%  0.129336203847962E+01  0.708960087946882E+00  0.110860612424077E+01
%  0.249162578067755E+00 -0.864821835531794E-01  0.910781551371685E+00
%  0.618514472332473E+00  0.141946234182851E+01  0.168160444800482E+00
%  0.680680044946452E+00  0.541475429644541E-01  0.195018887951070E+01
%  0.159858062834456E+01  0.321898021273015E+00  0.628201957257687E+00
% -0.116705886917925E+01 -0.197614644101355E+01  0.910089944169785E+00
%  0.613812668024453E+00  0.175171917043217E+01  0.139263432838950E+01
% -0.576537113584321E+00 -0.204248628268823E+00  0.908369625760162E-01
% -0.720369539551005E+00  0.213233837728076E+00  0.397430050572781E+00
%  0.630971985501843E+00 -0.278910168338511E+00  0.118753793546736E+01
%  0.545381598044571E-01  0.100913532124069E+01 -0.557503746683326E+00
%  0.478737798676090E+00 -0.109677530513857E+01  0.646699606766325E+00
%  0.568358056790183E+00  0.107938022174313E+00  0.288094343438755E-01
% -0.916025950059455E+00  0.602220852424827E+00  0.147574529419373E+00
%  0.102115762669239E+01  0.978706614946480E+00 -0.918696420759303E+00
%  0.374885443325531E-02 -0.507005169565939E+00  0.400656563148892E+00
%  0.642238549803437E+00  0.545954682502257E+00  0.660216232511210E-01
% -0.157617215905480E+00  0.374552841592448E+00  0.201344487910808E+01
% -0.487684731712340E+00  0.410277789111256E+00  0.589894311277744E+00
% -0.111586390653976E+01 -0.933607697215193E+00  0.110668507197812E+01
%  0.953592196813168E+00  0.127882950693218E+01 -0.902805257463946E+00
% -0.606784003947329E+00  0.340496109163441E+00  0.675004525567578E+00
% -0.217430398430954E+00 -0.181100288484720E+01  0.117341507217724E+00
% -0.636481859043527E+00  0.395290003821068E+00  0.340295471948772E+00
%  0.466738506532842E+00 -0.729960042865974E+00 -0.191512078493542E+00
% -0.276108417179136E+00  0.954934326423921E+00  0.494858915837312E+00
%  0.199900287091312E+01  0.228199681902316E+00 -0.777482752662444E+00
% -0.774655342885946E+00  0.227896476190177E+00  0.780585291097913E+00
% -0.732556564775728E+00  0.672803995938143E+00 -0.190570121912643E+01
%  0.482490749079437E+00 -0.400058781061773E+00  0.132386548088946E+01
%  0.654790608013965E+00 -0.107009970121837E+01 -0.104319946777898E+01
% -0.104105971965376E+01 -0.183959372676763E+01 -0.238616469282854E+00
% -0.142779778616233E+00 -0.109055591118408E+00 -0.485312100168137E+00
%  0.730332740908056E-01  0.698385692656189E+00 -0.201405298559101E+01
%  0.553089380274173E+00 -0.113970384774841E+01 -0.354897342580140E+00
%  0.153099901718164E+01 -0.551883556188900E+00  0.131645654701995E+01
%  0.794847094496840E+00 -0.160946228337769E+01  0.118712865389684E+01
%  0.389400776648846E+00 -0.835428609922862E+00 -0.815329394516146E+00
%  0.805513758539989E+00 -0.541407849910647E+00 -0.143562342496306E+01
%  0.127768101346931E+00 -0.107362397095594E+01  0.423260306201989E+00
% -0.225336370990947E+00 -0.247531182672198E+00 -0.258573935913435E+00
% -0.810545307243691E+00 -0.129328729376145E+01  0.117328341136953E+01
% -0.842790344643730E+00  0.228688286682655E+01  0.235867726605909E+01
%  0.964130991459331E+00 -0.344183602132699E-01  0.129765751445103E+01
% -0.618332989485495E+00  0.844606673399028E+00  0.612945660963361E+00
% -0.315606866873540E+00 -0.554537394989759E+00  0.168837709004810E+00
% -0.442789051187932E+00  0.135558977973462E+01  0.833488457629686E+00
%  0.823353074109192E-01  0.128892183514449E+01 -0.970061180609082E+00
%  0.258968292197026E-01 -0.131923445662987E+01 -0.492016923652147E+00
%  0.988629606785641E-01 -0.151330920176286E+01 -0.908092732494112E+00
%  0.148250885124526E+01  0.115488313512348E+01  0.882640588749325E+00
%  0.375838016540946E+00  0.102109201923020E+01  0.790632563274454E+00
% -0.893712486724718E+00 -0.394063856969261E+00  0.521252810941972E+00
% -0.160543157868146E+01  0.223961297675015E+01  0.563637336625277E+00
%  0.455005666181514E+00  0.861988328008619E+00  0.591669807310332E+00
% -0.513169556505474E-01  0.568619968508809E+00 -0.186928056657684E+00
% -0.621269227468632E+00  0.107599768542213E+01 -0.978167872374084E+00
%  0.246007731458862E+00 -0.218004685747878E+00 -0.251835418946195E+00
%  0.754555737756971E+00 -0.151691410762321E+01 -0.509047865831327E-02
% -0.688683894131394E-01  0.594277984719114E+00  0.698488167747181E-01
%  0.990526551332427E+00  0.413500572322092E+00  0.118889579704017E+00
%  0.565334359055066E+00 -0.377681165371436E+00 -0.560875523125219E+00
%  0.985596538863694E+00  0.114736294774693E+01 -0.211328078100280E+01
% -0.942925236028355E+00 -0.177345057731636E+01 -0.277798054506426E+01
% -0.754318661524122E+00 -0.675135599485234E+00 -0.977939504858068E+00
% -0.230101921639096E+00  0.733690983270895E+00 -0.355253194326174E+00
%  0.100235066118156E+00 -0.122340144694981E+00 -0.249907875168743E+00
% -0.584574002077228E+00 -0.873487548278597E+00 -0.888745432975432E+00
% -0.702590394570320E+00 -0.108384009713736E+01 -0.993974942665489E-01
% -0.480363803445834E+00 -0.376001393893075E+00  0.683206804560692E+00
% -0.137726467955998E+00 -0.200311030181896E+01 -0.532662665039927E+00
%  0.950758616892172E+00 -0.110878549801178E+01 -0.440402365681472E+00
%  0.675981962473123E+00  0.195966445964441E+01 -0.431840575257381E+00
% -0.181303180247281E+00  0.383209105642154E-01 -0.731095898159978E+00
% -0.478524425326423E+00 -0.243527162692162E+00 -0.730723881764931E+00
%  0.771701641347297E+00  0.545974218094955E+00  0.284413109886052E+00
%  0.274187569954761E+00 -0.165498820556836E+01 -0.661329735698304E+00
%  0.394833478310119E-01 -0.640772142720386E+00 -0.159360779020664E+01
% -0.176374740219160E+00  0.225952984433294E+00 -0.417105510868282E+00
% -0.136887203558652E+01 -0.114982617835025E+01  0.631779120842719E-01
% -0.183904999783503E+01 -0.252877308743950E+01  0.141135122607545E+01
%  0.537088828290095E+00 -0.107946297648183E+01 -0.263990555533996E+00
%  0.518358770697386E+00 -0.270837824951158E+00 -0.166709178067097E+00
%  0.209497926235616E+00  0.625084987357322E-02  0.184166426508966E+01
%  0.457864257439702E+00  0.646604142997626E+00 -0.563094690689930E+00
% -0.166203840105897E+01 -0.125267518152085E+01 -0.418619927418228E+00
% -0.648070369277694E+00 -0.438718178095178E+00  0.105422571474993E+01
%  0.101921774758795E+01  0.162954581993188E+01 -0.735896346040919E+00
%  0.235147498691407E+00  0.207898500788496E+01 -0.398141560736745E+00
% -0.101786884953053E+00  0.714356778955386E+00  0.348918694673845E+00
% -0.135147711970716E+01  0.116980631780246E+01  0.100661163957538E+01
%  0.111381755383220E+01 -0.365193083303338E+00 -0.721328046846139E+00
%  0.316004705305507E+00 -0.198962001118521E+01 -0.891394158063140E+00
% -0.884593713583645E+00  0.116290314679294E+01 -0.196789300835734E+00
% -0.125839654755993E+01  0.286347506870108E+00 -0.339322078218811E+00
% -0.175028765326715E+00  0.121890500834273E+01 -0.930862302998835E+00
% -0.225396075823149E+00 -0.291849652345471E+00  0.125612693249240E+01
% -0.329893179551275E+00 -0.117788628127007E+01 -0.130739197107220E-01
% -0.135330389111956E+01  0.286957590672189E+00  0.126728433901869E+01
%  0.303002848404290E+00 -0.670293813825672E+00  0.334477089417962E+00
%  0.544643189119106E+00 -0.121139440646977E+00  0.133288122628430E+01
% -0.261992823527148E+00 -0.460996634171734E+00 -0.315063470594803E+00
% -0.192282645546557E+01 -0.182099243045684E+01  0.403538967706958E+00
%  0.136225769570843E+00  0.118640737042008E+01 -0.413140034447537E+00
%  0.119816566077705E+01  0.622113217240082E+00  0.220855946926724E+00
% -0.187685597987739E+00 -0.133291518370772E+01  0.495569027510174E+00
% -0.187971722644321E+00  0.147877425276910E+00 -0.834744222543732E+00
%  0.545002767508026E+00 -0.918557675467040E+00  0.432397235399602E+00
% -0.689999163117816E+00  0.336485045048058E+00  0.487081621239345E-01
% -0.655547983669949E+00 -0.491219641145001E+00  0.356651566251763E+00
%  0.121988303167807E+01 -0.802057167013980E+00 -0.247103010318019E+01
% -0.142410765068591E+00  0.124051350027406E+01 -0.483236892183831E-01
% -0.128433285139187E+00  0.165367314035007E+00 -0.882521709368133E+00
% -0.344953435324776E+00  0.157544009584670E+01 -0.135772829960932E+01
% -0.225037657533614E+01  0.844477594398414E+00  0.368951449375032E+00
%  0.316205195416531E+00 -0.113331550598476E+01 -0.236110355905125E+00
%  0.204285304862563E+00  0.614153578074272E-02  0.245282034947673E+00
% -0.406805925758786E+00 -0.638399921840519E+00  0.400940087915081E+00
% -0.126646882860441E+01 -0.160436678527956E+01 -0.118893234645094E+01
% -0.333358540834353E-01  0.426791528336322E+00  0.136501104702160E+01
%  0.295988062696234E+00 -0.156708607274285E+00  0.465838809048936E+00
% -0.983647849695701E+00  0.814224407892529E+00  0.765422713769659E+00
%  0.381899088364771E+00 -0.462920046731767E+00  0.799336644636535E+00
%  0.258355005058095E+00  0.395979391819612E+00 -0.100464140469862E+01
% -0.105988406506252E+01  0.631994592595280E+00  0.112941171124079E+01
% -0.904786608197494E+00  0.103284792397649E+01  0.859831245624929E-01
% -0.256923041356565E+00 -0.153008813695854E+01  0.189389395826108E+01
%  0.379231019903954E+00 -0.186430932891583E+00 -0.929523900270944E-01
%  0.763313208866202E-01 -0.127551980771583E+01  0.339332139354268E+00
%  0.419019286383748E+00  0.175360096813018E+00 -0.492031311078110E+00
% -0.112192427891003E+01 -0.806265778161295E+00  0.238709743890172E-01
%  0.745008157954699E+00 -0.696593006424320E+00 -0.525643209902597E+00
%  0.660945550432433E+00  0.238086993770368E+00  0.194127346207374E-01
%  0.260376789188912E+00 -0.100109570800518E+01 -0.183859056130646E+00
% -0.819577188533356E+00 -0.308244376288947E+00  0.390151426645544E+00
% -0.801342964702839E+00  0.783845489589315E+00 -0.203731640985360E+00
%  0.957139955028352E+00  0.158131470675423E+00  0.191129154633833E-01
%  0.210044117133920E+00 -0.133713772932840E+01 -0.371256046934539E+00
% -0.767224829921248E+00  0.122719558223431E+01  0.533178225807957E+00
% -0.122231832932063E+01  0.977521174524449E-01 -0.329108058815183E-01
% -0.998789508554610E-01  0.462800428570087E-01  0.141483404799099E+01
%  0.125680647921591E+01  0.133156477462450E+01 -0.812230156989089E+00
% -0.301432759487898E+00 -0.110743234281226E+00  0.321892668497550E-02
%  0.105407208335008E+01  0.511379060118035E+00  0.961214386203748E+00
% -0.145493753789765E+01  0.846742612095737E+00 -0.714037339929846E+00
% -0.708971479185650E+00  0.404408725322571E+00  0.106484326290080E+00
%  0.576316950028709E+00 -0.116601798465089E+01  0.919176118255484E+00
% -0.148606006535127E+01 -0.862668771126731E+00  0.234796606422420E+00
% -0.127629828161436E+01  0.132872472616926E+01  0.300707185945967E-01
% -0.940722081971019E+00  0.519593262591442E+00 -0.807578892739172E+00
%  0.123691946871183E+01 -0.141270462022796E+01 -0.119771828928696E+01
% -0.468872676106880E+00  0.746697490326126E-01 -0.463200273947808E-03
% -0.837288899805157E+00 -0.260355626773484E+00  0.429887620170001E+00
% -0.156819078595773E+00 -0.937403549336078E+00 -0.550076462239849E+00
%  0.199344919053706E+02  0.401293403256347E+01  0.129435996320980E+02
%  0.595224869672120E+01  0.331537904773791E+01  0.110446207796651E+02
%  0.251599871425841E+01  0.871552852639530E+01  0.355617244816478E+01
% -0.455044048326718E+01  0.142567298148917E+02 -0.509547028534165E+02
% -0.237017598681050E+02  0.250951030193851E+02 -0.100831727285264E+02
% -0.892603770063699E+01  0.144595067848504E+01 -0.131230023064528E+02
% -0.107226549596708E+01  0.956482071929435E+01  0.453544371043365E+01
%  0.237523559812900E+02  0.209773516241693E+02  0.422767410750120E+00
%  0.514328469790455E+01  0.752279173919765E+01 -0.153801282297354E+02
%  0.261212538269034E+01 -0.172397879687774E+02  0.180485617341024E+01
%  0.337265819146323E+01 -0.146283222091295E+02 -0.868255720660233E+01
%  0.147051223885151E+02 -0.427713604131926E+01  0.178487475537407E+01
%  0.614676076563295E+01  0.732185899477175E+01  0.271516129333450E+01
%  0.329587903946088E+01 -0.541249515934901E+00  0.114423045590638E+02
% -0.398397857232124E+01 -0.510373074316561E+01 -0.794886099925596E+00
% -0.662010199862136E+01  0.369167594575116E+01 -0.787072727078805E+01
%  0.209686933155953E+02 -0.257210135774021E+02 -0.514475105394157E+01
% -0.154660352231341E+02  0.229918891589015E+00  0.928239653884452E+01
%  0.150524372492209E+02 -0.840869075618105E+01  0.113315596793716E+02
% -0.225439658176565E+01 -0.220262986709707E+01  0.194553565559612E+01
%  0.222074720609641E+02  0.420117085834244E+01  0.217399386625627E+02
% -0.960343298034327E+01  0.497728763291595E+01  0.450659640578691E+01
%  0.504021323241925E+01 -0.329807644879413E+01 -0.131555676337761E+02
% -0.229065613676272E+01 -0.105504890364568E+02  0.280680552014614E+01
% -0.139871505623745E+02  0.121330667759189E+02 -0.737291934469178E+01
% -0.211031493809389E+02  0.726007858983357E+01 -0.256383293448409E+02
%  0.307075705362529E+01  0.907921084857066E+00  0.326013100529824E+01
% -0.329993894000576E+01 -0.120434222326566E+02 -0.129814289726488E+02
%  0.690788481945758E+01  0.128716887171008E+02  0.250436864571451E+01
% -0.535827978618909E+02  0.750471497776395E+01  0.186715716923598E+02
%  0.353279238984557E+01 -0.734619358047724E+01  0.122730181429669E+02
%  0.628235886094737E+01  0.148270163036397E+02  0.217793895230616E+02
%  0.733538617627604E+01  0.531799402584273E+01 -0.162243694614312E+02
% -0.276718681176220E+02  0.231559254306735E+02 -0.255967478014076E+02
%  0.909396958158808E+00  0.521034516246753E+01 -0.484065015754747E+00
%  0.519194532221298E+01 -0.117073111097961E+02  0.154123536715319E+02
%  0.534288074273451E+01 -0.333528240244849E+00  0.660088318079881E+01
%  0.166630660790881E+02 -0.137022492652001E+02 -0.160827526957392E+01
%  0.115508474084694E+02 -0.234924670878947E+01  0.241574815285935E+02
% -0.102604785149010E+02  0.579040964550320E+01  0.149981769606338E+01
%  0.229529088850846E+01 -0.390317265488979E+02 -0.284166674389640E+02
% -0.213710238378901E+02 -0.153011799355438E+02  0.218860853283988E+02
% -0.592089558112084E+01  0.188811831892716E+02  0.265796053782069E+02
% -0.121472976680442E+02 -0.556105372498645E+01 -0.223006021473207E+00
% -0.125060480945402E+02 -0.112698152306987E+02 -0.233682326790728E+02
%  0.153507540389033E+02  0.643055726674470E+00 -0.756207471210220E+01
% -0.136487250701882E+02  0.194265564664967E+02 -0.740591391185455E+00
%  0.102233438699729E+02  0.356350005861093E+02 -0.113455308168412E+02
%  0.555558304106145E+01  0.224380173041951E+01 -0.196555875118500E+01
% -0.202052930330456E+02 -0.961114743701354E+01 -0.117010592304245E+02
%  0.177333138419927E+02  0.135131675117219E+02 -0.877264854630915E+01
%  0.504181127353910E+01 -0.841065017398320E+01  0.573447985508303E+01
% -0.153032649063784E+02 -0.108547274267428E+01  0.412363984730383E+01
%  0.294703481055225E+02 -0.471009243471187E+02 -0.240148108615085E+02
%  0.816087052139834E+01  0.203613818825652E+01  0.143928637744941E+01
% -0.121930586114908E+02  0.144782308629830E+01 -0.665097914294327E+01
% -0.410217010097491E+01  0.576483415551521E+01  0.173038237201228E+02
% -0.846235486934984E+01  0.106047738407383E+01  0.105161236318634E+02
% -0.158590195137722E+01 -0.106733391933063E+02 -0.258326875343413E+00
%  0.611303852194057E+01  0.418925185512527E+01  0.103816143031275E+00
% -0.859403591185859E+01  0.385210953434608E+01 -0.636399446604052E+01
% -0.481376657590185E+01 -0.206326604083862E+01  0.818601116619043E+00
% -0.628652375440902E+01  0.591375270514342E+01  0.492338158265774E+01
% -0.222335463582501E+01 -0.190081517851277E+02 -0.169725214090273E+02
% -0.559597478004201E+02 -0.111417428303627E+02 -0.119337444071506E+02
%  0.696854050934703E+01  0.246813134497617E+02  0.559221198067600E+01
% -0.205185406478241E+02  0.151890907650089E+02 -0.655654403410199E+01
%  0.456635491600889E+02 -0.241360235075560E+02  0.249397111474040E+02
%  0.103586022750550E+02  0.161323589781375E+02  0.347687886563090E+02
%  0.209598135282420E+02  0.154952543890184E+01 -0.197597083599006E+02
% -0.781644820835510E+01  0.342659791423597E+00  0.518418968020196E+01
% -0.182958485890260E+02  0.276249726887742E+02  0.168934508391657E+02
%  0.106564157497749E+02  0.175051441032932E+02 -0.143541206658736E+02
%  0.123047476991617E+01  0.729286322096813E+01  0.130318730007813E+02
% -0.572997495043056E+01 -0.535441724322908E+00 -0.592328149905077E+01
% -0.447402563544739E+01 -0.250932940356315E+01  0.251779740464508E+01
%  0.133996664379049E+01 -0.229726510856847E+02 -0.331755879379258E+02
%  0.668196047206068E+01 -0.135904669610562E+02 -0.196707358433142E+02
% -0.824750756736451E+01  0.132839251818794E+02  0.316262411910904E+02
%  0.670950862262254E+01  0.167759290276423E+02  0.604193348359663E+01
% -0.306574543790909E+01 -0.823971578129596E+01  0.215797546970294E+00
% -0.113731598866685E+01  0.997840445759353E+01 -0.143915582534818E+01
%  0.698774343244066E+01 -0.825532591137190E+01  0.393223155344672E+01
% -0.949167427500835E+01 -0.415155364549253E+01  0.176578929914943E+02
%  0.200525187115264E+01 -0.146083973289692E+02 -0.142060687712129E+02
%  0.304951466333542E+02 -0.307610056549355E+01  0.457927565188882E+01
%  0.176357210832697E+02 -0.131172852186981E+01 -0.107637086264152E+02
% -0.752924233737451E+01  0.324562420343953E+00 -0.250008782828576E+01
%  0.918803458405390E-01  0.147042850212456E+02  0.849995211665314E+01
% -0.820087066413303E-01  0.173717578947108E+02  0.936943415572228E+00
% -0.966496693988382E+01 -0.956599053098245E+01 -0.644840756962472E+01
%  0.331985579831585E+01 -0.128930686930570E+02  0.106753499567658E+02
%  0.117855524483093E+02  0.874678553808173E+01 -0.213198331356730E+01
%  0.155997326052659E+02 -0.279654658282696E+02  0.383575252158936E+02
% -0.898251994338813E+00 -0.118163605134997E+01 -0.852183349160732E+01
%  0.522107887292869E+01  0.106881066935678E+02  0.716716412911779E+01
% -0.565066089607699E+01  0.111878584722945E+02 -0.986277590887303E+01
%  0.354737473986857E+01  0.422291299719021E+01  0.187850619972224E+00
% -0.149262039039246E+01 -0.412613177281485E+01  0.315326616031706E+01
% -0.240606869026496E+01  0.222336899831235E+02 -0.296144069676527E+02
% -0.132777346898322E+02  0.203488358426123E+02  0.461768831479418E+01
%  0.728702706494520E+01 -0.377426504043203E+01 -0.993856173206157E+01
% -0.319994546564437E+01 -0.488237903874349E+01  0.292948703870964E+01
% -0.368622374397743E+01  0.697731574097373E+01 -0.263066682939070E+01
% -0.146465796723985E+02  0.145918410909370E+01 -0.194269575627640E+02
% -0.942689459079763E+01  0.159412508212767E+01 -0.166632725642016E+02
% -0.209371014610760E+02  0.634491880237881E+01 -0.164919424623096E+02
%  0.233710227628544E+02  0.151347882562731E+02 -0.413616843711698E+01
% -0.347189795744468E+01 -0.594004954143446E+01  0.275070302468904E+02
%  0.307715472308668E+02 -0.129450497792228E+02 -0.349178884689909E+01
% -0.615376605030832E+01 -0.989293533838404E+01  0.206655827597610E+02
%  0.350751904064869E+01 -0.281113518778996E+02 -0.693086446783350E+00
%  0.175121546074606E+01 -0.782951657599766E+01  0.969187213880619E+00
% -0.120725724665414E+02 -0.295218343833406E+02  0.792374763880581E+01
% -0.217682426301331E+02  0.403713716408926E+00  0.996458875929794E+01
%  0.117768156728960E+02  0.668628058089755E+01 -0.114801826598620E+01
%  0.140800821533208E+01 -0.495690503416758E+00 -0.229308940777722E+01
% -0.102251474772507E+02 -0.151896443002373E+02 -0.193195317558417E+02
%  0.742998351439010E+01 -0.244141836243749E+01 -0.732909383906983E+01
%  0.239343022830016E+01 -0.108269981450003E+02 -0.365327467567755E+01
%  0.842018600408547E+01  0.898698255188210E+01  0.195540678617484E+02
% -0.136269562368152E+01  0.315597180211432E+01  0.300377305828766E+01
%  0.231156062504662E+02 -0.236906472683346E+02  0.112571227371341E+02
% -0.350480402538712E+02  0.388270628813721E+01 -0.226716186106554E+02
% -0.296391885208649E+02  0.173116851843448E+02 -0.577735942698390E+01
% -0.446485802482310E+01 -0.442105548836690E+01  0.218724986254552E+02
% -0.962327295507317E+00  0.832702734548083E+01  0.609326140692825E+01
%  0.150927073804792E+02 -0.649420450919806E+01 -0.175244210283095E+02
% -0.631307414036640E+01  0.544076651891135E+01  0.996901245328718E+00
% -0.228884014968774E+02  0.718179392975168E+00  0.158863182916411E+02
% -0.116242783255303E+01  0.279825855691316E+02 -0.476479838033959E+02
%  0.116588679702071E+01  0.585105872503817E+01  0.550261109199594E+01
% -0.218491435148995E+01 -0.184768088740379E+01  0.471427432916894E+01
% -0.139216285946703E+02  0.120069769628936E+02 -0.139743319030398E+02
% -0.327760156894297E+01  0.147711427333657E+02 -0.734003074366057E+00
%  0.216166504619163E+02 -0.127553782876298E+02 -0.112104848941099E+02
% -0.927192392297013E+01 -0.187350206806844E+01 -0.642156590037508E+01
% -0.711060036728751E+01 -0.115464221076429E+02 -0.382531240813850E+01
%  0.102512958555376E+02  0.121546843974521E+02  0.103366422410171E+02
%  0.150936319564759E+02 -0.100666362550110E+02 -0.126269654891776E+01
% -0.956246920905025E+00  0.751441712113758E+01 -0.166039085655185E+02
%  0.729380980191038E+01 -0.120139716508885E+01 -0.343447580654723E+01
%  0.185743611197251E+02  0.443233741415018E+01 -0.771288114247132E+01
% -0.112260739736239E+02  0.139860378410169E+02 -0.634950824825783E+01
%  0.563639900101416E+00  0.714924723279500E+01  0.720349196181103E+01
% -0.969179167753866E+01 -0.246257701781112E+02  0.400622668268519E+02
% -0.273908869716535E+02 -0.891826432741736E+01 -0.402682009868455E+02
% -0.560602875903623E+01  0.899076566106533E+01 -0.171178959940888E+02
%  0.947979432864616E+00  0.183931243406789E+01 -0.161364158367575E+01
%  0.219867499610574E+02 -0.129863829442517E+02 -0.195060003721487E+02
% -0.543259323893555E+01 -0.360317192419451E+01  0.136911370918636E+02
% -0.326027042077882E+02 -0.388753605120514E+02 -0.687472478278566E+01
% -0.161312971624137E+01  0.205899090555682E+01  0.429650377895897E+01
% -0.142628080956378E+02 -0.389258717671024E+02  0.213539489721398E+02
%  0.270865767454929E+02  0.294674531171095E+02 -0.888104871283444E+01
% -0.633409107422100E+01  0.222784076049807E+01  0.121233556073565E+02
%  0.995428385381970E+01  0.110103855816823E+02 -0.506625240991455E+01
% -0.637145807372897E+01  0.461489097627833E+01  0.152234522909455E+02
% -0.261782825797304E+02  0.209369361917345E+01 -0.265860487723598E+02
% -0.661873038563633E+01  0.595333678424938E+01 -0.167610279005270E+01
%  0.388400433740231E+00  0.112472086923397E+01 -0.791213627980583E+00
% -0.117197148791710E+02  0.317972322807611E+01  0.885252501662081E+01
% -0.894322172159513E+01 -0.253976783532322E+02 -0.150485100245086E+01
% -0.149941632471258E+02  0.791972303924710E+01 -0.114184441046520E+02
% -0.114867957713630E+02 -0.438991494747296E+01 -0.632999503056548E+01
%  0.155140608566666E+02  0.654488442167399E+01 -0.798249248502658E+01
% -0.992973415971051E+01  0.277890360139131E+02 -0.126180421438704E+02
% -0.117493435795173E+02 -0.873763102774177E+00  0.865867761660076E+01
% -0.373722666532532E+01 -0.423687660022670E+01  0.181577691597343E+00
%  0.257392433915170E+02 -0.215956855079009E+01 -0.317872117315077E+01
% -0.416471858039666E+01  0.334244259749863E+01  0.944105047919087E+01
% -0.347227905172030E+01  0.204386173122021E+02 -0.253848550465993E+02
%  0.242258200246392E+02  0.315513740265301E+02  0.561526913092112E+01
%  0.693984913151214E+01  0.312872238102642E+02 -0.881471690677625E+01
% -0.218967983343098E+02  0.226118021950303E+02  0.321813213956748E+01
%  0.195347515434980E+02 -0.479390794796532E+02  0.259346379800737E+02
% -0.109190639554767E+02  0.996335441484070E+01 -0.149546617321434E+02
%  0.150915678112446E+01 -0.760524515204134E+00  0.383057104138868E+01
% -0.344822830461345E+01 -0.125555543583484E+02  0.148467804543030E+01
%  0.163112527829332E+02  0.127395753823019E+02 -0.325031826522314E+01
% -0.116927882424979E+02 -0.264533921433800E+02  0.505646132963201E+01
%  0.224108661778105E+01  0.322685063491684E+02  0.426488566667169E+01
% -0.104910493071562E+02 -0.298120950864649E+01  0.145513280795897E+01
% -0.787877836119649E+01 -0.651979375962640E+01  0.274546146043661E+00
%  0.814925454761652E+01 -0.297476815526570E+02 -0.270072610843105E+02
% -0.403475349000068E+01 -0.452492235607537E+01 -0.114809532134026E+02
%  0.129799397869511E+02  0.272253829497167E+02  0.241871761142644E+02
% -0.176910232386645E+01  0.477726215617188E+00  0.704314229024895E+01
%  0.238336812551015E+02  0.125872727529177E+01  0.212042723929294E+02
%  0.363564741906053E+01  0.121657964569298E+02  0.277215931820949E+02
%  0.126972787908624E+02 -0.922334857238468E+01  0.272720148436905E+02
%  0.141348468150148E+01  0.303268259233784E+00 -0.117996975305180E+02
%  0.608755949332002E+01 -0.362440009355046E+02  0.301788835743310E+02
%  0.638447879684421E+01 -0.126329689271468E+02  0.177573313544776E+02
%  0.561451983886878E+01  0.189807947597531E+02 -0.119293693327571E+01
% -0.497452603867745E+01  0.149159720474197E+01  0.121725938982839E+02
%  0.726320713567399E+01  0.825306887506048E+01 -0.333341931984773E+01
% -0.575084191403014E+01  0.128446981843266E+02  0.244962217976327E+01
%  0.129883340116742E+02 -0.112620849847092E+02 -0.104990453292587E+02
%  0.590859271337064E+01  0.370462868869296E+01  0.104479472330760E+02
%  0.262027129770008E+01 -0.835950520959688E+00  0.849929103333634E+01
% -0.648421514703240E+01 -0.830840719744411E+00  0.732234658039309E+01
% -0.576556149114380E+00  0.536155369389492E+01  0.612150029413993E+01
%  0.501131207475542E+01 -0.456693332886655E+01  0.249599902848961E+00
% -0.787010420554534E+01  0.204491206349505E+02 -0.958611251699591E+00
%  0.623713486155377E+01 -0.105255315513016E+02 -0.845921416841837E+01
% -0.231222775134258E+02 -0.231079161756164E+02 -0.697860578795388E+01
% -0.213245316486618E+02 -0.185594717722478E+02 -0.243480420450775E+02
%  0.247603178748577E+02 -0.215694030641441E+02  0.154682597003612E+01
%  0.306280719186512E+02  0.421659153500038E+01  0.352819310034935E+02
%  0.282836454253224E+02 -0.103285368573468E+02 -0.250136521606690E+02
% -0.224984963023400E+02  0.109210967598523E+02 -0.147514700875787E+02
%  0.264436466385864E+01 -0.648747259291388E+01 -0.131723230610648E+01
%  0.162507458665501E+01  0.101060422745586E+02  0.104721338174653E+02
%  0.145777091005710E+02 -0.294767629952851E+01 -0.176469270280799E+02
%  0.475114038984223E+00 -0.279654277548303E+01 -0.137110448789110E+01
% -0.108638465200481E+02 -0.735752145247929E+01 -0.307298558990795E+01
%  0.814158529390071E+01 -0.167340241547831E+02  0.129398475038569E+02
%  0.243395492504129E+01  0.165026020559412E+01 -0.373226820162461E+00
%  0.441530430931007E+00  0.286278622561500E+01  0.988102254510878E+01
% -0.389889304189401E+01  0.329306308769058E+01  0.180609379325445E+01
%  0.170512362886963E+02  0.141129283194689E+02  0.206835516232918E+02
% -0.523809931426639E+01  0.202025909045364E+01  0.481706876622590E+01
%  0.801870817444344E+01  0.167799432140678E+02  0.998671077351802E+01
% -0.296869680669850E+01  0.104421150396681E+02 -0.834407666183483E+00
%  0.122092603518234E+01 -0.114237287784834E+02  0.135225798707633E+02
%  0.118249302519786E+02 -0.719835394730529E+01  0.125403035213182E+00
%  0.104904760631989E+02  0.156351204090452E+01  0.204285909933798E+01
%  0.677030950205316E+01 -0.198222784939766E+02  0.384601990752610E+02
% -0.100497626564288E+02 -0.377556543656464E+01  0.145620441303590E+02
% -0.132046487673361E+02 -0.104034860779982E+02 -0.673053244124401E+00
% -0.172998433944983E+02 -0.419782122797822E+01  0.123534568913224E+02
%  0.221425443296563E+02 -0.767087461793848E+01 -0.138281637696118E+02
%  0.117452394878278E+01  0.344566588013225E+00 -0.883264052911798E+00
% -0.106899692193231E+00  0.987471289836031E+01 -0.171660315911941E+02
% -0.221510429513759E-01  0.262720642125114E+01  0.530843946724227E+01
%  0.579547838131418E+00 -0.152638393873440E+02  0.675784899274437E+01
%  0.606754348750784E+01  0.385635937503551E+01 -0.739319881993422E+01
% -0.348392515182593E+01 -0.167374406780471E+02 -0.153961650803997E+02
% -0.164366777537480E+02  0.760918411078295E+01 -0.145556258332397E+01
%  0.812873606762057E+01  0.470419064154094E+01  0.741810843277737E+01
% -0.132324756626228E+02 -0.131794948159929E+02 -0.363443533326003E+01
%  0.579681823573495E+01  0.305799366599357E+01  0.104275624764502E+02
% -0.196812336953327E+02 -0.218356841059828E+02  0.307865694916218E+01
%  0.712808306407981E+01 -0.635287620956229E+01 -0.129953514016275E+02
% -0.111124067320561E+02 -0.146702084594416E+02 -0.786326871881635E+01
%  0.292925417919611E+02  0.322059121338191E+02  0.478187284359592E+01
%  0.203087059254783E+02  0.160436642061345E+02 -0.212364341176367E+02
%  0.559089800491475E+01  0.100259087660393E+01  0.626398878508714E+01
% -0.125249943630886E+02 -0.260419371379323E+00 -0.591595428100804E+01
% -0.149432027062351E+01  0.285423505114520E+01  0.730817602094849E+01
%  0.662717920074490E+01 -0.459506189801520E+01 -0.202279112726371E+02
% -0.225653117233196E+01 -0.108908104894436E+02 -0.700481882691160E+01
% -0.794749122693079E+00 -0.188798094516824E+02  0.475187286742050E+01
% -0.311512416722095E+01  0.294656855753559E+01 -0.471634488519735E+00
%  0.126691436262496E+02  0.302196618308878E+02  0.124494643642354E+02
