% T    256  0.657656553154792E+01  0.657656553154792E+01  0.657656553154792E+01
  -0.293714554874317E+01 -0.188974243357509E+01  0.293083278906659E+01
  -0.211649446205776E+01 -0.202035846272144E+01 -0.284321490855770E+01
  -0.297243917941460E+01 -0.215041458082791E+01 -0.203658847017130E+01
  -0.281916938519269E+01 -0.270852088449790E+01 -0.297622902351876E+01
  -0.114794545132688E+01 -0.279449200765633E+01 -0.292828502083801E+01
  -0.276172016953344E+00 -0.211420563773730E+01 -0.273302398226328E+01
  -0.116464564244192E+01 -0.223277320414214E+01 -0.216679631303339E+01
  -0.324993468980048E+00 -0.289027944184219E+01 -0.193540703331365E+01
   0.435780970378934E+00 -0.310668856972668E+01 -0.278511078100215E+01
   0.131195136728126E+01 -0.241556233647644E+01 -0.277878732608218E+01
   0.405159167388019E+00 -0.210592003916374E+01 -0.197920879699216E+01
   0.132089567529896E+01 -0.297958326200765E+01 -0.184882111481628E+01
   0.214554326402851E+01  0.328095678774624E+01 -0.302209920161698E+01
   0.287422942750940E+01 -0.210120650952765E+01 -0.293379131036029E+01
   0.202222122554956E+01 -0.212788151435313E+01 -0.209000845690552E+01
   0.292401391443791E+01 -0.288326471456268E+01 -0.201872036986366E+01
  -0.291263481470322E+01 -0.126137583831059E+01 -0.268581561133038E+01
  -0.196764341787052E+01 -0.413205824338712E+00 -0.279527595089791E+01
  -0.308926984736847E+01 -0.382214838509915E+00 -0.209821999023311E+01
  -0.207095491865019E+01 -0.115739896650214E+01 -0.204860123078233E+01
  -0.112318581696789E+01 -0.124106191929855E+01 -0.274214199417142E+01
  -0.363841832854901E+00 -0.402954132493320E+00 -0.277331092936121E+01
  -0.129384054529841E+01 -0.258862180780997E+00 -0.200458102817188E+01
  -0.277242691190937E+00 -0.133466557457630E+01 -0.198012489187275E+01
   0.483160906174318E+00 -0.120561964648846E+01 -0.266873678343632E+01
   0.136311882498959E+01 -0.495966809595125E+00 -0.280565529307798E+01
   0.551908324654310E+00 -0.495472388118020E+00 -0.187893390376734E+01
   0.135745401096879E+01 -0.123166806040088E+01 -0.194900058466976E+01
   0.192437711296290E+01 -0.136206148681304E+01 -0.290515779600770E+01
   0.290395137319916E+01 -0.417847345154506E+00 -0.294757065060691E+01
   0.218032568179882E+01 -0.463838859444360E+00 -0.210794616497022E+01
   0.276337385696312E+01 -0.138758431682590E+01 -0.218373345775423E+01
  -0.305735331729118E+01  0.660426072282557E+00 -0.275292215270122E+01
  -0.215596650550546E+01  0.103221636612656E+01 -0.299283159240664E+01
  -0.269195829292307E+01  0.137269665826734E+01 -0.204302322223968E+01
  -0.228798908650986E+01  0.403449163239616E+00 -0.216227290353660E+01
  -0.127857965099169E+01  0.452844618721525E+00 -0.286763659087303E+01
  -0.427555612736227E+00  0.133547808084646E+01 -0.283619225209691E+01
  -0.147588931537545E+01  0.101820090210586E+01 -0.207674671451207E+01
  -0.321870914955615E+00  0.545457244941028E+00 -0.205641602293877E+01
   0.537984783226824E+00  0.468896906656960E+00 -0.259190495478010E+01
   0.132749069073002E+01  0.135499314557604E+01 -0.288307887850412E+01
   0.499308181830542E+00  0.141829896729814E+01 -0.182847748078940E+01
   0.137422484657883E+01  0.566116705051975E+00 -0.202295769544352E+01
   0.205173770235618E+01  0.450808533974466E+00 -0.295387825359107E+01
   0.277254280227657E+01  0.128897862187952E+01 -0.316662379678684E+01
   0.210217547819487E+01  0.139976638915443E+01 -0.193348912121518E+01
   0.280642519055482E+01  0.522103972294213E+00 -0.199564501158935E+01
  -0.278926995579481E+01  0.187825360854017E+01 -0.294957720048531E+01
  -0.201279218474024E+01  0.291829447209225E+01 -0.289628282485542E+01
  -0.282001595277923E+01  0.298707889516299E+01 -0.216261652508514E+01
  -0.205279706652848E+01  0.215932854461663E+01 -0.222481662211073E+01
  -0.124768891979703E+01  0.193139818134444E+01 -0.279547046139833E+01
  -0.408145387942197E+00  0.287952520053217E+01 -0.296760769208010E+01
  -0.122582495840770E+01  0.308991416408238E+01 -0.214792554460419E+01
  -0.449221600461445E+00  0.205964564772640E+01 -0.203552100005924E+01
   0.345323969903444E+00  0.218925954765091E+01 -0.291098259243261E+01
   0.120345908390732E+01  0.288480456772052E+01 -0.268142781929240E+01
   0.553045025647639E+00  0.278054056010391E+01 -0.172733754100257E+01
   0.133676679263293E+01  0.203732237492902E+01 -0.195045005430267E+01
   0.198488028438865E+01  0.206824491059529E+01 -0.298627687820814E+01
   0.309081859924054E+01  0.297042621110645E+01 -0.290120773743265E+01
   0.223088552107415E+01  0.274143028220052E+01 -0.216868683537136E+01
   0.293447217949149E+01  0.190994336309001E+01 -0.228074399808220E+01
  -0.300022567608739E+01 -0.290201456560001E+01 -0.128569429490583E+01
  -0.221387238697180E+01 -0.204022910971708E+01 -0.127486636582023E+01
  -0.293945587514496E+01 -0.224415943288092E+01 -0.544067991397099E+00
  -0.218484887647527E+01 -0.304900228494933E+01 -0.358668062842761E+00
  -0.203094623389208E+01 -0.290059800617302E+01 -0.191470075385849E+01
  -0.466937951797930E+00 -0.196030277202718E+01 -0.107190813983168E+01
  -0.137011900352815E+01 -0.225332078546063E+01 -0.565870851490453E+00
  -0.421477984720954E+00 -0.283194150469371E+01 -0.288277430142211E+00
   0.570654244619752E+00 -0.286437425782098E+01 -0.112166867429873E+01
   0.130878894495304E+01 -0.208616459405452E+01 -0.126449299686553E+01
   0.530730245876222E+00 -0.212664696469206E+01 -0.430620018170652E+00
   0.153728472992709E+01 -0.277723189676587E+01 -0.499058198878028E+00
   0.229461778320256E+01 -0.293595704894495E+01 -0.120459452503436E+01
   0.292281198749608E+01 -0.204468905655690E+01 -0.124838361452305E+01
   0.219318597740235E+01 -0.207588772924823E+01 -0.312250882469296E+00
   0.280496709712550E+01 -0.293786051745450E+01 -0.369109033888956E+00
  -0.315215648069768E+01 -0.108058625618090E+01 -0.124375339287144E+01
  -0.226349675175668E+01 -0.540905913297335E+00 -0.127073219236492E+01
  -0.310255385340716E+01 -0.321035467098710E+00 -0.370020379132840E+00
  -0.201164832074116E+01 -0.124284399046780E+01 -0.362967896223863E+00
  -0.125427411239844E+01 -0.114330707375615E+01 -0.124635158636156E+01
  -0.434590399949869E+00 -0.381611326127251E+00 -0.128683741503662E+01
  -0.119054644790204E+01 -0.434078055263047E+00 -0.388152305850415E+00
  -0.430525956606880E+00 -0.124444423202009E+01 -0.434380585638928E+00
   0.539203540660591E+00 -0.128019942799732E+01 -0.113864594693499E+01
   0.136471842448307E+01 -0.517075553333101E+00 -0.106361765090457E+01
   0.440053880417438E+00 -0.399895675146625E+00 -0.631729757120761E+00
   0.153278547258107E+01 -0.131665287932497E+01 -0.382195056307196E+00
   0.214766577926434E+01 -0.132565837354684E+01 -0.127737033606666E+01
   0.263529162623398E+01 -0.375470090302220E+00 -0.114568553319924E+01
   0.213087185062031E+01 -0.488259343355317E+00 -0.129472042205232E+00
   0.284565296735741E+01 -0.120886941283496E+01 -0.298141237687287E+00
  -0.310749852227160E+01  0.378060253965534E+00 -0.121566612814598E+01
  -0.208651984582643E+01  0.126254950315819E+01 -0.123540019451236E+01
  -0.277483928819691E+01  0.115272600398755E+01 -0.411530216272024E+00
  -0.205375801867421E+01  0.329887694493021E+00 -0.552353871428631E+00
  -0.137513880912172E+01  0.377484325820776E+00 -0.123396694662509E+01
  -0.471980478503773E+00  0.125274704911442E+01 -0.126712272229542E+01
  -0.118289717176027E+01  0.120151440729544E+01 -0.456930165917549E+00
  -0.339406816284390E+00  0.370938639045460E+00 -0.414378812862171E+00
   0.368398035382154E+00  0.434070509024116E+00 -0.127644926013429E+01
   0.128446042314539E+01  0.159620021446020E+01 -0.971674804915934E+00
   0.449986369087029E+00  0.105528018244990E+01 -0.368451270188487E+00
   0.124912249843505E+01  0.491048713313648E+00 -0.685085899389794E+00
   0.212264998911133E+01  0.652077009345132E+00 -0.125074509178888E+01
   0.298973767258303E+01  0.145824101458425E+01 -0.130460903326848E+01
   0.217068054758793E+01  0.126201111125580E+01 -0.424232278836097E+00
   0.281213811225358E+01  0.388858769769879E+00 -0.378820368411586E+00
  -0.276736280307720E+01  0.225399272583111E+01 -0.147821433714946E+01
  -0.209351082470211E+01  0.292039030798742E+01 -0.131842552286271E+01
  -0.202309236772093E+01  0.297606714539015E+01  0.467021111150815E+00
  -0.172659204631222E+01  0.211217849905383E+01 -0.291826247796085E+00
  -0.125893713163129E+01  0.235010325902772E+01 -0.129027123190842E+01
  -0.395995006141943E+00  0.292241075033662E+01 -0.115229371086210E+01
  -0.112389730419810E+01  0.294206223517261E+01 -0.261223951147150E+00
  -0.312692040733235E+00  0.189159686187686E+01 -0.336376894623545E+00
   0.452515474975439E+00  0.219400894351249E+01 -0.953942027329625E+00
   0.131751437925836E+01  0.296578763904784E+01 -0.986862355721997E+00
   0.373038204707041E+00  0.310504415641979E+01 -0.296943105765808E+00
   0.112953477839855E+01  0.226946632151714E+01 -0.181341895930672E+00
   0.215052246234397E+01  0.203599717428188E+01 -0.116692783336020E+01
   0.294409268231938E+01  0.286884387473796E+01 -0.111384021542609E+01
   0.217195333825268E+01  0.283931069598154E+01 -0.445361524658643E+00
   0.296797202457724E+01  0.193095599930119E+01 -0.363165886983147E+00
  -0.281903334268892E+01  0.265397063385053E+01 -0.425887974751759E+00
  -0.218935865376054E+01 -0.219857010827003E+01  0.297488870920573E+00
   0.283217321449162E+01 -0.274202883622014E+01  0.128794183996329E+01
  -0.213335233028280E+01 -0.288622647231221E+01  0.120538248427706E+01
  -0.134136918954547E+01 -0.288630362893151E+01 -0.121137531569661E+01
  -0.492003593045785E+00 -0.206340276801448E+01  0.350786352667890E+00
  -0.141557081024617E+01 -0.197193039620941E+01  0.146555889866516E+01
  -0.496158808143622E+00 -0.264121233138692E+01  0.123084566415784E+01
   0.461911292848502E+00 -0.269374168186968E+01  0.444730552951571E+00
   0.134428127248870E+01 -0.225593068653033E+01  0.501382672538185E+00
   0.360426250030387E+00 -0.205962115966703E+01  0.131868171744542E+01
   0.133056791211486E+01 -0.285002193422521E+01  0.137186019669268E+01
   0.210541202974694E+01 -0.289820294765429E+01  0.435678665267988E+00
   0.279652571083910E+01 -0.200554636615421E+01  0.558904914471368E+00
   0.212285438908853E+01 -0.205795954039981E+01  0.138098402465904E+01
  -0.292110633065178E+01 -0.297401466996338E+01  0.320607052454556E+00
  -0.284114913743387E+01 -0.120969958456823E+01  0.329359374641211E+00
  -0.203941623296647E+01 -0.344400888294114E+00  0.362493421910777E+00
  -0.294085345322702E+01 -0.453850437207982E+00  0.124561333199985E+01
  -0.208127669124725E+01 -0.114820423430206E+01  0.123004069057871E+01
  -0.132001473823739E+01 -0.125830897453284E+01  0.526071780986889E+00
  -0.368808289949540E+00 -0.568663546943140E+00  0.261195722106128E+00
  -0.110939493519488E+01 -0.362416565377268E+00  0.101601769067821E+01
  -0.435374030512597E+00 -0.118344993523007E+01  0.128931180987605E+01
   0.338708208786174E+00 -0.145973040330935E+01  0.365269538222873E+00
   0.108094204375236E+01 -0.458792573520297E+00  0.270843923619640E+00
   0.405727018512828E+00 -0.459663327011158E+00  0.125038411721873E+01
   0.117992542668670E+01 -0.131501923569108E+01  0.116228786080902E+01
   0.210076546430356E+01 -0.130611421460180E+01  0.525248791998933E+00
   0.292141671237267E+01 -0.402992831192512E+00  0.567365013440381E+00
   0.205899381930871E+01 -0.557002703694062E+00  0.118948044122771E+01
   0.291422342464968E+01 -0.123212201340910E+01  0.132486956218082E+01
  -0.291842296009875E+01  0.405604312539882E+00  0.444286863190203E+00
  -0.232385003393386E+01  0.136976360386551E+01  0.604524292011418E+00
  -0.304935667518831E+01  0.104637268974560E+01  0.124966122601907E+01
  -0.207628684700784E+01  0.402954772891770E+00  0.124444968834429E+01
  -0.143830951203342E+01  0.546620135084782E+00  0.244442470435513E+00
  -0.482586324994142E+00  0.126106738314807E+01  0.423748049854247E+00
  -0.108496719645751E+01  0.123708974387051E+01  0.134849779412603E+01
  -0.337555081272814E+00  0.362249977598751E+00  0.108763974964165E+01
   0.519480348984320E+00  0.453767919665834E+00  0.502074761894852E+00
   0.130571145399741E+01  0.129159932138764E+01  0.391798282197212E+00
   0.663619797499810E+00  0.117476407046677E+01  0.135766846666197E+01
   0.120366488058080E+01  0.238003529152315E+00  0.129743043182263E+01
   0.186658699274885E+01  0.343204364248509E+00  0.324214836122933E+00
   0.279170356917950E+01  0.123125412756137E+01  0.516142164394103E+00
   0.181461742485538E+01  0.114554412629898E+01  0.132850728824300E+01
   0.251305839607747E+01  0.435847939381408E+00  0.113321631165973E+01
  -0.297699258993225E+01  0.212485281147329E+01  0.535813920775940E+00
  -0.137500647828954E+01  0.307310502988442E+01  0.129178702507300E+01
  -0.276264793088854E+01  0.288450963033135E+01  0.121549676262136E+01
  -0.198989749302370E+01  0.216512568332665E+01  0.127164139220476E+01
  -0.111290690480252E+01  0.203550527630170E+01  0.668842621310189E+00
  -0.501438808999140E+00  0.298030066050916E+01  0.638343208212548E+00
  -0.125595548642816E+01 -0.278334609591385E+01  0.378893621195466E+00
  -0.348065595821336E+00  0.193104913138002E+01  0.129945228025122E+01
   0.319096383110070E+00  0.230158526010135E+01  0.507449144942262E+00
   0.124480232092297E+01  0.315491271084164E+01  0.574278400933235E+00
   0.168946207023470E+00  0.304207863557986E+01  0.135548969237774E+01
   0.121379236895365E+01  0.222668103367163E+01  0.107751157891136E+01
   0.199075569977436E+01  0.227251734577217E+01  0.446131081793001E+00
   0.278812384489741E+01  0.293859863970605E+01  0.600658708445823E+00
   0.206172836086959E+01  0.291523111654812E+01  0.128860161487615E+01
   0.262624469085629E+01  0.204306004471312E+01  0.136659736722036E+01
  -0.285953285028161E+01 -0.290724340557663E+01  0.206896906047224E+01
  -0.289198350283339E+01 -0.214009301448456E+01  0.130491322069881E+01
  -0.219549291757762E+01 -0.212280751624336E+01  0.213614864743932E+01
  -0.190133790209131E+01 -0.287006367168141E+01  0.293000385315837E+01
  -0.121262948676837E+01 -0.279620607703928E+01  0.217530292313976E+01
  -0.459451247771861E+00 -0.198723213063224E+01  0.217041430686871E+01
  -0.132517379576882E+01 -0.195926501426104E+01  0.299661977860523E+01
  -0.394715467205175E+00 -0.284420349836105E+01  0.299316102358024E+01
   0.312779796180722E+00 -0.266234899759166E+01  0.222747275810191E+01
   0.121554753124081E+01 -0.199479430188966E+01  0.215797365147242E+01
   0.583200579903710E+00 -0.201516467832360E+01  0.311392135664921E+01
   0.119593995303639E+01 -0.284491011114015E+01  0.271986767849775E+01
   0.213998954050066E+01 -0.293721455428934E+01  0.208312879218076E+01
   0.282126846240920E+01 -0.206021515505528E+01  0.211553261051228E+01
   0.192725700807491E+01 -0.212331043429771E+01  0.287598029642281E+01
   0.293267963379091E+01 -0.298033281681277E+01  0.279985947357728E+01
  -0.279860997926288E+01 -0.109306636459323E+01  0.201183324517936E+01
  -0.194459405645914E+01 -0.403401719824978E+00  0.203859032063212E+01
  -0.283549096525593E+01 -0.324231687860004E+00  0.289939272267432E+01
  -0.213573409752896E+01 -0.114915106171894E+01  0.297674319441058E+01
  -0.111781828879179E+01 -0.940674945602880E+00  0.195158901310551E+01
  -0.228762339484819E+00 -0.314450826693593E+00  0.205200615501867E+01
  -0.124738590836119E+01 -0.623012751503478E+00  0.295754614721630E+01
  -0.227901988925112E+00 -0.119117189052300E+01  0.308102617391436E+01
   0.439995805029542E+00 -0.117918249293132E+01  0.216277156582516E+01
   0.118654339555502E+01 -0.524054795726774E+00  0.203089056446499E+01
   0.557408333908931E+00 -0.404064992488079E+00  0.302447863959378E+01
   0.120681971908865E+01 -0.131324103298084E+01  0.294256079266317E+01
   0.200041898258148E+01 -0.132074236647711E+01  0.218833359774479E+01
   0.272095071333319E+01 -0.465259627668072E+00  0.194358401694554E+01
   0.217955128463385E+01 -0.458687210049076E+00  0.289083415797980E+01
   0.282370476212521E+01 -0.120509013977596E+01  0.289642471165162E+01
  -0.299117939747965E+01  0.294239007543387E+00  0.197103825258297E+01
  -0.216331326895562E+01  0.113593045557858E+01  0.203074892945790E+01
  -0.287539905706837E+01  0.104035938067183E+01  0.278315259363249E+01
  -0.195486549005502E+01  0.358593496880162E+00  0.279296385223885E+01
  -0.123891417584210E+01  0.348646778479850E+00  0.197436650248213E+01
  -0.343225515785609E+00  0.974262019756152E+00  0.203589060826821E+01
  -0.113221630683408E+01  0.103357207058117E+01  0.286222900918747E+01
  -0.490134423818793E+00  0.214270725340331E+00  0.288756134397710E+01
   0.532933547214348E+00  0.337418802507173E+00  0.202420371566956E+01
   0.113645358253217E+01  0.129400081569176E+01  0.219994389592314E+01
   0.314834263085503E+00  0.122799592623461E+01  0.302690849313742E+01
   0.126129810979062E+01  0.362620921157222E+00  0.288864582634459E+01
   0.194492832412061E+01  0.301544762538071E+00  0.203076770669878E+01
   0.275863646057915E+01  0.123656695994036E+01  0.205718449029486E+01
   0.194698519609034E+01  0.105122187326812E+01  0.273758034931373E+01
   0.288786853031105E+01  0.355774017537663E+00  0.272049709109125E+01
  -0.272061357160223E+01  0.211774120768982E+01  0.207389805483705E+01
  -0.185352123504471E+01  0.283990569626410E+01  0.219661058086499E+01
  -0.282570806385148E+01  0.279258156894463E+01  0.293353951750715E+01
  -0.182998758663034E+01  0.179714024682781E+01  0.293891741742362E+01
  -0.113671388612264E+01  0.212845988062146E+01  0.195088137240962E+01
  -0.502631953039312E+00  0.294438713706052E+01  0.215882302823695E+01
  -0.122334964712370E+01  0.287686857458114E+01  0.304386366824586E+01
  -0.590706843379561E+00  0.207113750415346E+01  0.283230358541016E+01
   0.184671249404932E+00  0.206259903759772E+01  0.217749588835099E+01
   0.996580376526193E+00  0.278841488327762E+01  0.201574089303067E+01
   0.443704067361427E+00  0.295873071460356E+01  0.292079453674116E+01
   0.115247026072302E+01  0.205542932662211E+01  0.292996406020032E+01
   0.186660094015920E+01  0.194274364095265E+01  0.219005827891123E+01
   0.285594974287892E+01  0.284253585248328E+01  0.204632611647447E+01
   0.189452969114925E+01  0.291066808986406E+01  0.263137151063805E+01
   0.300801969936043E+01  0.209974659744526E+01  0.284249652150325E+01
% -0.118813197171787E+01  0.167307836902124E+01  0.103253807378229E+01
%  0.562555722237965E-01 -0.153831789541478E+01 -0.134178399024481E+01
% -0.641086200042259E+00 -0.256355532815737E+00 -0.121967789697905E+00
%  0.180524670424705E+01 -0.217314541873011E+00 -0.397738096273039E+00
% -0.252895960902338E+00  0.145996084605444E-01  0.448590306919210E+00
%  0.145108150254952E+01  0.175834606532379E+01 -0.108393099267614E+01
%  0.440550815483971E+00  0.263707626857048E+00  0.796344402235864E+00
%  0.423940591697279E+00 -0.929728086787534E+00  0.161714974790298E+01
%  0.346017852496244E+00  0.119615279683679E+01 -0.123493820269334E+01
%  0.254186889931079E+00 -0.171458127286387E+01  0.827835612977860E+00
% -0.199932583737622E+00  0.964434061535407E+00 -0.433795390266120E+00
% -0.164854268526092E+01  0.328433414659726E+00 -0.103072081460076E+01
%  0.719119909514972E+00  0.405198577859691E+00  0.408052061491746E+00
%  0.338823224020132E+00  0.328669669106093E+00 -0.133963470802443E+01
% -0.145848571302680E+00  0.127912661502847E+01  0.170530808876062E+01
%  0.482000645049549E+00 -0.104995504887597E+01  0.132034266383267E+01
% -0.844370340905590E+00 -0.200892107540161E+01  0.238540441155575E+00
%  0.151768086943242E+01 -0.456149802463831E+00 -0.778800169187293E+00
%  0.139402742967109E+01 -0.298872624424776E+00  0.333537673873185E+00
% -0.474342948451368E+00 -0.396185799942787E+00 -0.487469648848899E+00
% -0.221894153243205E+00  0.605235067069041E+00 -0.498145997820757E+00
%  0.321650643004621E+00 -0.155863423026998E+01  0.138269203553340E+01
%  0.125916869256592E+01  0.135749291578010E+01 -0.277782505383451E+00
% -0.352698522059102E+00 -0.317226899173344E+00  0.108756818972325E+01
%  0.122381233711536E+01  0.889141093490802E-01  0.962216310870050E+00
% -0.471769942483412E+00 -0.762088086498813E+00  0.163337296012605E+00
% -0.604074813507044E+00  0.148934806346906E+01 -0.880858222030055E+00
%  0.779016331201294E+00 -0.361074713846244E+00 -0.138771103677179E+00
% -0.794704242802649E+00 -0.212591276743232E+00  0.490998754091040E+00
% -0.395862738978199E+00 -0.233787040082492E+01 -0.390406177213957E+00
% -0.624290560684956E-01 -0.311957617901496E+00 -0.869742611301692E+00
%  0.148030631914036E+00 -0.140951196401265E+01 -0.903411697659294E+00
% -0.679361830213095E+00  0.509684598192087E+00  0.321281083801626E-01
% -0.830168025048918E-01 -0.222053449619498E+01  0.195800660594993E+00
%  0.472350505993385E+00 -0.188455806447885E+00  0.597062660575081E+00
%  0.858921900733110E+00  0.104267373184974E+01  0.894589139082696E-01
% -0.174328874835341E+01  0.129678380904513E+01 -0.620602521588864E+00
% -0.203130347534568E+01  0.204889695606264E+01  0.125596162176334E+01
% -0.876549786845362E+00 -0.704664452021907E+00  0.896237770222757E+00
%  0.202387577488170E+00  0.119591900863548E+01 -0.788323108120064E+00
% -0.137718711835077E+01 -0.169555557793826E+00  0.114383270000741E+01
% -0.160199000252765E+01 -0.362205168973529E+00 -0.125669453411400E+01
% -0.824085154608583E+00 -0.116487458013925E+01 -0.162886867841709E+01
% -0.190727482941955E+00  0.150677679502578E+01  0.281169546449534E+00
% -0.266626073199166E+00  0.138622094036386E+01  0.240184657076076E+00
%  0.378058468110872E+00  0.311244537800678E+01 -0.130968909706886E+01
% -0.332123915428108E+00 -0.379078421845849E+00  0.110281162028809E+01
% -0.782930938565343E+00  0.789047528670842E+00 -0.272046057220010E+00
% -0.153515401345670E+00 -0.656333312702970E+00 -0.137559854534225E+01
%  0.436408547336678E+00  0.184468760496120E+01 -0.332317695446364E+00
% -0.130894379091098E+01 -0.102479086133893E+01 -0.208853597848778E+00
% -0.459444026544300E+00 -0.826420242547560E+00 -0.772982043006978E-01
% -0.411949631444237E+00 -0.310812843622200E+00  0.314432945918237E+00
% -0.262491107691290E+01 -0.179075107078946E+01 -0.888504670885098E+00
%  0.492452869601279E+00  0.377106785987622E+00 -0.402387545073246E+00
% -0.838698813638121E+00 -0.822023302885636E+00  0.315898909053928E+00
% -0.141531214592892E+01  0.231857123126433E+01  0.867373530424017E+00
%  0.400371918830753E+00  0.442916451057982E+00  0.233483994966967E+01
%  0.665123779278605E+00 -0.424622571800294E+00 -0.166052061033858E+00
%  0.244086299379644E+01 -0.778259638528469E+00 -0.141248397783025E+01
% -0.657306043308638E+00 -0.106864206630528E+00  0.976226041940997E+00
% -0.368573574784857E+00  0.108849408195627E+01 -0.141589369861640E+01
%  0.156094589832283E+00  0.145050476795446E+01 -0.755019146165410E+00
%  0.144899243665875E+01  0.236462559168750E+01  0.211187909467905E+00
%  0.454464600555681E+00  0.909977297927208E+00  0.280614282077028E+00
% -0.132184765563092E+01 -0.197442776672524E+00  0.148855167797234E+00
% -0.159864818309191E+00 -0.254070322691892E+00  0.124605065866286E+01
% -0.897684789558855E+00 -0.121057829912732E+01 -0.136888340855790E+01
% -0.336563520988172E+00 -0.948673737895793E+00  0.141861503356922E+00
%  0.215152732055083E+00  0.385108873022289E-01  0.113398268462446E+00
%  0.210714035666054E+01  0.107429285940080E+01  0.146007062515785E+01
% -0.279000873151342E+00  0.227440490160992E-01  0.104157087262401E+00
% -0.863068938617492E+00 -0.976469043311960E+00 -0.106234657450022E+01
%  0.270084138612304E+00  0.132976104945376E+01  0.132722398483581E+01
%  0.132769703143970E+00  0.168640793685566E+01 -0.511483646848605E-01
% -0.601856761929228E+00  0.640564683774348E+00 -0.135039012804183E+01
% -0.380963182304151E+00  0.111892969229273E+01  0.731302035236179E-01
% -0.279289159467580E+00 -0.298626218241610E+01 -0.127982419438711E+00
%  0.497769134984667E+00  0.412780625345183E+00  0.165558237942213E+01
%  0.163051851928955E+01  0.115145450117641E+00 -0.205498878297602E+01
% -0.776724143146096E+00 -0.182238268271243E+01  0.431110843879917E+00
% -0.173011320656192E+00  0.660265129007920E+00 -0.430214399064203E+00
% -0.819380202117147E-01 -0.926588107109665E+00  0.193529572233270E+00
%  0.788574001054988E-01  0.196229550401092E+01 -0.255975097964661E+00
% -0.102846786769338E+01 -0.375461441842930E+00  0.502359435198983E+00
% -0.736210087517035E+00  0.773792154649493E+00 -0.804411799419960E+00
% -0.107612443536431E+01 -0.444681490292562E+00  0.112765478603173E+00
%  0.165328896214505E+01 -0.584992595183019E+00 -0.236256601344141E+00
% -0.681570337495248E+00 -0.489210723737667E-01 -0.153135109657161E+01
% -0.465789937761191E+00 -0.225790811903397E+00 -0.501220085697069E+00
% -0.127578001139788E+01 -0.171288251912196E+01  0.562963712803127E-01
% -0.200873758582595E+01 -0.247910481407679E+00  0.232438141683852E+00
%  0.120474242721835E+01 -0.617056321038721E+00 -0.453999314562608E+00
%  0.867180470747834E+00  0.480774330510602E+00 -0.280985823476576E+00
%  0.689818676622754E+00  0.807551853412784E+00 -0.756417573068835E+00
% -0.345021598902803E+00 -0.179133424316155E+00  0.334751661723481E-01
% -0.756403866176343E+00 -0.542348406846701E+00 -0.160254961519273E+01
%  0.601483459449331E+00 -0.795113971182536E+00 -0.263699283020408E+00
%  0.925159433671698E+00  0.505674996106240E+00  0.384270981245151E+00
%  0.757432543876729E+00 -0.881292388886736E+00 -0.497174239626002E+00
%  0.586578941852789E+00  0.130896282952773E+01 -0.464119450276334E+00
% -0.968538364115268E+00  0.632350629988262E-01  0.706849067561519E+00
% -0.858242520294438E+00  0.284194227139874E+00 -0.951179186518463E-01
%  0.100972824572261E+01  0.108373256223735E+01  0.588313954442917E-01
%  0.191986209553027E+01  0.366931123424904E+00  0.100799833383247E+01
%  0.879777575426096E+00  0.546035775227688E+00 -0.130789305658869E+00
%  0.383906637500859E+00  0.119147307847509E+01  0.277599219660378E+00
%  0.105382010857358E+01 -0.104160676136855E+01 -0.804240103150027E+00
% -0.115581234626960E+01 -0.185160958521546E+01  0.128847330653533E+00
%  0.167105217514785E+01  0.779443638826049E+00 -0.279725680423367E+00
% -0.620067691849734E+00 -0.129526866233113E+01  0.962121311880477E+00
% -0.145196310930664E+01  0.213283599930166E+01  0.954239342057313E+00
%  0.653669003608073E+00  0.139003648416594E+01  0.505453629728184E+00
% -0.797715919187688E+00 -0.982136212073131E+00  0.296461323277625E+00
% -0.245728219592596E+00 -0.977247691084145E+00  0.444956105323900E+00
% -0.883642810369077E+00 -0.961821473989645E+00 -0.161913729634412E+00
% -0.633488743917844E+00  0.542643704725423E+00  0.107524220827808E+01
% -0.615722958386676E+00 -0.639346969280555E+00  0.102110156322684E+01
%  0.764000910839766E+00 -0.196427275736687E+01 -0.143262549924918E+01
%  0.162822146029904E-01  0.729137826634665E+00  0.104421891283797E+01
%  0.197080311879659E+01  0.220599909053101E+01 -0.157995677444042E+01
%  0.472999788363917E+00 -0.501260000115865E-01  0.110394914425803E+00
%  0.454042490346593E+00 -0.367965892650749E+00  0.132943109202153E+01
% -0.176739173498521E+01  0.146480279004430E+01  0.210323869192481E+00
%  0.791942764137723E+00  0.939130609650292E+00 -0.420316978240129E+00
%  0.863872868640699E-01 -0.203950725259523E+00 -0.834881143675973E+00
%  0.497428309806264E+00 -0.114552852274490E+01 -0.121256071472554E+01
%  0.141923498252271E+01  0.179976559873801E+01  0.349619704311813E+00
% -0.645568341425833E+00 -0.661795141653046E+00 -0.411114220806621E+00
%  0.263210565518339E+00 -0.982509284455411E+00 -0.435405256845654E+00
%  0.929190255582873E+00 -0.620175407452378E+00  0.700361351283219E+00
% -0.165635834502366E+01  0.785143785577768E+00 -0.812274643112349E-01
%  0.825491101803913E+00 -0.550190763354666E+00 -0.772664296634924E+00
% -0.567642346942116E+00 -0.575536330862870E+00 -0.314072166141746E+00
%  0.698499957665859E+00  0.135779887504337E+00 -0.440559024108540E+00
% -0.131310998674633E+01  0.453083434790260E+00 -0.864526227174576E-01
%  0.123142704033331E+01  0.981093981417749E+00  0.377023091452916E+00
%  0.588487691213366E+00  0.188007475872789E+00  0.140081686976047E+00
% -0.437610002308738E+00 -0.255151837771946E+00  0.137073261871169E+01
%  0.269251651824541E+00 -0.411205195482725E+00  0.138270197892326E+01
% -0.198155552927838E+01  0.703407590599899E+00  0.608903033134410E+00
% -0.210053305294285E+00  0.574227040984349E+00  0.176785949383397E+01
%  0.311515190482232E+01  0.257942969009858E+00 -0.122663685321113E+01
%  0.572145390719392E-01  0.693077986762749E+00 -0.535263808473992E+00
%  0.452240383908716E+00 -0.236254144316478E+00  0.147346201890007E-01
% -0.106589604876677E+01 -0.232052617640093E+00  0.171105215182744E+01
%  0.269311349540021E+00 -0.253114245767491E+01  0.202913167837822E+00
% -0.153213375026984E+01 -0.260970955513167E-01  0.405616774605378E+00
% -0.339421970827882E+00  0.142491304735352E+01  0.766014250335918E+00
% -0.634327022276798E+00 -0.143425404598448E+01 -0.160180462226704E+01
% -0.980984161028135E+00 -0.467349366755518E+00 -0.720025675335958E+00
%  0.621187511537001E+00 -0.834734950307159E+00  0.420206873753499E+00
% -0.261001652092993E+00 -0.145552293497475E+01  0.874141083599649E-01
% -0.406781086112460E+00  0.775761287647949E+00  0.445657174872493E+00
%  0.530950620949895E+00  0.183119617240303E+00 -0.109082296848609E+01
% -0.103195410553479E+01 -0.134403873237593E+01  0.120774062737870E+01
%  0.176164582027752E+01 -0.684707452563886E+00  0.514972848441036E+00
% -0.128570764435379E+00  0.705727412129705E+00  0.303125668037623E+00
%  0.461733242088819E+00  0.162763747312935E+01 -0.200372373913664E+01
% -0.728131989483857E+00  0.190717860837588E+00  0.106657477442487E+01
% -0.657611707250383E-01  0.205986430568503E+01  0.740669368455278E+00
% -0.958306281700945E+00  0.846588541545691E+00 -0.144386883979650E+01
% -0.158753842244051E+00  0.181076390655166E+00 -0.372802181712257E+00
% -0.177978408474326E+01  0.101077469642018E+00  0.133773946323348E+00
%  0.440425944323351E+00 -0.118982789678005E+00 -0.534454231116790E+00
% -0.743261950873146E+00 -0.157443818214688E+01  0.231285479846865E+00
% -0.252245928743661E+00  0.647721269379433E+00  0.100216940256989E+01
% -0.141979466881550E+01 -0.851444046543445E+00 -0.255507341126103E+00
% -0.576866419218058E+00 -0.156230854003490E+01  0.348148047444915E+00
%  0.242318725118002E+01 -0.140938294546474E+00 -0.486805678289577E+00
%  0.186351792765813E+00 -0.637680967277728E+00  0.152566835193313E+01
%  0.667464400549184E-02 -0.133743861455537E+01  0.666291825854764E+00
% -0.784675011348281E+00  0.155617792819438E+01  0.183042527463470E+01
% -0.159369960855847E+01 -0.116787231312992E+00  0.782267349984523E+00
%  0.533329639525801E+00 -0.795601202651723E+00  0.108498170458822E+01
% -0.248922204588516E+00  0.122205081714343E+01 -0.118520030499590E+01
% -0.219674354859819E+01  0.986488332007937E-01  0.912001347641303E-01
%  0.129054081995127E+01 -0.483865300404804E+00 -0.293682379374799E+00
% -0.173729690631502E+00 -0.997960305228744E+00 -0.950108635673257E+00
% -0.806694151873909E+00  0.631640586079977E+00  0.522906288246177E+00
%  0.447409460425771E+00 -0.113658641763761E+01 -0.942017367297790E+00
% -0.114047075748689E+01 -0.440197331856620E+00  0.860895064233041E-01
%  0.568651266129875E+00 -0.826765140870816E+00 -0.212132618485600E+00
%  0.250067212115230E+01  0.126581524465410E+01 -0.635809318029119E+00
%  0.143473951937369E+01 -0.115023875034971E+01 -0.143177925740281E+01
%  0.663474575926500E+00  0.127599331961795E+00 -0.344943794221694E+00
%  0.551824583031501E+00 -0.406583652941502E+00 -0.434360479168341E+00
% -0.546900727512727E+00 -0.602118284004745E-01 -0.106743213059261E+01
% -0.351178952761186E+00 -0.816674378225268E+00  0.695837073434672E+00
%  0.616675584371700E+00  0.239202963678083E+00 -0.436335317712887E+00
%  0.191265187915752E+00 -0.116117464174361E+01 -0.191702652785911E+00
%  0.733732109010123E+00  0.791493022369268E+00  0.161167377074281E+00
% -0.110600100088592E+01  0.773759240019263E+00  0.361402988554230E+00
%  0.909973333769539E+00 -0.792878326582268E+00  0.107603297646960E+01
%  0.801576196136384E+00  0.663617292911211E+00  0.149770057651862E+01
%  0.545382265337630E+00 -0.166843902546805E+00 -0.276542799488829E+01
% -0.473142244364683E+00  0.117258344278678E+00 -0.111041571640570E+01
%  0.121879388757996E+00 -0.135122854820958E+01  0.176584476357109E+01
% -0.458484339017030E+00  0.198349298284585E+01  0.810773791626749E-01
%  0.465642340285918E+00  0.114251297132531E+01  0.102758594858210E+01
% -0.789639097281107E+00  0.492457878907742E+00 -0.577849295708420E+00
%  0.114693441680035E+01  0.140845169944331E+00 -0.723684784047942E+00
%  0.118263433311940E+01 -0.115002222506093E+01  0.723279071302155E-01
%  0.923994914698037E-02  0.175393579676295E+00 -0.145346405658855E+01
%  0.304903029313822E+00 -0.991741610594822E+00  0.103605866211074E+01
% -0.245130011516211E+00  0.105375721027442E+01  0.117844953532480E+01
% -0.500224923306677E+00  0.147232375614460E+00  0.756120070359668E+00
%  0.362503027584914E+00  0.178024463032176E+01 -0.107984240779799E+01
% -0.380370000716466E+00  0.105265907445737E+00 -0.617545109506017E+00
%  0.166641086633975E+00  0.148231368955260E+01 -0.161380876005974E+00
%  0.115793851143693E+01  0.505298374326514E+00  0.160091867247078E+01
%  0.239823865799457E+00 -0.104387688599650E+01  0.202840125258145E+00
% -0.255924854651264E+00 -0.150298542141587E+01  0.128976827709658E+00
%  0.332559242756730E+00  0.356009285815073E+00  0.810833012109101E+00
% -0.650309883134348E+00  0.951529729584951E+00  0.104269472785639E+01
% -0.130443496753636E+00 -0.182229477352166E+01 -0.125678004276755E+01
%  0.345926251644013E+00 -0.105251725363250E+01  0.134839667791637E+01
% -0.775636806840306E-01  0.648351148776750E-01  0.681457466050434E+00
% -0.108965369032651E+01 -0.732530372967051E+00  0.167982116110674E+01
% -0.170546490828517E+00 -0.633745508030829E+00 -0.215830844010234E+00
%  0.174081203396508E+01  0.145121685457989E+00 -0.965791224865446E+00
% -0.839569593210170E-01 -0.571610977939831E+00 -0.694229573635357E+00
% -0.130479369000267E+01 -0.103615478084771E+01  0.118007298311864E+00
% -0.156121257365284E+01  0.387165242758480E+00 -0.998375279126497E-01
% -0.301219597705745E+00  0.356792368341655E+00 -0.502340345900491E+00
%  0.109337798468376E+01  0.282366371287242E+01  0.154874191322077E+00
% -0.232993351815401E+00 -0.678834035783347E+00  0.551810524711862E+00
%  0.570379261407303E+00 -0.127493487034989E+00 -0.612438884932646E+00
%  0.624869758896039E+00 -0.182815080475110E+00  0.701341654457072E+00
% -0.958144073710373E+00  0.342385731481048E+00 -0.599953956845079E+00
%  0.305249076541236E+00  0.145892975406414E+01 -0.711671976444347E+00
% -0.108253581884336E+01 -0.867584042333895E+00  0.109084163777199E+01
%  0.666161596854207E+00  0.325720237220273E-01  0.234546917980472E+00
% -0.119268408035512E+01 -0.116980339589164E+00 -0.534190024932849E+00
%  0.238732298994697E+01  0.323579587037247E+00 -0.119378907909400E+01
%  0.452632663709847E+00 -0.892845898248097E+00 -0.597593008428841E-01
%  0.820908735024493E-01  0.789743421075192E+00  0.141438076922603E+01
% -0.688464636437984E+00  0.334113444075025E+00 -0.220963563601987E+01
%  0.195503357335000E+01 -0.146021312884928E+01 -0.194609284653641E+00
%  0.208762548360111E+00  0.769988131803005E+00  0.197114337288985E+01
%  0.146338556850935E+01  0.101474387074519E+01 -0.151297680573705E+00
%  0.991872139415821E+00 -0.792237070589973E+00  0.102308240899319E+00
%  0.440275628061902E+00 -0.363657702233364E+00 -0.907259798037724E+00
% -0.568577066454420E+00  0.726866105235708E-01 -0.168066380263288E+01
%  0.126692479197583E+01 -0.785577531932150E+00  0.914882379153829E-01
% -0.132723832116758E+01 -0.139729759740904E+01 -0.387081409548051E+00
%  0.419376089191388E+00 -0.616253872384891E+00 -0.690748458560530E+00
%  0.165605690813791E+01 -0.395836552468534E+00  0.586159502236240E+00
% -0.247067963433002E-01 -0.100362428331057E+00  0.191731177631572E+00
% -0.413769309834787E+00 -0.130138449268418E+01 -0.124900918854896E+01
%  0.252716211243412E+00  0.105788421712565E-01  0.128728189697227E+01
%  0.713524217708035E+00 -0.162800131909686E+01  0.131016871745899E+01
% -0.130785917852945E+01  0.105663013124680E+01 -0.178400334555415E+01
% -0.107496281669908E+01  0.177673387282055E+01  0.138810963885480E+01
% -0.449446938829837E+00  0.270843246310219E+00 -0.130314472299175E+01
%  0.791207499213262E+00  0.754303145297141E+00  0.932539618659549E-02
%  0.544493377251092E+01 -0.116414747821807E+01 -0.920145503134999E+01
%  0.205503618823476E+02  0.169096736291670E+02  0.831073309750769E+01
%  0.214624193138462E+02  0.211626318379459E+02 -0.127117703691121E+02
% -0.136907041324266E+02 -0.319896117269212E+02 -0.176649680979829E+00
% -0.105397119854577E+02 -0.321141792705692E+02 -0.286516532828018E+02
% -0.571817726996985E+01  0.104244725327793E+01 -0.223121181099268E+02
% -0.983633448991029E+01  0.402370881567010E+02  0.560748187613955E+02
%  0.856700984623135E+00 -0.434634632610178E+01  0.648367699196926E+00
% -0.267577950668081E+02  0.430345307355012E+02  0.160248191613669E+02
% -0.534394296550876E+01 -0.194670150989530E+01 -0.970496057232100E+01
%  0.286825147605682E+02 -0.730702462448311E+01  0.143172104027099E+02
%  0.718212140410714E+01 -0.328662100731764E+01 -0.966883609242240E+01
% -0.176539445412164E+02  0.276248272570208E+02 -0.687355008373009E+01
% -0.102504537233077E+02 -0.663032018326997E+01 -0.351766345910313E+01
%  0.989436730226191E+01 -0.476420265205533E+01  0.966589593180493E+01
% -0.341017533661228E+02 -0.156453376516740E+02 -0.381998231698714E+02
%  0.387180541719256E+01 -0.592089462255766E-01 -0.172785202535393E+02
% -0.838505145110793E+01  0.156647706858872E+01 -0.133343394626549E+02
%  0.620565027606516E+01  0.503286873654308E+01  0.137057131932755E+02
%  0.767892291734532E+01 -0.180389822773948E+02 -0.636956200061828E+01
% -0.170905331847336E+01 -0.257800373270894E+01  0.495454451930249E+01
%  0.205557730092927E+00  0.382085971103399E+01  0.714226389896504E+01
%  0.674189071320596E+01 -0.145422642864503E+02 -0.115664995027965E+02
% -0.198081418054501E+02  0.147557122727814E+02  0.117826477982066E+02
%  0.115360533743616E+02 -0.309589097285202E+01 -0.133686452680118E+02
% -0.892273166979694E+01  0.132740022202654E+02 -0.201424056380259E+01
% -0.254542812849473E+01  0.110368581037104E+02  0.463919485010230E+00
% -0.757155421877139E+01 -0.690359477501146E+00 -0.753114355433109E+01
%  0.186627106792212E+02 -0.770800106376706E+01  0.774500533474961E+01
%  0.212526626211009E+00  0.473671848486713E+01  0.173126554449413E+01
% -0.123919544892636E+01  0.317323805270968E+01 -0.117747046048937E+00
%  0.555839147078334E+00  0.123328720420778E+02  0.125937691241702E+02
% -0.300062910533685E+02 -0.116657925702472E+02 -0.166106347112323E+02
%  0.216615834102197E+02  0.117944332923736E+02  0.763845152303756E+00
% -0.187151376158313E+02 -0.130815091679903E+02 -0.246702984683911E+01
%  0.825301849689454E+01 -0.256456707087201E+02  0.247439552408672E+02
%  0.134353826905916E+02 -0.257589611869191E+02 -0.124195502491700E+02
%  0.480899827392468E+01 -0.136179256562305E+02  0.327114339500038E+01
%  0.118775769802780E+02  0.307003721774377E+02  0.129338794537612E+02
% -0.247131803380537E+02 -0.463849033960849E+01 -0.194813847004881E+00
%  0.711018037920838E+00 -0.370407885731511E+01 -0.218306686441359E+02
% -0.257907437968521E+02 -0.360296832365239E+02  0.107199258377641E+02
% -0.668551312261814E+01 -0.594226127121245E+01 -0.111502342930497E+01
%  0.975077834768487E+01 -0.940255644556805E+00  0.855337038847674E+01
%  0.562091522116550E+01 -0.528684809062972E+01  0.883322306073780E+01
% -0.569225989682099E+01 -0.116173843518643E+02  0.674685231739732E+01
%  0.509744665000954E+01 -0.222976446742542E+02 -0.328661685500301E+02
% -0.360152958001465E+01 -0.179336045678709E+01 -0.169379227323605E+02
% -0.599764417319280E+01  0.100977743047426E+02 -0.154018099190201E+02
% -0.125192800431164E+02  0.126129593727941E+02 -0.802044665549826E+00
%  0.104960424840074E+02  0.124358915880893E+02  0.310257214318504E+01
%  0.719804621928275E+01  0.403417630964649E+00  0.181342314669452E+02
%  0.528543484060318E+01  0.953472523340053E+01 -0.231864051261769E+01
% -0.847304260952898E+00 -0.239032292781879E+01  0.231574455071953E+02
%  0.118010887315723E+02 -0.195257472229131E+02  0.315402638446000E+01
%  0.311362391656207E+01  0.771933999956080E+01  0.326707760233818E+01
%  0.893868745872274E+01 -0.150416112694846E+02  0.769395771486734E+01
%  0.290365350519292E+02 -0.279617942689115E+02  0.564853470509522E+00
% -0.227259284313500E+01  0.215059553652992E+02 -0.372990805023758E+02
% -0.110147508416904E+02  0.238868885076810E+02 -0.714254339022765E+01
%  0.315757539662785E+02  0.278483696888011E+02 -0.272086537850678E+01
% -0.958003777946589E+01 -0.107033154395951E+02  0.128712883498020E+01
%  0.404014878527579E+00 -0.514678943716485E+01  0.241702075639194E+02
%  0.868904421301396E+01  0.102909300634702E+02 -0.403269682650135E+01
%  0.320062637732405E+02 -0.206068925762960E+02  0.109570776851304E+02
%  0.895655188404320E+01  0.584538953834194E+01 -0.138292019305492E+01
%  0.578450548490833E+01  0.192781145474499E+02  0.375775206724043E+02
%  0.192229120166729E+02  0.972280044400399E+01 -0.387916630460227E+02
% -0.310512199335069E+02  0.455617141627742E+02 -0.529425155667759E+02
%  0.502794548987583E+01 -0.408018974104371E+02 -0.368150631113350E+02
% -0.826520352043140E+01  0.925807097947633E+02  0.942813845772370E+02
% -0.141044174206692E+01 -0.298604549821022E+01 -0.208892664317573E+02
% -0.147497479034909E+02 -0.449330500302450E+01 -0.151558722642549E+02
%  0.181718067533036E+01  0.102011698531673E+02  0.288257876270910E+01
%  0.591952100729224E+00  0.123599485834421E+02  0.152983054497620E+01
% -0.263355055709488E+02 -0.579088119966627E+01  0.192832061091101E+02
% -0.364633648898635E+02  0.130436815359277E+02 -0.300876127640761E+02
% -0.168116124225526E+02  0.152747663636992E+01 -0.183603891119611E+01
%  0.272022435906536E+02  0.133738470065686E+02 -0.144985510174216E+01
%  0.327336429456075E+02  0.859070246937399E+01  0.282609718954216E+02
% -0.236909535665510E+01 -0.110225951907425E+02 -0.150411196186873E+01
%  0.703734772678271E+01  0.215383655410418E+02  0.150055960382697E+02
%  0.347374293394107E+02 -0.312461750444128E+02 -0.214618956984456E+01
%  0.244926471108484E+01 -0.156023719107208E+01 -0.570926158583836E+01
% -0.128626113315800E+01 -0.318773487843484E+01 -0.163952716422784E+01
% -0.846086160840493E+00  0.309557888924489E-01 -0.103713503905825E+01
% -0.772092418860219E+01  0.503146664669107E+01 -0.382982836170564E+01
%  0.112284842127270E+01  0.893228511362666E+01  0.204958978690088E+01
% -0.175391982732342E+01 -0.172364432126721E+02 -0.681369431732304E+01
%  0.161385790955823E+02  0.158970569014378E+01 -0.119047109790345E+02
% -0.128312932089551E+02  0.881770802814736E+01  0.205667901998355E+02
% -0.255792345707711E+02  0.128967790828148E+01 -0.126672738584347E+01
%  0.349414645756313E+01  0.516838886158891E+00  0.748897045286639E+01
% -0.143927613178573E+01  0.675383706123404E+01  0.380066263390539E+01
% -0.714572148471921E+00 -0.469662712508080E+01 -0.233719795289834E+02
%  0.557009366486548E+01 -0.105455198372993E+02 -0.589810473964537E+01
%  0.162118059199327E+02  0.145417166888189E+01  0.703098644893554E+00
%  0.994987177404752E+01  0.157091568413403E+01  0.152566272896741E+02
% -0.774780641618110E+01  0.120401175160591E+01  0.322483067852448E+01
% -0.428055666807120E+02 -0.710399301441062E+01  0.226234058117925E+02
%  0.350895835319736E+02  0.111804009087926E+02 -0.101083767765147E+02
%  0.181083124344114E+01  0.108925965068111E+01  0.329135353195099E+01
%  0.418207044079478E+01  0.116980390390792E+02 -0.187735401949395E+02
% -0.123154697862713E+02 -0.395198128495475E+01  0.172375256218242E+01
%  0.217191843885307E+01  0.465867924758331E+01 -0.542604605364194E+01
% -0.135192467330944E+02 -0.305296174581867E+02  0.197749862135020E+00
% -0.424047270267811E+01  0.228854301347559E+02 -0.226527662307376E+00
%  0.106043053383008E+02 -0.579025055252741E+01  0.865804358567058E+01
% -0.315491035875004E+00 -0.181819084676190E+02  0.134141018304147E+02
%  0.155483869862583E+02 -0.167238116268952E+02 -0.152924004964491E+01
% -0.973362980507186E+01 -0.145207616692646E+00  0.160640750448105E+02
% -0.289707795128378E+02  0.310874047037918E+02  0.102982236969317E+02
% -0.426678367791025E+02 -0.441290334221003E+02  0.197391280245157E+02
%  0.126992969703101E+02  0.607365436911526E+01  0.369572056816589E+02
%  0.655422260193039E+01 -0.253537260559285E+02 -0.505180827032815E+01
% -0.152743208665536E+02 -0.692521924833535E+01  0.125027099491346E+01
%  0.700289462898362E+01 -0.180278725475413E+02 -0.785020435769868E+00
%  0.683187500349215E+01  0.541755161145065E+01  0.456102213038259E+01
%  0.225808377691261E+01  0.350316876390906E+01 -0.658167354953029E+01
% -0.817573654575445E+01  0.155972901772705E+02 -0.927068670457145E+01
% -0.144556702061408E+02 -0.132266871010729E+02  0.991466333153986E+01
% -0.109330591935323E+02 -0.295874256743086E+02 -0.187556998634147E+02
%  0.116989067744585E+02 -0.188251875207198E+02  0.567336258673923E+01
%  0.909166061227490E+01  0.421928876915856E+01  0.131846475527050E+02
%  0.147804815309747E+02  0.400532482131040E+02  0.874189972911555E+01
%  0.149177900200912E+02 -0.263680721513443E+02 -0.153328476585151E+02
% -0.778988723459047E+01 -0.101693746628611E+02  0.217028987652330E+02
%  0.825795666084521E+00  0.101938674114477E+02  0.677262189045465E+01
%  0.554546246071074E+01  0.392769075420179E+01  0.187338928889755E+01
%  0.402666100004226E+01  0.120612150547975E+02  0.462526137725425E+01
%  0.180877694608688E+02 -0.406919977248213E+02 -0.121708181032301E+01
% -0.113497411116830E+02  0.399231632914793E+02  0.622070787197440E+01
%  0.322424925727245E+02 -0.872160899119009E+02 -0.658650583770712E+02
% -0.644338281035518E+01  0.217328830394608E+02  0.764749864859967E+01
%  0.126814203379575E+02 -0.570132360934592E-01 -0.101424329928896E+02
% -0.108898014697234E+02 -0.111081845714666E+02  0.813136941734154E+01
% -0.332707916466211E+02 -0.160795806871405E+02  0.811725085133365E+01
%  0.942245764944728E+01  0.385905978762838E+02 -0.448601669955251E+01
%  0.967451767988894E+01  0.993766709619012E+01  0.304753999397790E+01
% -0.577931004893705E+01  0.162892509606087E+02  0.316826023265653E+02
%  0.194287802718941E+02  0.330137402173803E+01  0.175128884766058E+01
%  0.318818459803237E+02 -0.154936150373614E+02 -0.110339542843125E+02
% -0.407617022698101E+02  0.198120936498037E+02 -0.943137566683797E+01
% -0.214617010999848E+02 -0.152669010852303E+01  0.200442352771391E+02
% -0.209770767708867E+01 -0.201597429752097E+00  0.832099377905587E+01
% -0.598533473030420E+01 -0.576255210190581E+01  0.213442192021967E+01
%  0.253655113598080E+02  0.127984806374690E+02 -0.398874483855843E+01
% -0.385161874899616E+01  0.109366039861107E+01 -0.832841134151137E+00
%  0.811275440390248E+01 -0.107864181021906E+02 -0.134271273615222E+02
%  0.140024310106815E+02  0.276751995177292E+02  0.333500308681147E+02
% -0.106009368948744E+02  0.106394678428145E+02  0.730492767163619E+01
%  0.258853930395665E+02 -0.146571684463382E+02 -0.240249303150357E+02
%  0.133272916167106E+02  0.145574643894506E+02  0.738401974914308E+01
%  0.202022752745511E+01 -0.511021691150533E+01  0.343426276172473E+01
%  0.314673364706876E+01 -0.792058846876956E+01 -0.155313097097701E+02
%  0.101066149759343E+01  0.101086379469003E+01  0.311561118711502E+01
% -0.185745054426373E+02 -0.285264011725965E+01 -0.557480524898192E+01
% -0.169849186479829E+02 -0.183114753401665E+01 -0.202920005317992E+02
% -0.259100700979646E+02  0.151743529004453E+02  0.274858469240534E+01
%  0.116352888333906E+01 -0.246001820767651E+02 -0.117042323902583E+02
%  0.255539510801384E+01 -0.506109476670873E+01 -0.792279837177136E+01
%  0.296513560575244E+02 -0.168107827474164E+02 -0.101292900713741E+02
% -0.744068655000605E+01  0.950931430190642E+01  0.186320776007271E+02
% -0.107824292262579E+01 -0.395552501643218E+01 -0.597785368335785E+01
%  0.567375724006107E+01 -0.124939006921435E+02  0.327212991243817E+02
%  0.888655348421691E+01 -0.283995267397256E+02  0.101783632366592E+02
% -0.251878975481928E+02 -0.212788772144275E+02 -0.236653926899189E+01
% -0.431365963734666E+01  0.354860533024123E+01  0.863732219597282E+01
%  0.362574614652129E+01 -0.131546067254843E+01 -0.582922708418867E+01
% -0.315679766238061E+01  0.295434423753960E+01 -0.567869498979092E+01
% -0.237777044193578E+02  0.494318417329392E+01 -0.368528571838970E+02
%  0.233649289836808E+02 -0.358665370969119E+00 -0.304838406673743E+02
% -0.131420609306310E+02  0.270303728291747E+02  0.762104278989624E+01
% -0.324415306039573E+01  0.870120334378836E+01 -0.112579607017933E+02
% -0.626275930414180E+01  0.186778534896332E+02  0.580497014044316E+01
%  0.233586527097230E+02 -0.149151333927686E+02  0.106431366590590E+02
% -0.175581691409013E+02  0.897502876046387E+01 -0.436029088381900E+01
%  0.381165755163153E+02 -0.170843648210516E+02  0.356098119999520E+01
% -0.209874909009977E+02  0.183624169569212E+01  0.142572806477183E+02
%  0.769823787164653E+00 -0.552850175955393E+01  0.773575452912250E+00
% -0.259141590283986E+02  0.223388902941167E+02 -0.231605387501893E+02
% -0.209260490626346E+02  0.162143559068940E+01 -0.249167394661677E+02
% -0.117264268728599E+02 -0.432742896183202E+01  0.119581464156135E+02
%  0.360480113191614E+02  0.899369183364461E+01  0.260425892101843E+01
% -0.427237547381320E+01 -0.305421148784742E+01 -0.205653155129268E+01
% -0.166441360251182E+02 -0.249915520383094E+02 -0.314728631415259E+02
%  0.287375501688745E+02  0.344480153107355E+01  0.157578992444728E+02
% -0.135164934683272E+02 -0.128213784359330E+02  0.224193950546616E+02
%  0.161761334332630E+02 -0.139792492599114E+02 -0.150916889718939E+02
%  0.360591830615046E+02 -0.735716839341640E+01 -0.144516297520312E+02
% -0.220178640774502E+02  0.937467802774486E+01  0.201111105139696E+02
%  0.609648629347658E+01 -0.985671592593681E+01 -0.906427591293287E+01
% -0.649333888541909E+01 -0.147780612505013E+02  0.831195009752959E+00
%  0.102084356228646E+01  0.162548198365794E+02 -0.717858397253157E+01
%  0.536373181745293E+01  0.106730942861356E+02  0.104091548624841E+02
% -0.256461333832495E+02  0.307235288627093E+00  0.220900960723521E+01
%  0.743992493094417E+01 -0.111827252989432E+00 -0.928496117321428E+01
% -0.919260683156720E+01  0.140375452002946E+02 -0.198532266692025E-01
%  0.723073211480062E+01  0.730455379929340E+01 -0.820126569203967E+01
%  0.128200439512103E+02  0.519897038881320E+01 -0.168822439342657E+02
%  0.227973379448519E+01 -0.123164588908999E+02 -0.116688187738422E+02
% -0.188639415486431E+02  0.377075390734044E+00 -0.343823423276097E+02
% -0.413455400310329E+02 -0.379573163460706E+02  0.654891420575003E+01
%  0.451223082437276E+01 -0.229635981711188E+02  0.149142733117209E+02
%  0.656540234743572E+01  0.565811732829059E+02 -0.309588128833110E+02
%  0.179885578237767E+02  0.369856013651719E+01  0.186869354658903E+02
%  0.253807796018657E+02 -0.535087137210232E+01  0.167914106960397E+02
% -0.998770775422667E-01  0.812843179540731E+01  0.967456440990632E+01
% -0.524227060574149E+01 -0.165849239211538E+02  0.249845189614962E+02
% -0.340986326509438E+02  0.609702421084829E+01  0.179195038430657E+01
% -0.675309628026123E+00 -0.191746124186349E-02  0.606494066682749E-02
% -0.675580834240021E+01 -0.958722773126979E+01 -0.169451542353337E+01
% -0.185864156941939E+01 -0.142012386157390E+02  0.158078848325753E+02
% -0.220725369390234E+02 -0.170039265700850E+02 -0.232032734918545E+01
%  0.114930212247642E+02  0.136372413379762E+02  0.141922994490200E+01
% -0.472335874618699E+01 -0.598847395727482E+01 -0.653377923184926E+01
% -0.188945412228187E+02 -0.191500964095540E+02 -0.645655350776099E+00
%  0.228442407049087E+02  0.483911831136626E+01  0.601837351432480E+01
% -0.990633417781882E+01 -0.417268942623150E+01 -0.198107862594260E+01
%  0.227358780849636E+02  0.526616823832437E+02 -0.747688053116264E+01
%  0.781156335116658E+01  0.173424945581883E+02 -0.102050760018199E+02
%  0.153186688027017E+02  0.171628361863551E+02  0.268564447477251E+02
% -0.384604210393115E+02  0.223884380660448E+02 -0.461465140362727E+01
%  0.185579986950508E+02 -0.233218814819847E+02 -0.118351080583525E+01
%  0.116664892895771E+02 -0.185001109078266E+01  0.952280567928735E+00
%  0.101750363123386E+02  0.486863577529711E+01 -0.705886810817000E+01
% -0.625177206702387E+01  0.788045465779632E+01  0.510514660091295E+01
% -0.479816664632579E+01 -0.740184419346487E+01  0.263382654157460E+01
%  0.119500113060660E+02  0.199814548383646E+01 -0.186974103992673E+01
%  0.890364303076380E+01  0.489734607940241E+01  0.791132181014244E+01
%  0.678697273833105E+01  0.138827431273707E+02 -0.931402418635827E+01
%  0.417879626675873E+01  0.162619779931941E+01  0.115530352915619E+02
% -0.143287849243984E+01  0.156979573436095E+02  0.240078948874245E+02
% -0.294331933778520E+02 -0.214769477489330E+02  0.176567104146109E+02
%  0.100246587048559E+02 -0.194556723663808E+01 -0.111986330972261E+02
% -0.215405046896366E+02 -0.171787693185185E+02  0.428803262244823E+01
%  0.482253381679200E+01 -0.828435669251747E+01  0.255668475330837E+01
%  0.418851480836345E+01 -0.457183848279381E+01  0.568582107339823E+00
%  0.359764464880825E+02  0.230013943934261E+02  0.196789568486949E+02
% -0.171940083789754E+02 -0.618579628036632E+00  0.137858846732638E+02
% -0.466233502993380E+01 -0.291981220362844E+01  0.128906906073560E+01
% -0.186116058868015E+02  0.619141501169321E+01  0.417557898918523E+01
%  0.266996225034094E+02  0.125957728883676E+02 -0.142544553853208E+02
% -0.140358442110408E+02  0.168428698581464E+02 -0.171171592821869E+02
% -0.923918290815684E+01 -0.833376648504041E+01 -0.175657598190061E+01
%  0.725253239823535E+00  0.767751130903326E+01  0.652230651633081E+01
% -0.713941702898337E+01 -0.900973228604690E-02 -0.217321791137528E+02
% -0.128017165930513E+01 -0.122212842222162E+02  0.231979429502708E+02
%  0.215215301195821E+02 -0.293166923693221E+01 -0.272899234884311E+00
%  0.742261480557195E+01  0.200311447769745E+01 -0.288801535986288E+01
% -0.301139798223275E+01 -0.851184914057612E+01 -0.198310997127554E+02
% -0.145486948833136E+02  0.140222572536697E+02  0.137569471839174E+01
%  0.360908846045258E+02  0.275912521216103E+02 -0.181642594135412E+02
%  0.942093237432346E+01 -0.209176096446536E+01 -0.283219951311166E+01
% -0.152194275911188E+02 -0.541019026160831E+02  0.300413903593520E+02
% -0.117459271282939E+02  0.347997720520971E+00 -0.954073850704901E+01
