% T    256  0.657656553154792E+01  0.657656553154792E+01  0.657656553154792E+01
  -0.263055979837342E+01 -0.160450087647589E+01 -0.107613253904821E+01
   0.170022491528622E+00 -0.226565863515332E+01 -0.214043078154613E+01
   0.227523926745823E+01 -0.188271116743624E+01  0.118506809073041E+01
  -0.160858524329712E+01  0.272981546793249E+01 -0.323977413397450E+01
  -0.211088975791316E+01 -0.131786561471866E+01  0.254037649217904E+01
   0.175713200407207E+01 -0.234519159690448E+01 -0.354863369721684E+00
  -0.255300810175647E+01 -0.164587018764234E+01 -0.294594796736186E+01
   0.122600933783165E+01 -0.304727561539697E+01 -0.304056935711912E+01
   0.108398408537682E+01  0.173053866535614E+01 -0.328110801494007E+01
   0.268371765511162E+01 -0.215178582102833E+01  0.292368047446917E+01
   0.109666900308393E+01 -0.286093930537668E+01 -0.204325310036175E+01
   0.160902297175245E+01 -0.116202750917226E+01 -0.295684974893862E+01
   0.108163119256885E+01  0.257066933653012E+01 -0.279759984111637E+01
   0.231664808546606E+01 -0.308071101449288E+01  0.290766624073359E+01
  -0.309544063272752E+01 -0.318681475864119E+01 -0.302808288117939E+01
  -0.455758017721062E+00 -0.303095219831856E+01  0.151464844056934E+01
   0.384204650368734E+00  0.283634177941453E+01  0.294714801315004E+01
  -0.203927487767775E+01 -0.799995701761510E+00 -0.117955013239430E+01
   0.323852429068068E+00 -0.495066513154582E+00 -0.536491156297851E+00
  -0.235634533936219E+01 -0.254544606466196E+01 -0.254967206660385E+01
  -0.273434584816061E+01 -0.507833489280258E+00 -0.328382188189240E+01
  -0.242345390698512E+01  0.507486464865953E+00  0.323717746387721E+01
  -0.127249716975649E+01 -0.627434742255957E+00  0.242191733924672E+01
   0.196233253507683E+01 -0.232754910065352E+01 -0.249246098842559E+01
  -0.965701635013156E+00  0.317448467006207E+01  0.249825000500162E+01
   0.208178420881620E+00  0.397365640830875E+00  0.900038785101165E-01
  -0.241307280072955E+01 -0.882953494282221E+00 -0.225991758554128E+01
   0.895116939094165E+00 -0.121042810223094E+01  0.268726889026828E+01
   0.205426230795467E+01  0.229301206070792E+01 -0.276470863115742E+01
   0.226721850734736E+01 -0.147492903608031E+01 -0.211613956146865E+01
  -0.325507227176626E+01 -0.136058016074391E+01  0.290927690071826E+01
  -0.321996410580983E+01 -0.200484923482508E+01  0.194890171687730E+01
  -0.966112051094277E+00 -0.128594295288912E+00 -0.502166249818101E+00
   0.694605381827219E+00 -0.134585455738582E+00  0.275065935986885E+01
   0.300450307941284E+01  0.228190923445096E+01 -0.294698608671339E+01
   0.438017425244240E-01  0.230688594893143E+01 -0.883074816652093E-02
   0.831456496686064E+00  0.164036305667108E+01 -0.172239709127734E+01
   0.968349706779286E+00 -0.159517607476666E+00 -0.283717986081292E+01
  -0.568521320864158E+00  0.111216842938162E+01  0.238187240068940E+01
  -0.381243396411079E+00  0.149758880711213E+01 -0.636284290847423E+00
  -0.133686166868091E+01  0.563055393351534E+00 -0.136227948087397E+01
   0.283673800877451E+01  0.686530543398953E+00  0.293314145361056E+01
  -0.292089896241119E+01  0.285092848917059E+01  0.181370964161593E+01
   0.279373311224393E+01 -0.269874874120654E+00 -0.162318888218219E+01
   0.331788500122259E+00  0.316726010768800E+01 -0.249548458764327E+01
  -0.234465852990044E+01 -0.152700429687774E+01  0.133853923280738E+01
   0.221789364522567E+01  0.655601490176189E+00 -0.148355064734498E+01
   0.274537564039383E+01 -0.820929287532490E+00 -0.283995136676256E+01
  -0.102015134268395E+01  0.208788332258235E+01  0.269322170238367E+01
  -0.216578963844635E+00 -0.126030459242558E+01 -0.192472612044917E+01
  -0.145545129854577E+01 -0.225819206271123E+01 -0.312845813230061E+01
   0.134672724572502E+01  0.750695344220540E+00 -0.211684028326837E+01
  -0.586027567450054E+00 -0.182189344598768E+01 -0.268105207753268E+01
   0.949417191540090E-01 -0.141581948304661E+01  0.817556239370344E+00
  -0.124723313036817E+01  0.198249466416410E+01 -0.272884974828284E+01
   0.316317346188598E+01 -0.238914882894197E+01 -0.823075771956307E+00
   0.217779105958354E+01  0.130370848465261E+01 -0.292546616290299E+01
   0.180236485940812E+01  0.299150003031761E+01 -0.189260379827877E+01
  -0.730077043962984E+00  0.270774760524766E+01 -0.212126190629172E+01
   0.147107710230976E+01 -0.321919950997978E+01 -0.977151302977747E+00
   0.184792202731494E+01  0.160338258261568E+01 -0.197670551198492E+01
   0.271367228193981E+01  0.257083773058535E+01  0.267902132412550E+01
   0.599212776532699E+00  0.104223074916268E+01 -0.637744799091860E+00
   0.296297031746321E+01  0.210371270657251E+01  0.113178459176018E+01
   0.166285382765902E+01  0.261316358826252E+01  0.287124495161538E+01
  -0.156905365912130E+01  0.275847746802643E+01  0.489659330364941E+00
  -0.262170050908429E+01 -0.300441173608547E+01 -0.824578781826480E+00
   0.553584649986631E+00 -0.511029785426337E+00 -0.155494387284417E+01
  -0.219506344081229E+01  0.255954225377081E+01 -0.107984867697782E+01
   0.452141859249624E+00 -0.199600636160520E+00  0.875821567457639E+00
   0.115530768429416E+01 -0.162070931709735E+01 -0.557288840234165E+00
  -0.967863827113846E+00 -0.280347000270062E+01  0.484605260538086E+00
  -0.101053987827044E+01 -0.234946995561242E+01 -0.171481927018313E+01
   0.175392120778108E+01 -0.543352427990443E+00  0.538905405031843E-01
  -0.455774777264366E+00 -0.245124391458683E+01  0.271518832668086E+01
  -0.202791205340160E+01 -0.255216274284784E+01 -0.155611665903918E+01
   0.277939454325893E+01  0.220458456673662E+01  0.982295664040864E-02
  -0.284646091667520E+01  0.256910921019823E+01  0.298170653715875E+01
   0.283614410384804E+01 -0.250401149537426E+01  0.179135199197573E+00
   0.327257222209358E+01 -0.265674969527045E+01  0.113592565572966E+01
   0.228362734887326E+01 -0.109464395111582E+01  0.274271539276439E+01
  -0.170147520920209E+01  0.164444541449350E+01  0.619846251951462E+00
   0.163013698823250E+01 -0.326454852996778E+00 -0.197176692329597E+01
  -0.163570258734519E+01  0.326861973571956E+01 -0.301940276542651E+00
  -0.498652547473280E+00 -0.423943853948714E+00 -0.136203596230403E+01
   0.105260254964161E+01  0.186878889258115E+00 -0.944220626874305E+00
   0.808137929103862E+00 -0.887700238938647E+00  0.316375459028688E+00
  -0.300393694318358E+00  0.559685953945153E+00 -0.881245135757863E+00
   0.437514215982731E+00  0.544020328727709E+00 -0.173865804283406E+01
   0.279768905965473E+01 -0.143028824085195E+01 -0.110206869116887E+01
   0.106251052476812E+01  0.610428814737908E+00  0.177607329943145E+01
  -0.148540509250742E+01 -0.105448603398322E+01 -0.296693169550235E+01
   0.299928613120910E+01 -0.225116073936187E+01 -0.268975211003402E+01
  -0.420324419093981E+00  0.144466298766215E+01 -0.315130884509569E+01
   0.178777046581737E+01 -0.103170405062350E+01 -0.111884289984192E+01
  -0.325003205068108E+01 -0.163075737087195E+01 -0.213176817059206E+00
  -0.307812958175703E+01 -0.234632705946656E+01 -0.178518344338509E+01
  -0.120532222684222E+01  0.320076848154980E+01 -0.124980822066512E+01
  -0.246247103431901E+01 -0.283310684243366E+01  0.171635567560754E+01
  -0.221913863719549E+01  0.103431499425368E-01 -0.174375563477228E+01
  -0.533081887078345E+00  0.150669238967488E+01 -0.175214080519517E+01
   0.773011463663105E+00 -0.242320943301031E+01 -0.107140593510319E+01
  -0.301969186722612E+01 -0.211712405375398E+00 -0.985155742318612E+00
   0.106278544636196E+01  0.253131377425328E+01 -0.418351404425137E+00
   0.651401877185499E+00 -0.727646679247417E+00  0.179208140843548E+01
   0.227103792547299E+01  0.130584721703685E+01 -0.161852983278654E+00
   0.712423796735203E+00  0.252582243382390E+01  0.858065976467385E+00
  -0.446691404548858E+00  0.287154455798781E+01 -0.300340942303903E+01
  -0.702756196396526E-02  0.235160285092212E+01 -0.115758729258659E+01
   0.303837909649181E+01  0.626441202967772E+00 -0.367316721747440E+00
   0.214437612626430E+01 -0.293173548925094E+01  0.856765975010249E+00
   0.256673661565236E+01 -0.869044292179040E-01  0.166579110953100E+01
  -0.253033781774630E+01  0.264896073546207E+01 -0.199335110136099E+00
   0.428320711540119E+00 -0.233536445546955E+01 -0.511236271600737E-01
  -0.227464980027428E+01 -0.324693642928030E+01  0.774912099704164E+00
  -0.602468190671205E+00  0.314122157821453E+01 -0.382942645308422E+00
  -0.273236454270799E+01  0.185188437646155E+01 -0.162965930630000E+01
   0.247600937876681E+00 -0.143984188768126E+01 -0.962324922456809E+00
   0.191824385373820E+01  0.303091991016833E+01 -0.130566713712661E+00
  -0.213252782066472E+01 -0.300144930511624E+01  0.301902390069132E+01
  -0.428506578130436E+00 -0.838959238105171E+00 -0.301282144621872E+01
  -0.529558700473801E+00 -0.489049178517234E+00  0.155441984969706E+01
   0.183890393425838E+01 -0.203497804500646E+01 -0.134070819178578E+01
   0.250718746651952E+01 -0.267376810753188E+01 -0.164544563663499E+01
   0.195838047864015E+01  0.111300047904393E+01  0.108293907077542E+01
  -0.728033607910081E+00 -0.282705509076135E+01 -0.264814933332213E+01
   0.112758884857196E+01 -0.143278270910918E+01 -0.184150452282610E+01
   0.258811563627175E+01 -0.324741298773400E+01 -0.253639750303136E+01
  -0.294586254600365E+01  0.140875747733964E+01  0.143447303768568E+01
  -0.287393923287026E+01  0.325017498921755E+01 -0.176684952632121E+01
   0.109666954480958E+01 -0.206752988766607E+01 -0.290798737376421E+01
  -0.506737890784500E+00  0.266512825200636E+01  0.748835502541293E+00
  -0.186615715399785E+01 -0.229023452035692E+01  0.892339360374386E+00
   0.166690324592468E+01  0.112004360794616E+00  0.109277315386501E+01
  -0.260790120548798E+01 -0.731659215257179E+00 -0.297271325332749E+00
   0.564822362480172E-01 -0.172843037398878E+01  0.305743057494950E+01
   0.243633865656988E+01 -0.629165885991769E+00  0.710150909144265E+00
  -0.129289736784768E+01 -0.128074182166118E+01  0.769686760844394E+00
   0.222600019761183E+01 -0.151921916574192E+01  0.107545517740708E+00
   0.437329303119479E+00  0.107320827862757E+01 -0.272695255771116E+01
   0.328865254828795E+01 -0.305527539562035E+01  0.247956885192160E+01
  -0.177891648291927E+01 -0.154845208340670E+01 -0.187132708579583E+01
   0.130626834537363E+01 -0.197825918859904E+01  0.507440888681204E+00
   0.146777595183831E+01 -0.253684701887370E+01  0.151213118693548E+01
  -0.203443924525664E+01  0.172767988538328E+01 -0.460145019225560E+00
  -0.151206238751505E+01 -0.958058381538717E+00 -0.205709724986377E+00
  -0.197599308172395E+01  0.940679696123943E-01  0.268907895565262E+00
  -0.145401387376869E+01 -0.223992080667491E+01 -0.661073351077919E+00
   0.325421286412831E+01  0.238126631380081E+01 -0.806420503640325E+00
  -0.303165123527624E+01  0.149210705348327E+01 -0.512246937731803E+00
  -0.285574100466856E+01  0.330970259556427E+00  0.151337856547792E+01
  -0.135784333473148E+00  0.328904498277645E+01 -0.155472975146044E+01
   0.698374724538297E+00 -0.216691736462797E+01  0.225733408203154E+01
  -0.234633854369505E+01  0.596854345312171E+00 -0.680080063858918E+00
  -0.841321600919282E+00  0.182006209336910E+01  0.126236403846459E+01
  -0.268585174477282E+01 -0.261407361820795E+01  0.115733695012225E+00
  -0.308715629281976E+01  0.429940254994329E-01 -0.250621044262616E+01
  -0.325908052520267E+01 -0.128265934637841E+01 -0.201571452252892E+01
  -0.236979377303114E+00 -0.168936461337192E+01  0.209642426077556E+01
  -0.315988082127782E+01 -0.350807760986548E-01  0.317740809139531E+00
   0.222311374944030E+01  0.815683324857518E-01 -0.595365307631572E+00
   0.271077059916851E+01  0.114629639978507E+01  0.182576150444933E+01
   0.151559085592596E+01  0.597313505955816E+00 -0.506501038146544E-01
  -0.150593895775702E+01 -0.322506350224780E+01  0.144140828173263E+01
  -0.683927649636621E+00  0.112484791277012E+01  0.410676823607933E+00
   0.236164297924710E+01  0.392092050861522E+00  0.475330330260810E+00
   0.483010767944671E+00 -0.249114125848594E+01  0.124521439478852E+01
  -0.196447097756942E+00  0.258197340005625E+01  0.181058179603730E+01
   0.103621422431259E+01  0.840463167554327E+00  0.821150604840868E+00
  -0.256626635684234E+01  0.864508070865387E+00  0.378340702295437E+00
  -0.141853957794630E+01  0.809972608231831E+00 -0.273600178805941E+00
  -0.166663321998901E+01 -0.469362311270220E+00  0.143555138473036E+01
   0.247790595904992E+01  0.321914224890188E+00 -0.253289268467490E+01
   0.165792487949512E+01  0.136101860151478E+01 -0.981078098760248E+00
   0.169652136219076E+01 -0.409630227081328E+00  0.218343904770814E+01
   0.230103290063347E+01  0.173014983787990E+01  0.275528825870788E+01
   0.204939860459955E+01  0.208860542315560E+01  0.174218032347864E+01
  -0.178363016112814E+01  0.139129161406005E+01 -0.141463485085358E+01
   0.177374594379424E+01  0.237288470642042E+01  0.551936898678041E+00
  -0.218254038253988E+01  0.176600250562949E+01 -0.279899528605443E+01
  -0.328421039484445E+01  0.299747602715567E+01  0.596561323480726E+00
   0.355827021591366E+00 -0.325473887741119E+01 -0.597824854747373E+00
   0.294220987887569E+01  0.117575482738258E+01  0.603016547005932E+00
  -0.106981924934322E+01 -0.341727975983672E+00  0.567274242805863E+00
  -0.565424969186758E+00 -0.179145995756331E+01 -0.247961985039310E-01
  -0.271222422223829E+00 -0.239676846465306E+01 -0.757238934024284E+00
   0.268099302767520E+01  0.312634514084342E+01  0.159206174267755E+01
   0.122332419582856E+01  0.170818834680830E+01  0.133713608096223E+01
   0.339112459350815E+00  0.790415754292587E+00  0.280906611994069E+01
  -0.211840123826763E+01  0.248781052705332E+01  0.136593293734005E+01
  -0.321698263319538E+00 -0.872837637607502E+00  0.742361483468860E-01
   0.207766004085618E+01  0.232537501390013E+01 -0.977423400107529E+00
  -0.146430644217722E+01 -0.245263091350662E+01  0.217654362041098E+01
  -0.221813227843196E+01  0.183806538688057E+01  0.278195412974258E+01
   0.288135028292909E+01  0.170770584323731E+01 -0.215962167215017E+01
   0.274080480432953E+01  0.153642058576184E+01 -0.103818337876792E+01
  -0.311244503525923E+01  0.123565114990595E+01 -0.287856522951316E+01
  -0.641726602120154E+00 -0.210148779516168E+01  0.112520430659903E+01
   0.282268834444861E+00 -0.274718436688615E+01 -0.325372378606771E+01
   0.274180458579735E+01 -0.115305479465376E+01  0.176526379798642E+01
  -0.196085126344377E+01  0.281202407220389E+01  0.236578614395954E+01
   0.191606107457551E+01 -0.187521008989171E+00 -0.318402046991262E+01
   0.172057963243612E+01 -0.216882322588161E+01  0.283817545836239E+01
  -0.223833800184969E+01 -0.159880527288450E+00  0.236663167618086E+01
   0.147217580460617E+01  0.307681275476081E+01  0.146227734312701E+01
   0.322949844750373E+01 -0.166559984273208E+01  0.802867734672109E+00
  -0.323200956105485E+01  0.169857483122559E+01  0.271605110191275E+01
  -0.248321502719416E+01  0.910297549975696E+00 -0.212783465884419E+01
  -0.111234784906714E+01 -0.136602274623784E+01 -0.106962010835504E+01
  -0.285843100969605E+01 -0.884998278058002E+00  0.206969323300255E+01
  -0.729525384978963E-01 -0.799266174440163E+00  0.250466679953716E+01
   0.814119020198603E+00  0.255758375472100E+01  0.204865931768068E+01
   0.161061363591353E+01 -0.161775870119391E+01  0.201750781222491E+01
  -0.196887243172586E+01  0.147658500147930E+01  0.177895844904374E+01
  -0.244412599189592E+01  0.270598330344872E+01 -0.266446432509375E+01
  -0.173772766384276E+01  0.231462313866918E+01 -0.193116737220298E+01
  -0.941216841398343E-03  0.208361114721899E+00  0.198174798105309E+01
  -0.139706464166319E+01  0.461371080407715E+00  0.216545958262105E+01
  -0.163820609079839E+01 -0.324282099935528E+01 -0.223629832085075E+01
   0.121450869198765E+01 -0.305480603580170E+01  0.261265491933118E+01
   0.109168161060685E+01  0.165583984081532E+01  0.783072987295149E-01
   0.282624833406142E+01 -0.713669627574017E+00 -0.325901514436417E+00
   0.243109414884005E+01 -0.246448720455161E+01  0.200081454844664E+01
   0.289090490978819E+01  0.321316943164604E+01 -0.505259812202300E+00
   0.130669293850827E+01  0.166549023425524E+01  0.235472633263833E+01
   0.824962868393243E-01 -0.312092435296052E+01  0.493276149387931E+00
  -0.130022996551450E+01 -0.355830448459043E+00 -0.204445218825700E+01
  -0.251970430504665E+01 -0.640614348313872E+00  0.751697223442259E+00
   0.491721663061250E+00 -0.123046361268808E+01 -0.267873560027998E+01
   0.225307958640299E+00  0.161357071696668E+01  0.766863136264424E+00
  -0.497544198945800E+00  0.223570217290203E+00 -0.216792801612336E+01
  -0.135587477734067E+01 -0.137864539388040E+01  0.176213779499473E+01
  -0.155267430636897E+01 -0.119387900991842E+00 -0.326105244719719E+01
  -0.188522876242254E+01  0.577258307271773E+00  0.113685278568983E+01
  -0.153667308922713E+01  0.106833299171517E+01  0.314745453132801E+01
   0.237818199659964E+00  0.128409089393219E+01  0.181866520212988E+01
   0.194051040510461E+01  0.644816592695992E+00  0.246553529976606E+01
  -0.123500592407419E+01  0.769209512178626E+00 -0.248212553665401E+01
   0.119606750227452E+01  0.726996718262408E+00 -0.328847893075797E+01
  -0.293376574917064E+01  0.189870015867037E+01  0.391872731026073E+00
  -0.223079370931367E+01 -0.157969479034938E+01  0.193085380528241E+00
  -0.265141442823910E+01 -0.218453531404502E+01  0.283677585104627E+01
  -0.929137160330252E+00 -0.153665853745188E+01  0.278312830749021E+01
  -0.647978628062977E+00  0.406110632244157E+00  0.325300950911657E+01
  -0.109352900368217E+01  0.211056231361033E+01 -0.107179572055164E+01
   0.114481072499112E+01 -0.316303668660703E+01  0.385200656534353E+00
   0.324721369247964E+01  0.727912400793941E+00 -0.161562195310115E+01
   0.894863687574118E+00  0.267559913526843E+01 -0.160549104822327E+01
  -0.768668924548348E+00  0.409798665430108E+00  0.123616584297768E+01
   0.143421471832500E+01 -0.103501167372165E+01  0.117079789568892E+01
   0.228505917090048E+00  0.189111474775086E+01  0.264606398672689E+01
   0.272907990672052E+00 -0.310301197710477E+01  0.216005441094401E+01
  -0.955259995900414E+00  0.204623492965317E+01 -0.145439390376290E-01
   0.283681021827648E+01  0.277512604886596E+01 -0.165609214494570E+01
   0.195157743497727E+00  0.209704872778667E+01 -0.236192114801451E+01
   0.297987305775926E+01 -0.277476307359167E+00  0.265427159568017E+01
% -0.931181349645653E+00  0.738438068750370E+00  0.177355437484640E+01
% -0.164376692482840E+01 -0.125416998431555E+01  0.129015346836977E+01
%  0.178472361122096E+01 -0.106453558332486E+01  0.126544897249120E+01
%  0.426230684210331E+00 -0.209211422832281E+00  0.963420539758714E+00
% -0.961620585495567E+00  0.354006590906377E+00 -0.221069546593273E+00
%  0.381291564856625E-02  0.879818468088587E+00 -0.186609579925600E+01
% -0.821006411242924E+00  0.106211135803749E+01  0.209937585273987E+01
%  0.811928599050066E+00  0.975591966954485E+00 -0.111325621419913E+01
% -0.600252166617144E+00  0.961741516168536E+00 -0.628503415444611E+00
% -0.921943474235923E+00  0.116308881699512E+00 -0.173628658044637E+01
%  0.131600862633910E+01 -0.164103708658555E+00 -0.118546576328715E+01
%  0.102875441043166E+01 -0.346421127365292E+00  0.231048276449735E+01
%  0.143460957253690E+01  0.350782448787188E+00 -0.488482783553863E+00
% -0.956121313823367E+00  0.270048994489775E+00 -0.529141466951420E-01
% -0.730508983933169E+00  0.162496687335142E+01 -0.500389136725472E-01
%  0.235860179071845E+00  0.945550596151252E+00 -0.976196763578905E+00
% -0.138427166858087E+01  0.417202989047435E+00  0.157936357384418E+01
%  0.120159754174290E+01 -0.126717932956565E+01 -0.116093460263799E+01
%  0.220812240477894E+01 -0.636764375666314E+00  0.212783079125786E-01
% -0.986121743616884E+00 -0.632855798042664E+00  0.196742614027531E+00
% -0.135535519818387E+01 -0.454468409494301E-01  0.155993448716674E+01
% -0.586581724008928E+00  0.125836738376132E+00 -0.119544577770069E+01
%  0.746184273692433E-02 -0.428816699334726E+00 -0.384726736119567E+00
% -0.889707971196890E+00  0.693829702405664E+00 -0.617246445553074E+00
% -0.849027614814581E-01 -0.110179622853012E+01 -0.111600229087923E+01
% -0.241386591226990E+01 -0.348114239010228E+00  0.946088376500411E+00
% -0.540115193374529E+00  0.172322774956221E-01  0.144698678624263E+01
%  0.399866576341472E+00  0.119751313342158E+01  0.977003928165809E+00
% -0.297558358717456E+00  0.642385114791139E+00  0.781000020248022E+00
%  0.553510453379270E+00  0.822545372701169E+00  0.139578123691344E+01
%  0.107380920774092E+01 -0.270801614986996E+00 -0.299115685454562E+00
%  0.706357917248448E+00  0.254918908306224E+00 -0.191940345603069E+00
%  0.181852323357159E+01 -0.164472704839488E+01 -0.929523435056546E+00
% -0.113133059508468E-01  0.135118828117866E+01  0.820310627082460E+00
% -0.139371245000902E+01  0.401220019047543E+00 -0.147529626392321E+01
% -0.119656332564914E+00  0.305114198018980E+00  0.107831530930659E+01
%  0.861616800217358E+00  0.415399905588980E+00  0.433202691760553E+00
%  0.711916892278373E+00 -0.154710615034210E+01  0.376561830281917E+00
% -0.100283360906951E+01 -0.102331402548030E+01  0.190006007754727E+01
%  0.188046271193460E+01 -0.509294353392924E+00  0.651629079200059E+00
%  0.168777011530587E+01  0.334860327762367E+00  0.429936653505475E+00
%  0.575186290148257E+00 -0.907957938235485E+00  0.144610021317841E+00
% -0.488210777538112E+00  0.461077431001566E+00  0.418711013385520E+00
% -0.605452105258998E-01  0.150405525733168E+00  0.107978890527435E+01
% -0.132448531523114E+01  0.217685633341168E+01  0.677309319400656E+00
%  0.356761504458824E+00  0.621667161328508E+00 -0.537131471455523E-01
%  0.662597841011609E+00 -0.253916656655879E+00  0.162197825342841E+01
%  0.112791190177730E+01  0.723996617194239E+00  0.880096484919874E+00
% -0.339672065215072E+00 -0.181929986263696E+00  0.109932643926115E+01
% -0.118851748491613E+01  0.177149874531862E+01  0.471624478549863E-02
% -0.591248465782653E+00  0.178571902910047E+01 -0.486854026998531E+00
%  0.295277101534218E+00  0.245262634570130E+00 -0.143275788499538E+01
% -0.781876978027228E+00 -0.238528956943776E+00  0.170167682757513E+01
% -0.110965124721907E+01  0.218857375916502E+00  0.490923281280575E-01
% -0.634410644382227E+00 -0.183360112523280E+00  0.972085074741554E+00
% -0.750244472403376E+00  0.384216452693020E+00 -0.206460847539437E+01
% -0.179169350610538E+01 -0.130461008325279E+01 -0.459349344796569E-01
%  0.195604039359468E+01  0.146910075746054E+01  0.603885254479839E-01
% -0.295260012089562E+00 -0.193601939245180E+00 -0.109658726821789E+01
% -0.109829591641036E-02  0.194870689933678E+01  0.845297661634662E+00
% -0.217027327930192E+00 -0.236557022557558E+00 -0.955666603310144E+00
%  0.189519762767888E+00 -0.318216722802707E-01  0.114801617019414E+01
%  0.500734706584554E+00 -0.314232688728615E+01  0.280942163817351E+00
% -0.614236664117956E+00 -0.344320735813692E+00  0.641500874545858E+00
% -0.405890758593158E+00  0.243930455830172E+00 -0.238793322907443E+00
% -0.636058696556160E-01 -0.343787385354542E+00  0.193280683244997E+00
% -0.755885144096183E+00 -0.149916625443716E+01  0.501170290650216E+00
%  0.474168443435967E+00 -0.555983301358753E+00  0.935634066190187E+00
%  0.182527240564978E+01  0.126727347374739E+00 -0.930955271109266E+00
% -0.758160250794922E+00  0.121161883147828E+01 -0.944551744110026E+00
% -0.114751734082498E+00  0.133369684823755E+01  0.153788849482088E+01
%  0.521278672296574E-01 -0.128778758790559E+01 -0.700888310556297E+00
% -0.684640534852466E+00 -0.156343771404046E+01 -0.344448972262636E+00
%  0.394635976094522E+00 -0.442486801376922E+00  0.554471810479747E+00
% -0.122210668344465E+01  0.219331904796569E+00  0.136907094273955E+01
% -0.239500831386614E+01  0.711108660848494E+00 -0.968248352025520E+00
% -0.170939755514210E+00 -0.171189989595702E+01 -0.675811990255037E+00
% -0.188379614001721E+01 -0.591295319424960E+00  0.509894122145643E+00
%  0.434623640349174E+00 -0.704210588852423E-01 -0.485312444798041E+00
%  0.304698808965540E+00 -0.108283988989649E+01  0.193474769374887E+01
%  0.149103205876062E+01  0.891660930931614E+00 -0.720783966602041E+00
%  0.212694360430580E+01  0.493490071675672E+00  0.606781381112078E+00
% -0.369865873894454E+00 -0.130014995456843E+01  0.121161180217077E+01
%  0.225472415870997E+01 -0.560568850926315E+00 -0.355292917432620E-01
%  0.244453035456906E-01 -0.207876388192581E+00 -0.520432626044752E+00
%  0.341205537095381E+00  0.123086380409321E+01 -0.571540751840936E+00
% -0.540062855002485E+00  0.860882716955444E+00  0.272215850397884E+00
% -0.155756202777142E+01  0.754908741856769E+00  0.449886607474782E+00
%  0.777865725157303E+00 -0.803567007953909E+00 -0.206877303164361E+01
% -0.185319393260967E+00 -0.850825224372888E+00 -0.136393235072710E+01
% -0.721561748915104E-01  0.292238394679371E-01  0.121458181426940E+00
%  0.119687670054343E+01  0.100685924821995E+01  0.626819682712558E+00
%  0.614072838072861E+00 -0.927306789535839E-01 -0.311860151136429E+00
% -0.932794567851292E-01  0.542049287385546E+00 -0.157567272069242E+01
%  0.260791101703365E+00 -0.994943753654114E-01 -0.189486876951651E+01
%  0.678350380275671E+00 -0.452308035529820E+00 -0.808442748386891E+00
%  0.763184191899596E+00 -0.494215425419924E+00  0.931740258470351E+00
% -0.110423236493766E+01 -0.226753730788307E+00 -0.431660366088986E+00
% -0.305831972088117E+00 -0.289851966534011E+00  0.434847900985743E+00
%  0.136138756457915E-01 -0.131209710831736E+01  0.992058475886023E+00
% -0.111162084543610E+01 -0.507957933599444E+00 -0.207705944345138E+00
%  0.858424200124438E-01 -0.958685441450210E-01  0.557171165454695E-01
%  0.116176366762008E+01 -0.125712547440200E+01 -0.121953715190893E+01
%  0.944380984372418E+00 -0.231983468293360E+01  0.118312702227473E+00
% -0.154708688195123E+00 -0.344294850182442E+00  0.510853602204714E+00
%  0.144824211921967E+01 -0.171327075727465E+01  0.212259101725365E+01
%  0.462916276665887E+00 -0.183648794891839E+00  0.992741363012225E+00
% -0.226997959471758E+01 -0.110443265091745E+01 -0.115512764078803E-01
% -0.187161555234870E+01  0.101595351851524E+00  0.670864305390943E+00
%  0.674801792471167E+00 -0.455326439309778E+00 -0.125678382697434E+01
% -0.912545791269227E+00 -0.469143194364988E+00  0.848488797157954E+00
% -0.970321315503876E-01  0.179839567055967E+01 -0.179548585728939E+00
% -0.158696284302596E+01  0.352134364200066E+00 -0.304038562243320E+00
% -0.790782937609248E+00 -0.133865239438406E+00 -0.273662402474774E+00
% -0.269300498107575E+00 -0.115216863233373E-01 -0.334782127330420E+00
% -0.143314936981254E+00 -0.105303048489790E+01 -0.726476659089724E-01
% -0.319330302907386E+00 -0.133396176249073E+00 -0.723985838263920E+00
% -0.864433434476439E+00  0.453468043331686E-02  0.134393268582385E+01
%  0.491103888984688E+00 -0.284853695171697E+00 -0.207556330711788E+01
%  0.110884630307880E+01 -0.153748326423087E+01  0.389094591733635E+00
%  0.288001414585805E+00  0.251452641549443E+00 -0.124420738912179E+01
%  0.783661878029935E+00 -0.173574089219136E+01 -0.122275472223520E+01
% -0.813043483701447E+00 -0.733068670336402E+00  0.639257780887778E-01
%  0.135549010825566E+01  0.570683431235283E+00  0.749706222538817E+00
%  0.163483199379323E+01  0.743718493367204E+00 -0.356245989719211E+00
%  0.295143314217561E+00 -0.919462733750267E+00 -0.668374897573287E+00
% -0.581715244177826E+00 -0.930020598592869E+00  0.437544823835878E-01
% -0.321241982926318E+00  0.404809559893187E+00 -0.109559802503369E+01
% -0.544444412274142E+00  0.600598540704899E+00  0.329003877574434E+00
% -0.133944567474862E+01  0.422378627123158E+00 -0.213870210687230E+01
% -0.143776865276677E+00 -0.538044933606284E+00 -0.150119276964617E+01
% -0.126252470565196E+00 -0.584020723918199E+00 -0.833143282310098E-01
% -0.565664168394291E+00  0.641514610093633E+00 -0.396293078523638E+00
%  0.238055129809653E+00  0.289516022022230E-01  0.492330668101393E+00
%  0.814339345610489E-01 -0.378364201558562E+00  0.420894826121260E+00
%  0.175720318701015E+00  0.235643625445495E+01 -0.616040050303041E+00
% -0.439040872226044E+00  0.269999661332642E+00 -0.826369149772206E+00
%  0.552132710336887E+00  0.130071953531363E+01 -0.890117699722632E+00
%  0.161731798705394E+01 -0.151683356924314E+01 -0.117136106380890E+01
%  0.235552369123055E+01  0.566894544115793E+00  0.761257581511411E+00
%  0.141347150844703E+01 -0.137300015911163E+00  0.641244484335559E+00
% -0.344168475159071E+00  0.608187131030669E+00  0.195107220777681E+00
%  0.283439532607313E+01  0.410249931883538E+00  0.146122356375065E+01
% -0.187081648655232E+00 -0.962543685284088E+00  0.120433521795275E+01
%  0.146331948226454E+00 -0.466286777480342E+00  0.156861004695057E+00
%  0.395215657489323E+00 -0.103574796486374E+01  0.540297339661819E+00
%  0.427283576324877E+00  0.151081912999476E+01  0.163068652348162E+01
%  0.208399815395825E-01 -0.182128957558468E+00  0.382164960071252E+00
%  0.130526093654160E+01  0.460207179236885E+00 -0.356305470069717E+00
% -0.147061314577326E+01  0.187409284329696E-01 -0.279353250933462E+00
%  0.987115747159983E+00  0.522220414496066E+00 -0.271962739547219E+01
%  0.412103184827753E+00  0.131725780588855E+01 -0.122418254383761E+01
% -0.275530030466869E+01  0.136174901581706E+01  0.247479620490648E+01
%  0.170566777412896E+00  0.153559903171603E+00 -0.625423813584401E+00
%  0.151655648341790E+01  0.579570621701994E+00 -0.680857964126670E-01
%  0.171903657634008E+01 -0.235042594671887E+01 -0.273992216200874E+00
% -0.833730420330121E+00 -0.984267463699157E+00 -0.780229086181043E+00
%  0.154945821389160E+01 -0.938730281542444E+00 -0.256908676692100E+00
%  0.173422968929423E+00 -0.598112903330651E+00  0.157380136589270E+01
%  0.251280598808839E+00  0.114491266359979E+01 -0.137281866979538E+01
%  0.637818171977723E+00 -0.165912259836206E+00 -0.494153753669155E+00
% -0.503133674016016E+00 -0.121115731356289E+01  0.457552792179072E+00
%  0.118814285844875E+01  0.264018386377528E+00 -0.179075151585532E+01
%  0.110446354715219E+01 -0.225432071654538E+00 -0.182707956247019E+00
% -0.242220823855888E+01  0.244281712359423E+00  0.182194538039476E+01
%  0.252418088373339E+01 -0.593240907347693E-01  0.142355651936082E+01
% -0.110272689467898E+01 -0.359404035111185E+00  0.309504853235073E+00
% -0.221389061288204E-01  0.429868767956776E+00  0.162571835788442E+01
% -0.761418271175941E+00  0.156353461021157E+01  0.758789820249823E+00
% -0.193130164973584E+01  0.259440152727139E+00 -0.603951736219118E+00
% -0.290208616010053E+00  0.215781208332423E+00 -0.608365264934788E+00
%  0.117164158909633E+00 -0.757370728426345E+00  0.426447118820547E+00
% -0.100379609450489E+00  0.153199398356238E+01 -0.276159867190227E+00
% -0.122008877824636E+00  0.107033456790310E+01  0.231540553129261E+01
%  0.843229922562462E+00  0.548555459925935E+00  0.814240868284415E+00
%  0.621891671245224E+00 -0.221913184258361E+01 -0.610528094702757E+00
% -0.981995092759674E+00  0.108169530527224E+01 -0.245143488871999E+00
% -0.117070117262937E+01  0.111672266504205E+01 -0.172147512431347E+00
% -0.186404946976341E+01  0.418433400730606E+00 -0.244861565913628E+00
% -0.882874031229438E+00  0.284028986105388E+00  0.402380315885892E+00
% -0.325787894810890E+00  0.681786023143024E+00 -0.889801777540115E+00
%  0.959958569663980E+00  0.133716635369814E+01 -0.166627857690760E+01
% -0.347421119181595E+00 -0.661837981271151E+00 -0.318682653128529E-01
%  0.557696245573901E+00  0.943282589870021E+00 -0.506093099242434E+00
%  0.317144536070607E+00  0.273734981055680E+00 -0.453412309858937E+00
% -0.101408387965196E+01  0.480096634016748E+00 -0.147841451532792E+01
% -0.634886637567107E+00 -0.159480485062025E+01 -0.160386379898551E+01
%  0.162092076744551E+01  0.341321154268171E+00  0.114653259499211E+00
% -0.648065930318568E+00 -0.214186322716613E+01 -0.243454108582080E+01
% -0.151205286971274E+01 -0.347612459985935E+00  0.630367750454223E-01
% -0.105466473413159E+01  0.362845780951566E-01  0.610469281575973E+00
%  0.584611579746000E-01 -0.868106730009257E+00 -0.786260650176231E+00
% -0.224998753041164E+00 -0.124345218679773E+01  0.332022671967810E+00
%  0.127876528770183E+01  0.512260810781728E+00 -0.411782805370272E+00
% -0.698249657813960E-01  0.109487027935129E+01  0.105549686029854E+01
%  0.730927055535781E-02  0.792037750451624E+00  0.466659152215697E+00
% -0.968812364222233E+00 -0.590946922392224E+00  0.120462616447299E+01
% -0.387205856380544E-01  0.493574123058402E+00 -0.128261685181087E+01
% -0.795819694294970E+00 -0.290864032756924E-01 -0.386640777606017E+00
% -0.138267836927982E+01  0.108743996562877E+01  0.823706586008473E+00
%  0.317528177913282E+01  0.207743531270489E+00 -0.373522380161101E+00
% -0.684433774485704E+00 -0.649167675712546E+00  0.105113766157261E+01
% -0.126386485324432E+01  0.154554552357905E+01 -0.454611221218612E+00
%  0.288279469899317E+00 -0.123426481858878E+00 -0.436406730790867E+00
%  0.671732622969906E+00  0.141270349556412E-02 -0.150697061825878E+01
%  0.101349202150921E+01  0.957752322441446E+00 -0.204033367300240E+01
% -0.283114430073658E+00  0.373642710703944E+00  0.145672593706005E+00
%  0.211630918162537E+00  0.629460508736214E+00 -0.276232536624441E+00
% -0.643319107784096E+00  0.280088026437616E+00  0.601950226711106E+00
%  0.239180992001510E+01 -0.116630083002737E+01 -0.212383422771084E+01
%  0.169838490320561E+00  0.292625562922022E+00  0.150226033245873E+00
% -0.107567411918858E+01 -0.111058035855286E+01 -0.623128628643652E-01
%  0.302079586180359E+00 -0.469396910855117E-01 -0.196504815375795E-01
%  0.115897588773445E+01  0.192651428104733E+00 -0.405473393866389E+00
%  0.536199146965973E+00 -0.775228873371373E+00 -0.249899663059449E+00
% -0.867464631109762E+00  0.737270992182354E+00  0.728725511524355E+00
% -0.536788230577342E+00 -0.773932731934336E+00 -0.863883716987677E+00
%  0.161520938341887E+01  0.110079616339035E+01  0.695622877162063E+00
%  0.942162232997152E+00  0.390276696056353E+00 -0.365027830955809E-01
%  0.264444127245355E+01 -0.120729545316193E+00 -0.244601317074333E+01
% -0.924412085593353E+00  0.155624494865010E+01  0.104187374364074E+01
% -0.443968466814325E+00  0.213102525242829E+01  0.866331756542616E+00
%  0.554914343849672E+00 -0.133798214130540E-01  0.117333777024797E+01
%  0.775489495047686E-01  0.728419064370477E-01  0.531147182520556E+00
% -0.108205511470473E+01  0.172481111005416E+00 -0.620775744723537E+00
%  0.188239555136202E+01 -0.861197288757076E+00 -0.428414014350108E+00
% -0.291138745505739E+00 -0.770996538217083E+00  0.111013670215282E+01
%  0.478335999478351E+00  0.758282181775116E-01  0.143197213584957E+01
% -0.820119870769022E+00 -0.775195542437366E+00  0.188013268596603E+01
%  0.246909075601844E+00 -0.487967752287204E+00 -0.783890972100838E+00
% -0.703886575311785E+00 -0.165005226865968E+00  0.529144360741364E+00
%  0.512192882804973E+00 -0.556265972889776E+00  0.222715856966812E+01
%  0.859842956493021E+00 -0.916596679155830E+00 -0.145558531546591E+01
% -0.184743277106203E+01 -0.126813252310592E+01 -0.313206200752261E-02
% -0.138332836215433E+01  0.683876010209128E+00  0.182875743480396E+01
%  0.462869600852538E+00 -0.147627812781788E+01  0.287676350050339E+00
% -0.379521813289743E+00 -0.139522088513869E+01 -0.218896681512402E+01
%  0.810003786446792E+00  0.467787550182015E+00  0.857314639288130E+00
%  0.112372714644248E+01  0.145493613885289E+01 -0.566094966376727E+00
% -0.258757443168612E+00  0.404840885243079E+00  0.109224675247049E+01
% -0.569936705766466E+00  0.551376934466508E+00 -0.409710015393972E+00
% -0.483601867787288E+00  0.100023650873994E+01  0.311777185341337E+00
% -0.284011105663310E+00 -0.826492598968671E+00  0.298307743336996E+00
% -0.170458044301848E+01 -0.115372225905521E+01  0.934957567504136E+00
% -0.145635825258845E+00  0.214515476472412E+01  0.165956288457258E+01
%  0.105904708458970E-03  0.270623173030156E-02  0.695778775170772E+00
% -0.550547179052822E+00 -0.489440608109671E+00 -0.893780843605220E+00
% -0.417865227107093E+00  0.782941271563656E+00 -0.275369499589541E+00
% -0.599719688300235E+00  0.675642791932386E+00 -0.271572809478398E+00
%  0.110986676592277E+01 -0.440656673586336E+00 -0.486552367150576E+00
% -0.200883926496754E+01  0.680142096481937E+00 -0.414714593365401E+00
%  0.153233045762959E+00 -0.728022591889893E+00  0.358771105734607E+00
% -0.684469012284639E+00 -0.792567837668927E-01 -0.117296180528482E+01
%  0.205551523269196E+00 -0.724614552237296E+00 -0.716725697761542E+00
% -0.227964454939211E+00 -0.697440882326224E+00 -0.140240386577641E+01
%  0.341298259065605E+00  0.972425346543901E+00 -0.200454615775500E+01
% -0.760256746431204E+01 -0.176691457834410E+02 -0.260610741879314E+01
%  0.109398806033429E+02 -0.891630120970647E+01  0.572754828625894E+01
% -0.103205809450450E+02  0.430101059764370E+01 -0.218813623016461E+02
%  0.701928557180649E+01  0.221175292536712E+02 -0.109249072875881E+02
%  0.234770265695179E+02 -0.105842940492530E+02  0.193256421517932E+02
%  0.305570158680813E+02 -0.516890037262227E+02  0.107105385456304E+02
%  0.560794732446100E+01  0.360741414169428E+02  0.284908999863431E+02
%  0.324704220308842E+02 -0.103569580930840E+02  0.699478314474809E+02
% -0.467977036844337E+01 -0.108079633582761E+02  0.213808471429066E+02
%  0.446591599254348E+02  0.181752108284967E+02  0.750697079414889E+01
% -0.424426536800187E+01  0.181533602171926E+02  0.178831005548941E+02
%  0.935505904546749E-02 -0.209783173918964E+00  0.290470710495079E+01
% -0.518114160545418E+01  0.717653257346549E+01  0.264890115828386E+02
% -0.174135397258275E+02 -0.138576628704702E+02  0.106674086454722E+02
% -0.533704977557534E+01  0.217812267218876E+02 -0.604033106635988E+01
% -0.250288357562606E+02  0.464214076747529E+00 -0.210414774013651E+02
%  0.104643451079631E+02  0.776539396810680E+01  0.232387752941977E+02
%  0.179683663269620E+02  0.914022930119107E+01  0.748779231926307E+01
%  0.209016146981148E+02  0.277361150273831E+02 -0.207054417807625E+02
% -0.226694879504851E+01 -0.149009823926816E+02 -0.403386914340608E+01
%  0.998950165807470E+01 -0.167095704635300E+02 -0.954034681267116E+01
% -0.895910614756500E+01  0.645235417617211E+01  0.247940845817603E+01
%  0.113350995619715E+02  0.226024286924736E+02  0.121976266780525E+02
%  0.857612571546120E+00 -0.335850016030798E+02 -0.831615539360550E+01
%  0.739559156617367E+01  0.182642475742090E+01  0.391599744430343E+00
% -0.694229451759878E+01  0.757893002364946E+01 -0.428521933985232E+01
%  0.237227950613040E+02  0.379419510526914E+02 -0.171488290916061E+02
%  0.140468117503079E+02  0.153493092174191E+01  0.165378334605605E+02
% -0.223863113395211E+02  0.180742146137999E+02  0.108264512905506E+02
%  0.814047705140101E+01  0.315727109527889E+02  0.110111295266406E+02
% -0.752060333643819E+01  0.189408984335483E+02 -0.440965161591231E+00
%  0.119612702150513E+02  0.880390453655664E+01  0.375187700398372E+01
% -0.774174200689842E+01 -0.295065040876117E+00  0.108460896216256E+02
%  0.176086079630227E+02 -0.170918177764705E+02 -0.122021519773883E+02
%  0.375367052580592E+02  0.121935616159624E+02 -0.116783946990310E+02
%  0.252643238194918E+02  0.172750018008497E+01 -0.233559282716363E+02
% -0.710910024034978E+00 -0.180202667171472E+02  0.150806763880507E+02
% -0.212316431835651E+02 -0.139473281783459E+02  0.292052451728452E+02
% -0.250438694633516E+02  0.323717257777913E+00  0.861719733232126E+01
%  0.917959708357360E+01  0.143352609500053E+02  0.635978347428662E+01
%  0.352448612652679E+02 -0.596429241537836E+02  0.338759697336939E+01
%  0.134780092959034E+02  0.193126921855315E+02  0.158770288388075E+02
% -0.192549368825389E+02 -0.237494409012006E+02  0.391970949578921E+01
% -0.216287602394671E+02 -0.106997056345175E+02 -0.162352826098405E+02
%  0.788462344590795E+01  0.889459109465966E+01  0.322151798008255E+02
% -0.109387020046456E+02  0.107973029029429E+02  0.112203339325988E+02
% -0.279181476226548E+01 -0.536372081498401E+01 -0.769204745196242E+01
%  0.434177163917297E+01  0.387436738835006E+01 -0.303409393214903E+01
%  0.962316448086240E+00 -0.358917849304170E+01 -0.528802520672900E+00
% -0.337002090763766E+01  0.535055950678912E+01  0.157831237042568E+02
% -0.110334102200377E+02  0.646266703493905E+01 -0.770844423908812E+01
%  0.674097193077710E+01 -0.185092664647151E+02 -0.171085596355792E+02
% -0.160564956477724E+02  0.626702039824024E+01 -0.142679374423143E+02
%  0.388009996094252E+01 -0.137171144294854E+02  0.234240864846355E+02
%  0.691020187105003E+02 -0.294032385493840E+02  0.706391199510813E+00
% -0.210292374163546E+02 -0.852747153842622E+01 -0.769650301880350E+01
% -0.862432719459173E-01 -0.318089799514796E+02  0.693349233817317E+01
%  0.272811707619258E+02 -0.915761133209331E+01 -0.138540253693863E+02
% -0.262058727253577E+02 -0.235920921295372E+02  0.557469026284579E+02
% -0.422060204229073E+01  0.110810467281513E+02 -0.835103988762768E+01
%  0.124620948592398E+02  0.247171946310422E+02  0.669651036665832E+01
%  0.286588402580006E+02  0.595341499348879E+02 -0.248637253847184E+02
%  0.542824503849276E+01  0.209433420494468E+02 -0.500591231502370E+01
% -0.236873013280591E+02  0.199640365243692E+02  0.894701546159384E+01
% -0.682974829571343E+01 -0.555320644728137E+01 -0.668653542492620E+01
%  0.452647729317333E+02 -0.643838587691000E+02  0.329313779323007E+02
%  0.161599912351033E+02 -0.189398064277106E+02  0.394343204130412E+01
%  0.475990507158935E+01 -0.103708679271308E+02 -0.169636336347331E+02
%  0.159852341976813E+02  0.146450967969955E+02 -0.375634127933353E+02
% -0.168868637843785E+02  0.305500192368083E+02  0.436930911003849E+02
% -0.143565648598827E+02  0.388471598796367E+02  0.142703219876652E+02
% -0.904006792419925E+01 -0.173570123641004E+02 -0.150040088825914E+02
%  0.120308860476956E+02  0.215314249009153E+01  0.112603567073623E+01
% -0.432880859764221E+02  0.244349713721053E+01 -0.314267887378594E+02
% -0.481363643409403E+02 -0.650912266805613E+02 -0.209397161348450E+02
% -0.377133077057600E+01  0.330365522060866E+01  0.120963803831414E+02
% -0.455638411873693E+02  0.517170432845788E+01  0.293460407875035E+02
%  0.959764367164493E+01  0.443688356114437E+02 -0.167860127617796E+02
% -0.120114818643964E+02  0.484087571031869E+00 -0.365357879595141E+00
% -0.590587823992813E+01 -0.748336589381584E+01 -0.267379001993216E+01
% -0.466535946034957E+01 -0.802443697233039E+01  0.610755179751819E+01
% -0.114079218000700E+02 -0.609340446594353E+01  0.279532091202092E+01
%  0.353872575759956E+01 -0.101467702499490E+01  0.113218598364711E+00
% -0.192614926952526E+02  0.383256617706365E+02 -0.446530986397511E+02
%  0.597677464508656E+01 -0.639605690984579E+01  0.955885784535215E+01
%  0.209774887228981E+02 -0.948790155625161E+01 -0.144400467241360E+01
%  0.228924101707580E+02 -0.379308851591768E+02 -0.370159169418534E+02
%  0.341499517882258E+01 -0.330554956638362E+02 -0.190614137079974E+02
% -0.197921334930827E+02  0.435710531039050E+01  0.678075052849729E+01
% -0.641280791122362E+01 -0.609107150131795E+00 -0.880581455368983E+01
% -0.169406182381327E+01 -0.668111250406505E+01  0.417778224871777E+02
% -0.579232410769886E+01 -0.352367671875525E+02  0.114142914423783E+02
%  0.982943569089353E+01  0.767298397568760E+01  0.529781156131609E+01
% -0.883339649211395E+01  0.753039160206733E+01 -0.263244091970444E+01
%  0.108490669601146E+02  0.277063406705292E+02  0.418606287236375E+01
%  0.104234975069046E+02  0.170795403129537E+02  0.146983569609706E+02
%  0.737205785520446E+01  0.249137342080362E+02 -0.343081733650310E+01
% -0.288619347413574E+01  0.199531330574497E+01 -0.114863853118889E+02
%  0.132209411736660E+02  0.225263571300160E+02  0.176675169442997E+02
% -0.111598405576582E+02  0.153739123615743E+02  0.232686408181804E+01
%  0.584960276284887E+00 -0.604774702363113E+01 -0.596963543824352E+01
% -0.130307317523820E+00  0.141615006375964E+01 -0.187671991861006E+02
% -0.537185097214474E+01  0.295063849543980E+02 -0.231234989985479E+02
% -0.945755145439568E+01  0.512372634505851E+01 -0.112836767144655E+02
%  0.241974442750814E+01  0.523836654883077E+01 -0.118894352243934E+02
% -0.133618193992875E+02  0.475915472379053E+01  0.143559177689277E+02
% -0.143256085191400E+01  0.120173570573366E+02  0.415347839966812E+00
% -0.113464073504351E+02 -0.281773166192022E+02 -0.917611352003958E+02
% -0.141481609604038E+01 -0.974696060553641E+01  0.532544600615405E+01
%  0.127889385510450E+02 -0.147003544139190E+01 -0.966495827865885E+01
%  0.642274285784561E+01 -0.262226403648063E+01 -0.176805044424377E+02
%  0.703218318073561E+01  0.103063757600851E+02 -0.354705253305714E+01
% -0.142757705806253E+02  0.201611223156796E+02  0.641460257351841E+02
%  0.231083344335468E+02  0.208841033188087E+02  0.164686700997489E+02
% -0.472961696736520E+02  0.166141151950099E+02  0.434421218988552E+01
% -0.974476134311291E+01 -0.896291343324752E+01  0.103146071327176E+02
% -0.110170603163982E+02 -0.220460284932019E+01 -0.349545490029555E+01
% -0.186880748787919E+02 -0.525238011813933E+01 -0.804670237407512E+01
%  0.395632191694887E+02  0.277555227658393E+02 -0.224737413013222E+02
%  0.705644293318218E+01 -0.100526722730401E+02  0.100912841424547E+02
% -0.385045290930104E+01  0.148575399587085E+02 -0.456935551506392E+01
% -0.137685208301210E+02 -0.626001279011546E+02 -0.910366445000895E+01
% -0.245730631512366E+02  0.296709604698669E+01  0.676568956951258E+01
%  0.201066892649707E+02 -0.286509918471171E+02 -0.295078874939810E+01
%  0.392675018050192E+02  0.739283019425105E+01  0.117689160471731E+01
%  0.471176517149746E+01  0.107263643902944E+01  0.115783248764304E+02
% -0.705841178808755E+01 -0.343024238643276E+01 -0.549654200228043E+01
% -0.114837308392056E+02 -0.604667353399612E+01 -0.776511994434539E+01
%  0.168587506723986E+02 -0.596069905979905E+01 -0.328017879083996E+01
%  0.260507826925489E+02 -0.146337178652228E+02 -0.170894986868616E+02
% -0.364945933951464E+02  0.190271246511749E+02 -0.271143587809930E+00
% -0.150889899570837E+02  0.749982344104150E+01  0.177723336690804E+02
%  0.171009337683294E+02 -0.117076911213207E+02 -0.214042727857255E+01
% -0.164965969253416E+02 -0.469562444607160E+02  0.222819463393764E+02
%  0.174538726446020E+02 -0.224002056307830E+02  0.313570091922474E+02
%  0.449781411356895E+02  0.371942381171723E+02  0.414601399600305E+02
%  0.442384134734178E+02 -0.151545317830311E+02  0.451039291547808E+02
% -0.359495941696710E+01 -0.299284279207615E+02 -0.116831352663357E+02
%  0.535560106198008E+01 -0.136673779419674E+01  0.689435693926513E+00
% -0.721313896254003E+01 -0.856346026031346E+00  0.247681861270086E+02
%  0.655350582426501E+00  0.151823894998807E+02  0.678388366330800E+01
%  0.129911613460027E+02 -0.201861361411737E+02 -0.603376693515138E+01
% -0.507166784080371E+01  0.275782934786775E+01  0.146530717019014E+02
% -0.271442945400038E+01  0.425349576820794E+02  0.140077131396200E+02
%  0.145278520450866E+02 -0.351876550245477E+01  0.151145679631703E+02
% -0.281684095836156E+01  0.330425418700142E+01 -0.421049125933303E+00
%  0.151639922312254E+02 -0.379749314804725E+02 -0.320564079675284E+02
% -0.434587082449724E+01 -0.131633630395242E+02  0.900781330236982E+01
%  0.415945328847553E+02  0.111232084252339E+01 -0.599621803754657E+02
%  0.425803483519477E+02 -0.308743418547137E+02  0.102552903345876E+02
% -0.572242685830350E+01 -0.763049183894352E+01 -0.657103059888890E+00
%  0.769743783467801E+01  0.306540917641872E+02  0.832860943401404E+01
%  0.619126511337329E+01  0.462179802030208E+01  0.589204876257268E+01
% -0.100189196191915E+02 -0.493154993082881E+00 -0.861319665043567E+01
% -0.615950192582710E+00 -0.799210516445320E+01  0.823379769806346E+01
% -0.602257949858606E+01  0.194070576389088E+02 -0.607269999813008E-01
%  0.142590696696491E+01  0.621661101601183E+01  0.142560273500002E+02
% -0.278235652823168E+02 -0.153555442977362E+02  0.631938007765523E+01
%  0.992896206420270E+01 -0.783258765307489E+01 -0.712119821348106E+02
% -0.207083371459607E+02  0.130078770117838E+02 -0.194283801084246E+01
% -0.697120790018645E+01 -0.115882344986848E+01 -0.230962397337221E+02
% -0.541103137669160E+01 -0.248363658482517E+01  0.962278368544086E+01
% -0.236077476390494E+02  0.981812596679039E+00 -0.965268626004491E+01
%  0.186408799235100E+02 -0.135461860518979E+01  0.681917632239046E+01
%  0.667797680448065E+01 -0.622996975898466E+01  0.291876663878816E+01
%  0.291038829398583E+02 -0.227369852736317E+02 -0.296191579464136E+02
% -0.125699375011912E+02  0.629183582422311E+01 -0.670694389058471E+01
% -0.965146458003943E+01 -0.166911031098340E+02  0.206448176495973E+01
% -0.511750169044299E+02  0.635607885635018E+01 -0.396821457373644E+02
% -0.246501873685258E+02  0.353616003804694E+02 -0.612183630351961E+00
%  0.802902196671728E+01  0.135761048791069E+02 -0.173812201049968E+01
% -0.113391306563183E+02  0.172884840907893E+02 -0.262239984177659E+01
%  0.525604671923011E+01  0.142808388179096E+02  0.163421798857181E+02
% -0.267815148440642E+02 -0.361779140249822E+01  0.686047456152004E+01
% -0.117914090489561E+02 -0.363174292659090E+00 -0.118934528845826E+01
% -0.320994610888591E+02 -0.567162060629129E+02 -0.961948756193036E+01
%  0.251354271889712E+02  0.168804628813929E+02  0.568446429303670E+01
% -0.294453914792576E+02  0.423311559697078E+02 -0.998945851840405E+01
% -0.409125260719753E+01 -0.335204247296900E+02  0.392509368703417E+02
% -0.339972262016190E+02 -0.399079234913466E+02  0.164021735532452E+02
% -0.303313757355285E+01 -0.823930505133948E+00 -0.524728458132009E+01
%  0.241049477227377E+02 -0.114776083686285E+02  0.760424918466204E+00
%  0.209950633862192E+02  0.944376613188310E+01  0.124923459377363E+02
%  0.922358247526203E+01  0.292044998060524E+02 -0.440884735753457E+01
% -0.252463529285475E+02 -0.351772316113187E+02  0.141004180385395E+02
% -0.207139082532815E+02 -0.170983264321424E+02 -0.405944795491787E+02
% -0.948648813781978E+01 -0.760510640326201E+01  0.598889916487566E+01
% -0.469927129612652E+02  0.214524623237730E+02 -0.858493523058007E+01
% -0.275606243725880E+02  0.285615326936996E+02 -0.897293116272130E+01
%  0.166385955723357E+02 -0.285641767304841E+02 -0.123990551425951E+02
% -0.181229216217712E+02  0.401773721095211E+02  0.139825643546131E+02
% -0.527058141024028E+01  0.173090492003995E+02  0.184211451826249E+01
% -0.869255645141764E+00  0.739134142497489E+01  0.472218263466254E+01
%  0.333336168606253E+02 -0.180860789608065E+02 -0.251101726684674E+02
% -0.405375820533339E+01 -0.141216744268316E+02  0.355118798145704E+02
% -0.306205558279724E+02 -0.160524905720420E+02 -0.449105841305868E+02
% -0.901089058514457E+01 -0.367133735442965E+01 -0.125985016401517E+02
% -0.208857486077443E+01  0.216269256389148E+02  0.115648613699141E+02
% -0.184953268424433E+01  0.129788079872429E+02 -0.284409051241836E+01
% -0.585911277764984E+01  0.530168760964219E+01  0.286630461090231E+00
% -0.218981004471352E+01 -0.708904520544778E+01 -0.191420696317579E+02
%  0.652861519963590E+01 -0.903836013793001E+00 -0.298140870559712E+02
% -0.340568788931183E+02 -0.367063132570875E+01  0.139932627488757E+02
%  0.703841870436703E+01  0.146458281410971E+02  0.606483308708188E+01
%  0.808216006576662E+01 -0.419870661178991E+02 -0.648299827890570E+01
%  0.728846891150944E+01  0.132956977215717E+02  0.105922464376073E+02
% -0.149341708168471E+02 -0.322795529004186E+02 -0.136873672854818E+02
%  0.236817688009438E+02  0.136715038595552E+02 -0.116300499617489E+02
%  0.216146628917504E+02  0.850625981513318E+01 -0.104213495574230E+02
% -0.295723119418785E+02  0.406506915736854E+01 -0.288812469797919E+02
% -0.223699946773112E+02  0.211955398259307E+02  0.202532232874290E+02
%  0.121238143440865E+02 -0.890189337669481E+01 -0.543534606969255E+01
%  0.690882621550202E+01  0.160608771215554E+02 -0.139939181057765E+02
%  0.146757565456030E+02 -0.107015355470707E+01  0.264410233614231E+01
% -0.887928972723320E+01  0.192934241237285E+02  0.325748238397794E+02
% -0.264815648768644E+01  0.413981582138625E+01 -0.849273549930597E+00
%  0.201256953788205E+02  0.233737509558937E+02  0.124961030663012E+02
%  0.134583165848649E+01 -0.328968247019179E-01 -0.308504414506497E+00
%  0.537015313788224E+01 -0.628558533977349E+01 -0.834580041447278E+01
%  0.602489894233927E-01 -0.254830528031116E+01 -0.950572126845803E+02
%  0.509351455348892E+01 -0.147206780080562E+02  0.129101423014450E+02
%  0.263365419758963E+01  0.486787157955565E+01  0.473530659580084E+01
% -0.106515067232285E+02 -0.184688989534975E+02 -0.545311944281989E+01
% -0.134849738003790E+02  0.383774619912117E+02  0.132566065776718E+02
%  0.169062399814247E+01 -0.177523103103855E+02 -0.203232166778517E+02
% -0.311156724735672E+01 -0.704342183420594E+01  0.620029866205686E+00
% -0.175998602456845E+02 -0.220045301610078E+02 -0.730713717908718E+01
%  0.148894123093527E+02 -0.256635016619910E+02  0.264104078997735E+02
%  0.103735621141609E+02  0.633407279112197E+01 -0.562539998112145E+01
% -0.545019700302240E+01 -0.118007208384355E+02  0.451249718625953E+01
%  0.493167431880946E+02 -0.104148737645899E+01 -0.736404312474255E+00
%  0.106785837502270E+02 -0.369746124367385E+02  0.124208650714165E+02
% -0.886360582010680E+01  0.285483312924823E+02 -0.305499533157215E+01
%  0.124962603348032E+02  0.117331496188586E+02  0.225009667848123E+02
%  0.810721740340564E+01  0.809440271010310E+01 -0.114963770319057E+02
%  0.181708409517312E+02  0.365188641366201E+01 -0.267895112892434E+02
% -0.164220514556615E+02  0.354588473692922E+00 -0.821805235369063E+01
% -0.332575738279550E+02  0.239701825916845E+02  0.627524456676801E+00
%  0.539136622763996E+02 -0.137484739095229E+02 -0.273381015939729E+01
%  0.441169156355691E+02  0.393863331515454E+01  0.264610783818615E+02
% -0.720356583005362E+01 -0.113179369209777E+02  0.466234006218636E+01
% -0.137146032932755E+02 -0.204017769457446E+02 -0.374292466804903E+02
% -0.332927853297586E+02  0.786935532389375E+01  0.232904269742735E+02
%  0.113444535663054E+02 -0.425380871820688E+01 -0.456798321702109E+01
% -0.766629427547475E+01  0.168820706722043E+02 -0.132733926237505E+01
% -0.109610009230607E+02  0.124189864172834E+02  0.800227093445848E+01
% -0.438928697526172E+01 -0.466706082094986E+00  0.106790322701132E+02
% -0.168945191541279E+02  0.454987747884727E+01  0.253027465821381E+01
% -0.747858101318051E+01  0.362759551328785E+02 -0.526822763732840E+01
%  0.120243573218604E+02  0.340870037610171E+01 -0.113739650546439E+02
% -0.988716458412225E+01 -0.132491801946029E+02  0.591307607000507E+01
%  0.122253393444382E+02  0.579618890905584E+01  0.109303966807519E+02
% -0.204754759324441E+02  0.127769886382296E+02  0.402732836919473E+01
% -0.235306016927092E+02 -0.122915661375534E+02 -0.446676610548551E+01
% -0.153889545137049E+02  0.805173535764870E+01 -0.125088222260759E+02
%  0.257960831829230E+01 -0.161889170191843E+02 -0.222123467027035E+01
