% T    256  0.657656553154792E+01  0.657656553154792E+01  0.657656553154792E+01
   0.296249328018216E+01 -0.159558140231299E+01 -0.839365127299624E+00
  -0.215540643845887E+00 -0.179846116763319E+01  0.487203339600360E+00
  -0.204269237668467E+01 -0.315714981211975E+01 -0.113408702687308E+01
  -0.206545473539896E+01  0.256205148625836E+01 -0.220890042048361E+01
   0.105161739788468E+01 -0.289596665445052E+01 -0.721045401665168E+00
  -0.232985557390328E+01 -0.135391340378014E+00  0.206690445890375E+00
   0.617329043027078E+00 -0.895429296759610E+00 -0.264369878357567E+01
   0.667364454731065E+00  0.906914359407422E+00  0.435336970352950E+00
   0.964682419515066E-01 -0.266312100547698E+01  0.153570821054182E+01
   0.490008779596117E+00  0.292403314079909E+01  0.696644710781783E+00
   0.168124410782679E+01  0.123611880440677E+01  0.490657383041867E+00
  -0.239549771589527E+01 -0.155284383980553E+01 -0.287876331702577E+01
  -0.116120706879681E+01 -0.283159540307063E+01  0.178628797255389E+01
  -0.143432864451384E+01 -0.174294519224068E+01 -0.217683968750493E+00
   0.133742434166491E+01 -0.123488309813399E+01 -0.792381893830534E+00
  -0.321239792364135E+01 -0.340712654792806E+00  0.946463023280160E+00
  -0.197446759576396E+01 -0.935504497298325E+00 -0.382033171417485E+00
  -0.254828303035601E+01  0.170812603511575E+01  0.216354415621226E+01
  -0.499961916398529E+00 -0.568212886346149E+00 -0.125656094673292E+01
  -0.871487477546259E+00  0.101082656276491E+01  0.100145534639558E+01
  -0.154050523817742E+01 -0.141496770905671E+01  0.291294826225728E+01
   0.979479022966611E+00 -0.316802717882503E+01  0.318771634206890E+01
  -0.364817011332911E+00 -0.158683979338767E+01 -0.844848051497521E+00
  -0.312529677095014E+01  0.555221758292307E+00  0.395151859990524E+00
   0.133269344101452E+01 -0.496720818161476E+00 -0.202160462072290E+01
   0.782471718226968E+00 -0.545086457450786E+00  0.268240376802148E+01
   0.110984365382733E+01  0.232536071848748E+01 -0.327881046404258E+01
   0.119133244118013E+01 -0.253431378800047E+01 -0.243233902262874E+01
   0.962593567316138E+00  0.281956959708342E+01  0.236436965600431E+01
   0.188689868841519E+01 -0.195812056992628E+01  0.257903210581361E+01
   0.220979513211634E+01 -0.298648844868528E+01 -0.272419254022893E+01
  -0.239014464885882E+01 -0.426288537896829E+00 -0.123393871921043E+01
  -0.101631609014307E+01  0.195132291660342E+01 -0.272927982943704E+00
  -0.150709594509434E+01  0.241806981418518E+01 -0.317034295647451E+01
  -0.248048456113448E+01  0.321202719202727E+00  0.137235276091748E+01
   0.322043188297403E+00 -0.671054860447891E+00 -0.585297666009836E+00
  -0.300065118476628E+01  0.203160873399502E+01 -0.260596576787175E+01
   0.484784418319200E+00 -0.210529529387806E+01 -0.357484208521503E+00
  -0.151469916374015E+01  0.248593144907727E+01 -0.123073926166167E+01
   0.690553488610648E-01  0.369277444094750E+00  0.226740199538894E+01
   0.912605780036668E+00 -0.200359989613518E+01 -0.328201466184723E+01
   0.323605041600007E+01 -0.453842877169648E+00  0.305369339931755E+01
   0.240106902984146E+01 -0.112022594609861E+01  0.303110841624956E+01
   0.322902639849329E+01 -0.126316058973244E+01 -0.283094905657673E+01
  -0.605432016437581E+00  0.385989487625478E+00 -0.183381669373019E+01
  -0.302270810656043E+01  0.265419869821435E+00 -0.145951216572404E+01
  -0.656101178889095E+00  0.108815466087924E+01  0.209888483850789E+01
   0.140049063195538E+01  0.344476891825089E+00  0.917662488851903E+00
  -0.146160369730134E+01 -0.318547467336419E+01 -0.254931264876853E+01
   0.181432244370299E+01  0.184383564618644E+01 -0.230560044207012E+01
  -0.113305180150255E+01 -0.180024930413269E+01  0.115636011709572E+01
  -0.142712852893544E+01 -0.223368777552635E+01 -0.308077854103101E+01
   0.599003120704840E+00  0.189430412055137E+01 -0.226924169059745E+01
   0.173259477064304E+01 -0.307336114040811E+01  0.246891810549847E+01
  -0.625234110227404E+00 -0.143100263241087E+01 -0.280905382259925E+01
  -0.265661982021063E+00  0.191574369962234E+01  0.100949432281074E+01
  -0.104277482182766E+01  0.236481132895888E+01 -0.212153417090111E+01
   0.975866003693379E+00  0.134903741172704E+01  0.141444072248778E+01
  -0.167952088450962E+01 -0.225310675359672E+01 -0.128599320033577E+01
  -0.102390856769643E+01  0.917712907678872E+00 -0.178438989768035E-01
  -0.232837519687787E+01 -0.488965192487097E+00  0.316189185894507E+01
  -0.185662186024328E+01  0.164640400395505E+01 -0.245724909037355E+01
   0.786009277894827E-01 -0.237597170900334E+01  0.252518667164638E+01
   0.233935225413623E+01 -0.740325127107496E+00 -0.239997209851874E+01
   0.284426710766772E+01  0.257499002193806E+01 -0.827475548770919E+00
   0.239898612197729E+01 -0.355297141899612E+00 -0.543043065553150E+00
  -0.302887530136596E+01  0.272748441830387E+01 -0.162129645387104E+01
   0.211868466847957E+01 -0.196632875347445E+01 -0.116259332156350E+01
   0.304617870738230E+01 -0.238946470129492E+01 -0.982520093120869E-01
  -0.715773286912107E+00  0.289866113497190E+01  0.718372368763202E-01
   0.157929798105632E+01 -0.570828348632584E+00  0.505911458765839E+00
   0.121513542035062E+00  0.228839156564311E+01 -0.798927928432271E-01
  -0.512847578963609E-01 -0.257701634795688E+01 -0.131744199279973E+01
   0.764622884532838E+00  0.282578532556579E+01 -0.129970159557935E+01
  -0.150933030660034E+01  0.174983982748471E+01  0.253355614758217E+01
   0.448345120900751E+00  0.302102970550290E+01 -0.254456319130555E+01
  -0.456456591278237E-01  0.284632057428012E+01  0.175503436327075E+01
  -0.229756726616609E+01 -0.241775719045567E+01 -0.186944188268171E+00
  -0.833116981400210E+00 -0.296511594084999E+01  0.271352694331740E+01
   0.203156387396251E+01  0.183613046408025E+01  0.145757957295851E+01
   0.131487424239748E+01  0.140067644650946E+01 -0.154624553437838E+01
  -0.192835840316012E+01  0.163565637854060E+01 -0.631111016281257E+00
   0.292356910065335E+01  0.239565489394775E+01  0.123198758780731E+01
   0.267980051257978E+01  0.155310523756684E+01  0.484540141187887E+00
  -0.245728970460332E+01  0.543559255047222E+00 -0.652744143612472E+00
  -0.426122702534698E+00 -0.984644341242482E+00  0.997343333523910E+00
  -0.127760958040047E+01 -0.813723852012815E+00  0.163827795518189E+01
  -0.178876963990872E+01  0.310750039329110E+01 -0.140412778743729E+00
   0.163970790602237E+01 -0.299023422872228E+01 -0.163869504414800E+01
   0.211632632846310E+01 -0.100884353407774E+01 -0.135666843414272E+01
   0.287659778220875E+01 -0.271553128993148E+01 -0.191454118882858E+01
   0.256432751678100E+01 -0.282802084813219E+01 -0.917327809874930E+00
   0.190487188246803E+01  0.777715928903418E+00  0.174032175823244E+01
   0.278425376489757E+00  0.964399526185508E+00 -0.181556810812054E+01
   0.393923730600735E+00 -0.115368087782972E+01 -0.148119327244908E+01
   0.189094504537550E+01 -0.252716731243194E+01  0.709323821555599E+00
   0.286896211000834E+01 -0.298611959053494E+01  0.307307502925644E+01
   0.395953657284545E-01 -0.269259588646431E+01 -0.299044985895443E+01
  -0.316565079831082E+01 -0.343564649052921E+00 -0.333967414211140E+00
   0.286857930063588E+01  0.727233175997595E+00  0.121224054236842E+01
   0.238834994456374E+01  0.178001430693000E+01 -0.490587039870099E+00
  -0.235811700639522E+01  0.218727016289242E+01  0.308377655873323E+00
   0.179351779104928E+01  0.227787271236511E+01 -0.128165828891141E+01
  -0.105246914715721E+01  0.201919498914286E+01  0.162985606169463E+01
  -0.359235347711799E+00  0.211078192300490E+01  0.274159820150961E+01
  -0.416412456540849E+00  0.254549220117741E+01 -0.997215665943586E+00
   0.106712197727156E+01  0.840435731947805E+00  0.245785340337009E+01
  -0.274944203164001E+01 -0.319634473631097E+01  0.233158783387043E+01
  -0.155146099709141E+00  0.539244150121260E+00 -0.272595422643131E+01
  -0.254391823864928E+01 -0.251489285570445E+01  0.325150693331762E+01
   0.384350455256948E+00  0.183658576130653E+01 -0.118561525322388E+01
  -0.298670413289164E+01  0.608722872906020E+00  0.235649440140086E+01
  -0.224027863352400E+01  0.502756677903587E+00 -0.259670796628176E+01
  -0.191138509933999E+00 -0.257849384770500E+00  0.310017218048176E+01
   0.226339961292262E+01  0.229931550263073E+01  0.235157400654794E+01
   0.228448235765322E+01  0.134013600553965E+00  0.486999355187213E+00
  -0.408025751995177E+00  0.320826734146044E+01 -0.190609087178897E+01
   0.969988576744767E+00 -0.208950584166058E+01 -0.140030631478185E+01
  -0.218953706527933E+01 -0.254028559873163E+01 -0.231876345764545E+01
   0.297368382787405E+01 -0.201406245872950E+01  0.286292582777298E+01
   0.150943942042517E+01  0.459871308192769E+00 -0.226950731614934E+01
   0.100638714058779E+00  0.310346066942084E+01  0.282841213391747E+01
   0.112947584575631E+01  0.187309152411196E+01 -0.413378357185438E+00
   0.203347024523372E+01  0.168540449467692E+00 -0.317845302214658E+01
   0.210208756939387E+01  0.180586491389739E+01  0.328491689436383E+01
  -0.287360462035773E+01  0.313480143300016E+01 -0.296310852000510E+01
   0.208239781375056E+01 -0.145198417122839E+01 -0.125120203063663E+00
  -0.650842888012782E+00  0.140150149074994E+01 -0.119776014891882E+01
  -0.271193661558342E+01  0.234290692250687E+01 -0.697744612732821E+00
   0.266480464296708E+01 -0.182170710885345E+01  0.920800873040842E+00
  -0.122571800918768E+01 -0.266973080453536E+01  0.442225137306311E+00
  -0.760459248404109E+00  0.292246133867685E+01  0.104309981234461E+01
  -0.265959561331143E+00 -0.282688627804301E+01  0.545780038628792E+00
  -0.194130670601362E+01 -0.243011875503530E+01  0.246698227398802E+01
  -0.287035662297001E+01 -0.221890492979722E+01  0.211914192024208E+01
  -0.176062592668096E+01  0.284455929417906E+01  0.179014723813956E+01
  -0.129220878531143E+01 -0.844067940845671E+00  0.601062965957728E+00
   0.107276157976146E+00 -0.317819879812786E+01 -0.300637658559291E+00
  -0.321556354558833E+01 -0.839783901402485E+00 -0.149652291742046E+01
  -0.183731553214921E+01  0.321146926310598E+01  0.282012195727479E+01
   0.138191728558672E+01  0.173888319219114E+01  0.230612281528304E+01
  -0.299233414765034E+01 -0.225178703477531E+01  0.875939393045579E+00
  -0.575500099462004E+00  0.287220479592750E-01  0.676775084776059E+00
   0.280308002702791E+01  0.322890264193271E+01  0.205174958401097E+01
  -0.307675343977056E+01  0.151407990156349E+01 -0.125449746498397E+00
   0.186993988253753E+01  0.100614667062314E+01 -0.496139708243530E+00
  -0.302646517758014E+01 -0.129319160757121E+01  0.147425468054139E+01
  -0.199867763391674E+01  0.444477640610425E+00  0.300905532553046E+01
  -0.504364041497946E+00  0.146602970169229E+01 -0.215074768080185E+01
  -0.839070811610681E-01  0.136139188571598E+01 -0.599591640055697E-01
   0.187089812024088E+00  0.180092139654238E+01  0.185149122069438E+01
   0.130022022853565E+01  0.303406472776635E+01  0.978975394779952E-01
  -0.206675247385244E+01  0.987875311127669E+00  0.267619785953618E+00
  -0.293068254660127E+00 -0.168430764193238E+01  0.179228015528232E+01
   0.177969658252510E+01 -0.177680196708901E+01  0.140562589789981E+01
   0.118003548483366E+01 -0.889316128824276E+00  0.140978910895908E+01
   0.520916049145603E+00 -0.178943257613228E-01  0.137607008258440E+01
   0.129001829913327E+01 -0.113568240540814E+00 -0.361509635490775E+00
   0.158403524245843E+01 -0.146121122283940E+01 -0.223115629534189E+01
  -0.288568831842052E+01 -0.149095806529395E+01  0.180820657917855E+00
  -0.298100818433497E+01 -0.218395056116179E+00 -0.241850248863640E+01
  -0.211549580097601E+01 -0.144467444111377E+01  0.181529517632070E+01
   0.304216831145817E+01  0.608512571674278E+00 -0.523136114415121E+00
  -0.137503341815948E+01  0.225552855469439E+01  0.628389179052752E+00
   0.712741478123942E+00  0.861171684841170E+00 -0.685570560121439E+00
   0.242346740327171E+01  0.106838049144101E+01 -0.260217680833683E+01
  -0.318452286091436E+01  0.558063659161985E+00 -0.322956240649364E+01
  -0.318269960381287E+01 -0.488602634017539E+00  0.208096581510629E+01
  -0.162628644539923E+00 -0.446351424053915E+00 -0.231642455879672E+01
   0.719889669043507E+00  0.186289072289602E+01  0.568896130138256E+00
   0.176388510904646E+01 -0.284649119444161E+00  0.248375578104027E+01
  -0.264518246922963E+01  0.319273258013757E+01  0.309935987916282E+00
   0.172974807934431E+01  0.213932149602731E+00 -0.131583432799020E+01
   0.241534487348827E+01  0.100270147088884E+01 -0.141779345556029E+01
  -0.158815853420302E+01  0.876068404835066E+00 -0.145478194764821E+01
  -0.232633498890863E+01  0.187966062911941E+01 -0.161106292586515E+01
  -0.181141518712322E+01  0.313253005094620E+01  0.800444795671284E+00
  -0.254677554019189E+01  0.227367541005305E+01  0.138883324682092E+01
   0.304255317611103E+01  0.254412412738088E+01  0.218113948969161E+00
  -0.234986023643209E+01  0.137077927806788E+01  0.321698675924550E+01
  -0.127538962387905E+01  0.401461754197946E+00 -0.261094106923818E+01
  -0.151935521559576E+01  0.211208069465740E+00  0.934792264484191E+00
  -0.899719914133087E+00  0.410357327771555E+00  0.292988753370012E+01
   0.284994276896331E+00  0.123746084239675E+01  0.316802941925374E+01
  -0.495756698609726E+00 -0.238091484420028E+01 -0.297099765911177E+00
   0.183178190153339E+01 -0.240761824287437E+01 -0.255923763645596E+00
  -0.100069592807154E+01  0.134598907257029E+01 -0.306251081027567E+01
   0.280323190046489E+01 -0.134803032772792E+01  0.215188137178409E+01
  -0.261850619902677E+01 -0.168898560328274E+01 -0.195980798335390E+01
  -0.232585688905575E+01 -0.786974692518949E+00  0.109170612129638E+01
   0.245920884671992E+01  0.292685764766951E+01 -0.172952266543141E+01
  -0.208493317645915E+01 -0.657173436784130E+00 -0.225659610050736E+01
   0.148743487744827E+01 -0.740005357158436E+00 -0.310370610155419E+01
  -0.760839521791271E+00  0.700594112981331E-01  0.166334143344653E+01
   0.256868777681519E+01 -0.255568403690445E+01  0.151283859364572E+01
  -0.955905837139706E+00 -0.716210806510017E+00  0.253103126695292E+01
  -0.869565763915585E+00 -0.244383019850103E+01 -0.215979434759683E+01
  -0.288437019790443E+01 -0.239687858908038E+01 -0.125367060769873E+01
   0.626339360366596E+00 -0.106172059596270E-01 -0.131856400120034E+01
  -0.173115515236543E+01  0.134733645302901E+01  0.132770789360068E+01
   0.247022083673013E+00 -0.194127360450782E+01 -0.226881064623439E+01
  -0.281068679333142E+01  0.326842142530124E+01  0.130511286208760E+01
   0.158287449974779E-02 -0.754843412655657E+00  0.195876345290064E+01
   0.105543951684444E+01 -0.257387260338147E+01  0.196296146693997E+01
   0.204660208469209E+01  0.286072592145826E+01  0.316298856575175E+01
  -0.308599656004893E+01 -0.328389247197358E+01 -0.636854891349828E+00
   0.235245633765571E+01  0.317999050241102E+01 -0.844880419389053E-01
   0.199934910568952E+01  0.316047155065317E+01  0.129792256145989E+01
   0.281328411511290E+01 -0.168421980228418E+01 -0.200349124398555E+01
  -0.176243649328634E+00 -0.139404306701465E+01  0.283754545942510E+01
  -0.138586107669666E+01 -0.105148182850757E+01 -0.124998298928850E+01
  -0.984923167151800E+00 -0.207604521838837E+01  0.240969680432205E+01
   0.276989307606698E+01  0.266581741107664E+01 -0.262541330042389E+01
   0.117216810546975E+01 -0.169517615680625E+01  0.397885500722878E+00
   0.317040139812793E+01  0.167598074546755E+01  0.305748419195614E+01
   0.125543084886165E+01  0.119520175431706E+01 -0.310209362469415E+01
   0.320973617736695E+01 -0.230211250117418E+01 -0.277558879837903E+01
  -0.608558480279890E+00 -0.867044067586523E+00 -0.612292347481073E-01
   0.202825582984388E+01  0.100853181774774E+01  0.272735788569836E+01
   0.148130685165831E+00  0.665954060083942E-01  0.163511269939212E-01
   0.842887201349642E+00 -0.155182624860173E+01  0.224119983682940E+01
  -0.130197127044465E+01 -0.381239645630638E-01 -0.441318184505859E+00
   0.262398248710266E+01  0.220152962096276E+00 -0.205680746292241E+01
   0.285226461673109E+01 -0.302978701133843E+01  0.679873220044019E+00
   0.275032539331055E+01 -0.931999941566627E+00  0.385644612129418E+00
  -0.269752903196183E+00  0.375224248778671E+00 -0.808725413685341E+00
  -0.143926225020336E+01 -0.157949779279555E+01 -0.228008588968792E+01
  -0.216382912931670E+01 -0.402545149284104E+00  0.210419580152239E+01
   0.226456235995833E+01 -0.756640528892523E+00  0.150884617377087E+01
   0.108111419833527E+01  0.234888467992858E+01  0.146237869627512E+01
  -0.681812672856967E+00  0.301609642158093E+01 -0.295493755985904E+01
  -0.113227481427386E+01 -0.683488688374931E+00 -0.298830983003881E+01
   0.258273170938512E+01  0.256994342608288E+00  0.228795000409285E+01
   0.200757628933743E+01  0.235163461245654E+01  0.484853728859444E+00
  -0.249068904674733E+01  0.231040800672463E+01  0.301855547690980E+01
  -0.169455149446229E+01  0.630229718761902E+00  0.206189091488524E+01
   0.590843393977059E+00 -0.750576162870444E+00  0.471085896897733E+00
   0.972756689075748E+00  0.126176657123421E+00 -0.310166374136762E+01
  -0.209544597727313E+01 -0.256057778413923E+01  0.149437400730910E+01
  -0.277378555204484E+01 -0.140400795514310E+01  0.278506231166530E+01
  -0.323824304754894E+01  0.164149630112613E+01 -0.118481488463563E+01
  -0.280208535014356E+01  0.134190465552767E+01  0.921027988390394E+00
  -0.310451332550995E+01  0.102208999695065E+01 -0.227453448153267E+01
  -0.201539874386817E+01 -0.183992389936042E+01  0.661249441226206E+00
  -0.104393825026993E+01 -0.309634622373429E+01 -0.854627821953719E+00
   0.143912793042897E+01  0.285897236544192E+01 -0.238454120500600E+01
  -0.509014987111133E+00 -0.155465299089563E+01 -0.177460080061756E+01
  -0.145015467418845E+01 -0.161806593509060E+00 -0.165499082307818E+01
   0.212499430181844E+01 -0.197873760780957E+01 -0.292214888152826E+01
   0.121890384661233E+00  0.917957500109491E+00  0.135768898220101E+01
   0.486230590939460E+00 -0.163646736433897E+01  0.118461762984062E+01
   0.286773209209592E+01  0.140626428912893E+01  0.209256993784664E+01
  -0.321107553737789E+01  0.247610433545618E+01  0.228864552319030E+01
   0.854706679707066E+00 -0.263586099848394E+01  0.757379307129778E+00
  -0.241400794588351E+01 -0.154800799015326E+01 -0.993439768611358E+00
   0.268580360409525E+01  0.186084964092451E+01 -0.194753146983859E+01
%  0.251952312626741E+01 -0.433622869573409E-02  0.896374427669559E+00
%  0.498873004519363E+00  0.258912809882494E+00 -0.109893687444101E+00
% -0.427288279391542E+00 -0.109177430275750E+01  0.186884683097780E+01
% -0.135037142377737E+01  0.192592427082239E+01 -0.246912965718603E+01
%  0.584482882301617E+00 -0.413436293358341E+00 -0.693664411405969E+00
%  0.102415501184194E+01  0.293380030082052E+00 -0.258976461494199E+01
%  0.707710414732713E+00 -0.143956599978363E+01  0.148636424288321E+01
%  0.126620929955474E+01 -0.978195973543238E+00  0.147684756762852E+01
%  0.117217705355281E+00  0.156139785362868E+01  0.418022148437374E+00
%  0.147662076696826E+01  0.800905337505755E+00 -0.932324444952739E+00
% -0.822377472943543E+00 -0.586229785643630E+00  0.576083763018144E+00
% -0.649567740881130E-01  0.787740902892080E+00  0.118010178252517E+01
%  0.792082256309254E+00  0.673419438231734E+00  0.452981106831114E+00
% -0.850668242208559E+00  0.237112209984958E+00 -0.127086377548543E+01
%  0.604897904644732E+00  0.894754855854613E-01 -0.978071970160103E-02
%  0.661298717457981E+00 -0.622809178308626E-01 -0.664908990533324E+00
% -0.922007755830922E+00  0.148217389500367E+01  0.194053466378861E+01
%  0.338084185122333E+00  0.874952521268627E+00 -0.144631243004865E+01
% -0.871096316288819E+00  0.718841669231919E+00 -0.706138265882597E+00
%  0.683959387952675E+00 -0.659078395116439E+00 -0.529657576850301E+00
% -0.104357088108824E+00  0.109352223406889E+00  0.838454016287326E+00
% -0.143795403078154E+01 -0.889991326676499E+00 -0.329262556615497E+00
%  0.124002675026151E+01  0.158220349352367E+01 -0.135580921429018E+01
% -0.260424486608738E-02  0.112921037325517E+01 -0.634171433687214E+00
% -0.532527347333080E+00  0.477356773838662E+00  0.183413391495009E+01
% -0.431596718612029E+00 -0.135009067419897E+01 -0.969097599511755E+00
%  0.162704768927597E+01 -0.508506445443628E-01 -0.780805049145657E+00
%  0.416221314782708E+00  0.496648949382790E+00 -0.123484571445730E+01
% -0.779004289421691E+00  0.237849612751659E+01  0.789992449180056E-01
%  0.137236218540551E+01  0.267755107960701E+00 -0.203882900488039E+00
% -0.143930632880274E+01  0.634974337211448E+00  0.837602751141841E+00
%  0.732890151747470E+00  0.207006561657603E+00 -0.616028317657624E+00
% -0.663208626860328E+00  0.249633113482766E+01 -0.153165466434848E+01
% -0.724474769779874E+00  0.179206604297767E+01 -0.723224302713360E+00
% -0.350427203782486E+00  0.136517030400588E+01  0.103321927797850E-01
%  0.281246589650852E+00 -0.194451793452593E+01 -0.949172998713006E+00
%  0.200813822798175E+00  0.139049810345492E+01 -0.465846089311138E+00
%  0.106305002699270E+01 -0.755884569877021E-01 -0.118520981996077E+01
%  0.412674623185253E+00  0.107313057528125E+01  0.133849025042817E+01
% -0.945601332107271E+00 -0.578202645621591E+00  0.783332247772066E+00
%  0.199283726959458E+00  0.736667973579470E+00  0.930077360347023E+00
%  0.144302150943075E+00 -0.289973947664374E+00 -0.543055644998309E+00
%  0.754379154756780E+00  0.742333464926781E+00  0.333642696897236E+00
% -0.220966649103586E+00  0.975140984836941E+00 -0.294726440258641E+00
%  0.239259226288003E+01 -0.581770052401307E+00  0.447213013888254E+00
% -0.153655766119026E+01  0.250731820441844E+00  0.178019089472169E+01
% -0.222044254526492E+01  0.105605103119943E+01 -0.381735851893633E-01
%  0.350664659950528E+00 -0.470502131614447E+00  0.219202414282127E+01
% -0.602493446916792E-01 -0.774358419883958E-01  0.189206202505156E+00
% -0.727388312274619E+00 -0.698917524880282E+00 -0.900021489528031E+00
% -0.704371895492467E+00  0.214809718778813E+01 -0.908349787852566E+00
%  0.150548044502715E+01  0.105895893727955E+01 -0.554271980720432E+00
% -0.107781939672650E+01  0.191857326950746E+01 -0.145858103922202E+01
% -0.961719447035201E+00 -0.474428607932588E-01  0.159762124880460E+01
%  0.339119805741385E+00  0.994776920595127E-01  0.642818935918446E+00
%  0.200095707773832E+01  0.585462135307931E+00  0.642630772672648E+00
% -0.491151256482374E+00  0.146905575351153E-01 -0.174862870589808E+00
%  0.925746698832905E+00 -0.168726520452913E+01 -0.907042868061779E+00
% -0.231882082891782E+00  0.139176769456499E+01 -0.736679957601015E+00
% -0.112381752029114E+01 -0.760178282601324E+00 -0.568201615588317E+00
%  0.169621244032291E+01 -0.743496751710998E+00  0.964897221338965E+00
%  0.105840555852155E+01 -0.232076419209239E+01  0.319107094997464E+00
% -0.196581426810716E+01  0.123525914716825E+01  0.476402457504419E+00
% -0.892215839582259E-01 -0.159126387406915E-02 -0.270583149665343E+00
%  0.277171540669214E+01 -0.914662513206232E+00  0.162705846051738E+00
%  0.756571983887755E-02  0.806397708767413E+00  0.122042863365496E-01
%  0.613167650501604E+00 -0.914276452402980E-01 -0.154491249964365E+01
%  0.302259357073457E+01 -0.206973445893588E+00 -0.289054251452921E+00
% -0.394675364830321E+00 -0.131978878772651E+01  0.820124833940849E+00
%  0.115114597720502E+01 -0.296557584206805E+00  0.768763974288559E+00
% -0.996660778410350E+00 -0.167364058289169E+00 -0.841636774802843E+00
%  0.273607294895738E-02  0.111241600569493E+01 -0.549561833509133E+00
% -0.191169807797638E+01  0.788642407556078E+00 -0.363358881201087E+00
% -0.580635141698575E+00  0.157077364678789E+01 -0.149513127335587E+01
% -0.100951276584993E+01  0.225746061225822E+01 -0.309974886289813E+00
%  0.573903545820495E+00 -0.549738343653638E+00  0.417705411873337E+00
% -0.759002962854367E+00 -0.294713742209148E-01  0.339610177114302E+00
% -0.352567834779431E+00  0.486742913605708E+00  0.892861637372847E+00
% -0.448238650691140E-01 -0.900155653382658E+00 -0.156827014358004E+01
% -0.367959541598324E+00 -0.136234217092598E-01 -0.406119303418874E+00
% -0.226818785524910E+00 -0.840906383946964E+00  0.146314482822826E+01
% -0.525678725298094E-01 -0.165454158046157E+01  0.814239722144302E+00
%  0.104590609996478E+00 -0.183017827017638E+01 -0.156630827662786E+01
%  0.140657549453216E+00  0.727623650032864E-01  0.129739533381436E+00
%  0.154503093451422E+01  0.677724063175423E+00  0.132945178045207E-01
%  0.196294578998152E+01  0.101195616862785E+01  0.250717724461987E+00
%  0.352993492947927E+00 -0.675109186702275E+00  0.613488068222580E+00
%  0.209232472623712E+00  0.152168106593298E+01 -0.119480197589003E+00
% -0.108543076472847E+01 -0.105718070265357E+01  0.108953320829239E+00
% -0.159712310782448E+01  0.117105120421237E+00 -0.144100259031340E+01
%  0.262251406636890E+01 -0.494419251682370E+00 -0.153085867419481E+01
% -0.956084023781885E+00  0.267983651588641E+00  0.706710260239806E+00
%  0.119550060212011E+01  0.162907764430558E+01  0.112151038407506E-01
% -0.172632794112332E+01  0.844317084070274E+00  0.168869893950043E+01
% -0.142871524228483E+00 -0.233423783311615E+01 -0.120394974049442E+01
% -0.100038194857974E+01 -0.122398063453657E+01  0.530488503246386E-01
% -0.428108136703394E+00  0.990931932126952E+00  0.100546304298826E+01
% -0.430594044586145E+00 -0.209488212596778E+01  0.847734615692640E+00
%  0.487241442146381E-01  0.180455744229171E+01 -0.134416078250417E+01
% -0.427611722938997E+00  0.126985183962179E+01 -0.770005565908156E-01
% -0.386961255319404E+00 -0.161016477999191E+01 -0.791501638064059E+00
% -0.380142808725506E+00 -0.478567146267591E+00  0.141468277848215E+01
% -0.147749957490713E+01  0.421362613002922E+00 -0.110828397703152E+01
%  0.787520008781838E+00  0.164716377301882E+01  0.199698379782786E+01
% -0.167181942284946E+01  0.381618476167130E+00  0.117417985716639E+00
% -0.125945256004553E+00 -0.817056177573640E+00  0.190596525707111E+01
%  0.314574900888075E+00 -0.130181963214603E+01 -0.339277743823633E-01
%  0.851178772859331E-02 -0.505817776694903E+00  0.729683291865297E+00
%  0.308268304641557E-01  0.193381385366005E+01 -0.514703555128567E+00
%  0.218873320165660E+01  0.265083000354845E+00  0.565016985550106E+00
%  0.271724343573319E+00  0.642554085858522E+00 -0.732117311792045E+00
% -0.249141782048992E+01  0.457494443546002E+00 -0.146839402610655E-01
% -0.215318078803058E+01 -0.935812179526130E+00 -0.100903512463315E+00
% -0.632182226312356E+00  0.169762649424446E+01  0.244765707872053E+01
%  0.158340098011273E+01  0.447866594002792E+00  0.164958113345066E+00
% -0.160245835470074E+01 -0.705496318870590E-01  0.218466496705242E+00
%  0.134295216809433E+00 -0.286089303713627E+01 -0.697633958734979E+00
%  0.907511488052134E-01 -0.869808440345178E+00 -0.186709220998815E+01
% -0.420254745676099E+00  0.141746341562806E+01 -0.266936145068668E+00
% -0.332579190125620E+00 -0.844990390185701E+00  0.492269736225725E+00
%  0.817513545140430E+00  0.182262187495174E-01  0.445443395092238E+00
%  0.472479422190450E+00  0.481967056450382E+00  0.590286749645192E+00
%  0.971000903471259E+00  0.886254323059606E+00  0.791733238908615E+00
%  0.692070139562397E+00 -0.241575851115575E+00 -0.954787444938338E+00
% -0.175162185452480E+01  0.163081485046916E+01  0.465031846783136E-02
%  0.128345668067654E+01 -0.153063789116483E+01 -0.947507214478493E+00
% -0.117687680523437E+01 -0.682297606948988E+00 -0.844284261916178E+00
%  0.162218645339551E+00 -0.125058489585458E+00  0.355967271094898E+00
% -0.107952270438926E+01 -0.125715895037801E+01  0.841835097543691E+00
%  0.470996454947288E-01 -0.154345452369320E+01 -0.161801438620473E+01
%  0.281392462420286E+00  0.541122228196791E+00  0.927115044997043E-01
% -0.253832495879173E+01  0.562238919353429E+00  0.353581286934173E-01
%  0.310964713194960E+00  0.656448842363240E+00 -0.206286838959993E+01
%  0.538147361086226E+00  0.111869045389876E+01  0.440401585988684E+00
%  0.499348025881044E+00  0.126741757112216E+01 -0.440295790019987E+00
%  0.151151673294527E+01  0.100574894528547E+01 -0.228281657401720E+01
%  0.345520444000735E+00  0.238869798000818E+01  0.717280629240934E+00
% -0.176074900227615E+01 -0.721170359906035E-02 -0.120592096173415E+01
%  0.410220150730180E+00 -0.161707060286788E+01  0.565341155757589E+00
%  0.922509057020401E+00 -0.679030742981459E+00  0.120557210325780E+01
%  0.115522883387789E+01  0.115785468202334E+01  0.667054306002835E+00
%  0.152752747062106E+00 -0.168678833569923E+00  0.169188112244333E+01
% -0.399341024032281E+00 -0.110501293717418E+01 -0.120357696406901E+01
% -0.198759917219393E+01 -0.746967321125226E-01 -0.251774290338232E+00
% -0.825716537893125E+00  0.476980508291527E+00 -0.222094833387136E+01
% -0.657332262539557E-01  0.617617738312322E+00 -0.264273381618480E+00
% -0.872391591818997E+00  0.112757674440695E+01 -0.328326569071167E+00
%  0.145628324260132E+01 -0.221814344045227E+01  0.271747687724996E+00
%  0.722585502294968E+00 -0.656825508882260E+00  0.299237571737956E+00
%  0.865228084503802E+00 -0.114491377702022E+01 -0.139204612458871E+01
%  0.493413201907720E+00  0.500250643504111E+00 -0.997236573678174E-01
% -0.234366279978255E+01  0.554226670956373E+00 -0.433234977121684E+00
% -0.262340921638770E+00 -0.118305218897029E+01 -0.165108863668988E+00
%  0.193611338069323E+00  0.187545295787297E+01  0.687675509678260E+00
% -0.140073949265843E+01 -0.998365477187468E-01 -0.359817439026923E+00
% -0.972740781802173E-01  0.588219165505687E+00 -0.197819152468277E+00
%  0.111941127691900E+01 -0.484021758680372E-01  0.803445770280863E+00
% -0.958893845926682E-01  0.588414841855559E+00 -0.869959951374791E+00
% -0.218991030769184E+01 -0.116104725196874E+01 -0.103960029868827E+01
%  0.343913699599248E+00 -0.164500317787938E+01  0.144427435219139E+01
%  0.127908270594828E+01 -0.865772337476292E+00 -0.165542061031904E+00
%  0.313394731684423E+00 -0.641736494503735E+00 -0.512962044676059E-01
%  0.420012184906756E+00  0.651718264608637E+00  0.613910272803235E+00
% -0.536234388791000E+00 -0.209525634283677E+01  0.140393417662873E+01
% -0.590130409392254E+00 -0.516513875840143E+00  0.748741487089713E-01
%  0.242463150769013E+00 -0.673918078019857E+00 -0.274184165006119E+00
%  0.787392492400197E+00 -0.131111086268921E+01 -0.894128324124016E+00
%  0.195944463890953E+01  0.191913531727089E+00  0.166626836288147E+01
% -0.241485661829129E+01 -0.845551937131069E-01  0.143131498191112E+01
% -0.763966182596378E+00  0.109275344542511E+01 -0.817803401055610E+00
%  0.105575353829739E+01 -0.848657774291622E+00  0.364404696313077E+00
% -0.191758229396090E+00 -0.136007547034980E+01  0.207372392528100E+00
%  0.269180634777113E+00 -0.295154191199219E+00  0.106530466113843E+01
%  0.649967494823081E-01 -0.120804535007132E+00  0.109374520434175E+00
% -0.246724486341868E+01 -0.109453242972723E+01  0.141799281688450E+01
% -0.198370236533922E-01  0.933047933892830E+00 -0.962202166165044E+00
%  0.251518305046391E+01  0.462904276876598E-01  0.196350287635101E+00
% -0.646596766497646E+00 -0.494369459650185E+00  0.571674151357032E+00
% -0.115719885776112E+01 -0.558214373054708E+00  0.128910991658448E+01
% -0.173187762529575E+01  0.735415176781292E+00 -0.135395246904605E+01
%  0.113869034263244E+01  0.384687390146253E+00  0.113339823332810E+01
%  0.866533155181118E+00  0.372066873919216E+00  0.203084902469105E+00
%  0.328890103992291E+00 -0.121218345604302E+01  0.505657685204402E+00
%  0.469708013816074E+00 -0.635478998227493E+00  0.892259360163349E+00
% -0.694450285170412E+00 -0.126967478085614E+01 -0.527706999010319E+00
% -0.921679924093165E-01 -0.907323908837632E+00  0.315858214293468E+00
% -0.421354429926365E+00 -0.199025858147274E+01 -0.148085664824233E+01
%  0.151180213885190E+01 -0.101288823577469E+01 -0.484223469119388E+00
% -0.170476555785578E+01  0.841649717384376E+00  0.589922211279177E+00
% -0.339005756936508E+00  0.407558075830758E+00  0.591647256128404E+00
% -0.402496714751281E-01  0.270533095567068E+00 -0.932682492498678E+00
%  0.812823671658929E+00 -0.359124201140257E+00  0.292978647272468E+01
%  0.325671820204026E+00 -0.376498849212005E+00 -0.347379620615807E+00
% -0.930758296201937E+00 -0.427885085066068E+00  0.115189715958664E+01
%  0.184086935717767E+00  0.112382644260874E+01 -0.936142836609194E+00
% -0.151803706692851E+01  0.111367594890625E+01 -0.324372292458090E+00
%  0.914508050844875E+00  0.810937893110678E+00  0.116771483456610E+01
%  0.250412098276711E+00  0.120639721830427E+01  0.819990616873258E+00
% -0.959031648270825E+00  0.208555308938728E+00 -0.274281071375836E+00
% -0.294501919221318E+00  0.110729616229158E+00  0.121579371845436E+01
% -0.116935095015763E+01 -0.670988527344249E+00  0.739194670422203E+00
%  0.113295715154054E+01 -0.405329774321768E+00  0.809857315842697E+00
%  0.470424068680409E+00 -0.527514378028292E+00  0.167124906609600E+01
%  0.592298602806192E-01  0.189443563760402E+00  0.206540504985806E+00
% -0.599618534955434E+00 -0.953841853255726E+00 -0.124078963975255E+00
% -0.450916646456775E+00 -0.998081812295759E-01 -0.427783432915749E+00
% -0.886872694864314E+00 -0.638272170397130E+00 -0.567636814439923E+00
% -0.265899535340665E+00 -0.137729884001448E+01  0.124050211605623E+01
%  0.105225970932463E+01  0.755409481948742E+00 -0.658406000887070E+00
%  0.611006110251790E+00  0.328742002279101E+00  0.601802287883576E-01
% -0.111003981265387E+00 -0.336838791183875E+00  0.186866956074527E+00
% -0.984163700361084E-01 -0.166146623931558E+01  0.407990752221178E+00
% -0.450074366129487E+00 -0.881300249020525E+00 -0.244603371658184E+00
%  0.396624426991496E-01  0.520065612155726E+00 -0.200681841241747E+01
%  0.141956840210947E+01 -0.785011262627477E+00 -0.494114335625354E+00
% -0.116691334830185E+01 -0.310469398016015E+00  0.824173575611437E+00
% -0.126551714914941E-01 -0.419063058363369E+00 -0.176967239189036E+00
%  0.339321391421378E+00 -0.324832844494520E+00  0.258442363623713E+00
%  0.181301069554993E+00 -0.118100486071131E+00 -0.516606586161102E+00
% -0.315516796837088E+00 -0.840133812280134E+00 -0.128381477501178E+01
% -0.165824035758823E+00 -0.108220550425508E+01  0.612575908042697E+00
%  0.333604130387357E+00  0.322784823085078E+00 -0.143844574486433E+01
%  0.157820243517928E+00  0.184077868015954E+01  0.870081485215589E+00
% -0.160829091923598E+01 -0.580520455690322E+00 -0.145217560273084E+01
%  0.104076618229460E+01  0.706786388569013E+00  0.522315256426622E+00
% -0.997996308562159E+00  0.464328579347806E-01 -0.141715299335538E+01
%  0.115179475239779E+01  0.625060524475243E+00 -0.128548497199575E+01
%  0.701088865309350E+00 -0.874316685263092E+00 -0.117736710258866E+01
%  0.245898780847212E+01 -0.101088766102073E-01  0.614118695125989E+00
% -0.301620698206754E-01 -0.518770000114277E+00  0.815043940469396E+00
% -0.126287371604377E+01 -0.612572626352630E+00 -0.460659112315224E+00
%  0.189481823454243E+01 -0.238203099168031E-01 -0.113254258224421E+01
% -0.468626968951420E+00 -0.251121779630652E+00  0.129787371647521E+01
%  0.283619447539833E+00 -0.212397385751737E+00 -0.424104872714769E+00
%  0.254172333422773E+01  0.545020781667375E-01  0.181492366424433E+01
%  0.171404403246324E+00 -0.563166733642230E+00  0.985667224628608E+00
% -0.546382636927325E+00  0.768186068597738E+00 -0.191854063968421E+01
%  0.901661852943947E+00  0.197697753891957E+00  0.910697126641620E+00
% -0.120858919496790E+01  0.755896008045560E+00 -0.123711680156744E+01
%  0.128347123360923E+00 -0.166482851509827E+00 -0.927298349358895E+00
%  0.506200507125330E+00 -0.727454555574093E+00  0.135288297877892E+01
% -0.685486399330677E+00  0.165008621890156E+00 -0.217489056599812E+00
%  0.197366650272208E+00 -0.174443151439031E-01  0.144981312092575E+01
% -0.214237824554426E+01 -0.604679867929417E+00  0.438507063086984E+00
%  0.826950980093287E+00 -0.126371876046818E+00 -0.100361896070306E+01
%  0.163036708787161E+01 -0.101386279218998E+01  0.993152055568354E+00
% -0.575783103306508E+00  0.995684958243827E+00  0.105735209357181E+01
% -0.215878633513394E+00 -0.159614311102502E+01 -0.217761911441714E+00
% -0.963349635177084E+00  0.190966978996551E+00 -0.344986238531927E+00
%  0.266804422201412E+00 -0.323215960674488E+00 -0.411946885716994E+00
%  0.184573493054514E+00  0.226158954637963E+01  0.675703037345513E+00
%  0.171983330979992E+01 -0.577713019181996E+00 -0.559855768626766E+00
% -0.506326992810596E+00 -0.590074406781328E-01  0.384117726129088E+00
%  0.101704465874668E+01  0.511349551390249E-01 -0.110461466145895E+00
% -0.194213655729497E+01  0.136803108234532E-01 -0.114476193973912E+01
% -0.111620245988105E+01 -0.176900768318509E+01  0.139148931177715E+00
%  0.320685157573201E+02  0.130906715466385E+02  0.134408082533683E+02
% -0.352457062732674E+01 -0.725883912384225E+01 -0.201796769479327E+02
% -0.298034085813337E+02 -0.254863448772019E+02 -0.322245446439632E+01
% -0.531377955065779E+01  0.871620786532001E+02 -0.321667959717034E+02
%  0.214026264558096E+00 -0.103842501002672E+02 -0.565008335170761E+01
%  0.177388373472279E+02  0.618794900583854E+01  0.144196618551568E+02
%  0.830469440704143E+01 -0.358696005729242E+02 -0.155751502885306E+02
%  0.460366680743196E+01 -0.464487977932661E+02 -0.399248171907098E+01
% -0.918296198743305E+01 -0.461417047541960E+01 -0.104409252481713E+02
% -0.205012341510261E+02 -0.179378428435483E+00  0.165933527423154E+02
% -0.135385764601764E+01  0.159736776472697E+02  0.869768835002856E+01
%  0.480637837280095E+02  0.621567634056373E+00 -0.305569125356746E+02
%  0.813711618331985E+01 -0.181407745784608E+02 -0.426210905190238E+02
%  0.264201013446081E+02 -0.218758662039259E+02 -0.232285337945567E+01
% -0.375942286511033E+02 -0.111550398367117E+01  0.100959222772223E+02
% -0.167104182086939E+02  0.125793088580715E+02  0.560739313344131E+01
%  0.110074660123695E+00  0.439131893527672E+02  0.301259402106261E+02
%  0.684486149126187E+01 -0.506864672069343E+02  0.285045939750468E+02
%  0.111759433293661E+02  0.938635510390983E+01 -0.125572837611604E+01
%  0.313457943694324E+02  0.343850632531776E+01 -0.134615463376335E+00
% -0.389755354626092E+02  0.762227794701337E+01  0.957817679578243E+01
%  0.215927689505995E+02  0.247778079032479E+02  0.282822034940088E+02
%  0.106548655274294E+02  0.259251127021928E+02  0.473178006090290E+02
%  0.692672174701769E+01 -0.159136206687421E+02 -0.969879174968382E+01
% -0.210220395790988E+01 -0.335564134634481E+01  0.154784253688898E+02
% -0.139582647917112E+02 -0.478494232304955E+01 -0.528196189240115E+01
% -0.407237207536167E+01 -0.982547134239976E+01  0.442716246066551E+01
% -0.426319628997335E+01 -0.825092736394015E+00 -0.575827067872501E+01
%  0.313146038974588E+01 -0.148360874453758E+02 -0.179234883516808E+02
% -0.425827056970068E+01 -0.312094236192863E+01 -0.616377291178538E+01
% -0.105941546243841E+02  0.303295530163325E+01  0.253816340024942E+02
%  0.661350593738605E+02 -0.116425106116208E+02  0.270891917061242E+02
%  0.149171238513400E+02 -0.571595049756640E+00 -0.138993351331791E+02
%  0.218968106501948E+01 -0.130891728232695E+02  0.689049540275958E+01
% -0.802560118922864E+01  0.720011317336894E+01 -0.373962115181777E+01
%  0.970934280158242E+01 -0.345315437524015E+02 -0.435188826837893E+01
%  0.181411985426863E+02 -0.190355829043998E+01  0.713620496424699E+01
%  0.107438703260266E+02  0.124227686211393E+02  0.252556950103074E+01
% -0.311293286455490E+01  0.814954183559551E+00  0.202446565515838E+02
%  0.110297519164264E+02 -0.673738494998237E+01  0.134691642562642E+02
% -0.262994619926467E+01  0.721299250126199E+01 -0.925720251465741E+01
% -0.198186690028233E+02  0.525493209788857E+01  0.227640350262524E+02
% -0.136556623995623E+02  0.135722788256195E+02  0.237286919188210E+02
% -0.143555039243679E+02  0.198841985610862E+02 -0.758862424486887E+01
%  0.296793581427383E+01  0.820464888390241E+01  0.263551325823841E+02
% -0.378908381033550E+02  0.321261348488199E+02 -0.170752814449354E+02
% -0.107570697956021E+02  0.131753891843317E+02  0.577351489179420E+00
% -0.179540180821338E+02  0.922010355026658E+00  0.178958073685721E+02
% -0.322198757294234E+02 -0.659036104393844E+01  0.108010125559187E+02
% -0.645407182309281E+02  0.152014309233862E+02 -0.254647055704684E+02
%  0.794971069707889E+01 -0.691753525368315E+01  0.834701191728679E+01
%  0.123048485019970E+01 -0.212820399435161E+02 -0.633387198432013E+01
%  0.450923898775625E+01  0.488551006217805E+01 -0.592691706999800E+01
%  0.362315369451913E+02  0.683498222146161E+01 -0.709603418921415E+01
%  0.756488414194302E+02 -0.742461595371462E+02  0.189729001308969E+01
% -0.639987175595998E+01  0.798957869381146E+01 -0.570690076695540E+02
%  0.995211583521346E+01 -0.537992454993991E+00 -0.142243313884112E+02
%  0.622909376458197E+02 -0.204643278270372E+02 -0.552715097145729E+00
%  0.166452189004951E+02  0.279917511915417E+02 -0.839089299066999E+01
% -0.634646688542791E+01 -0.101521226046765E+02 -0.986352797791938E+01
%  0.104920311354722E+02 -0.209398581638906E+02  0.155513787115967E+02
%  0.198774375775499E+02 -0.467006747678252E+02 -0.247571043222645E+02
%  0.833599371422072E+01 -0.478147786661155E+01  0.131486346002051E+02
%  0.771480655927485E+01  0.142147561511573E+00 -0.765453787720061E+01
% -0.119918569348647E+02  0.242824053103386E+01 -0.169820663164745E+02
% -0.130606627987180E+02  0.102423740334656E+01  0.771384865554259E+00
% -0.100915946157982E+01  0.475485878137604E+01 -0.145989365035269E+02
% -0.421935439348113E+02 -0.283742551425225E+02 -0.208095762142252E+02
%  0.486424867493577E+01  0.106499157139921E+02 -0.143568601457518E+01
% -0.121410205346732E+02  0.621340353835749E+01 -0.348005891647038E+02
%  0.180943923575139E+02 -0.371458161018567E+02 -0.302827403304171E+01
% -0.266803945640536E+01  0.630067644008615E+02 -0.279351681789869E+02
%  0.342772402164446E+01  0.784180632295008E+01  0.622250448427455E+01
% -0.858883324202066E-01  0.133446974679008E+01 -0.506276980870769E+01
% -0.289126426190347E+01 -0.542915297170842E+01  0.626056151286204E+01
% -0.132836347894264E+02 -0.645203552353147E+01  0.170665162668249E+01
%  0.127085573190875E+02 -0.141222233639718E+01  0.114500349667017E+02
% -0.549307555132292E+01 -0.692551747795981E+01 -0.758959278049087E+01
%  0.132869897538409E+02 -0.518685624985170E+02  0.436980413172204E+02
%  0.260167073888649E-01 -0.102071250573102E+02 -0.152521668818861E+02
% -0.104367170211767E+02 -0.248124903287411E+02  0.136310486610955E+02
% -0.699260148711229E+01 -0.118840864841427E+02  0.307490614687751E+00
%  0.117993812639655E+01  0.271501458209477E+01  0.130360246200366E+02
%  0.605239064320600E+01 -0.113752389273409E+02  0.201358416135684E+02
%  0.115079696631883E+02  0.631869343734367E+01  0.983013777002814E+01
%  0.415866169535610E+02  0.226360798937432E+02  0.318118283433713E+02
% -0.203744739855874E+02 -0.139683814414417E+02 -0.410352796790568E+02
%  0.354976906810951E+02 -0.114256643653347E+02 -0.825038006152369E+02
%  0.757134899850598E+01  0.249354231493291E+01  0.172347224782854E+02
%  0.243873749091076E+02  0.417943430257277E+02 -0.247164214351216E+02
%  0.671068690959633E+00 -0.925940997420440E+01  0.926892281778966E+01
%  0.628937805371021E+01 -0.184250276122021E+02 -0.103003132689275E+02
% -0.116257956831906E+02  0.850093947549790E+01 -0.194922406607059E+02
%  0.308913017076940E+02 -0.186491944058119E+02  0.154169185125403E+02
%  0.197847982805035E+02  0.187045603920583E+01 -0.160353729252157E+02
%  0.144597064310840E+01 -0.123371286686249E+02  0.149413830831628E+02
%  0.622309293595381E+01 -0.253864631667296E+02 -0.123396791513761E+02
% -0.755253543676977E+01  0.588574293155051E+01 -0.277510131020757E+01
%  0.495566630307568E+01 -0.158215631619398E+02 -0.614608309182929E+01
% -0.592302904649816E+01  0.450667838681438E+00  0.159302665806129E+02
%  0.277566139829304E+02  0.386452760583252E+02  0.557919473348296E+01
% -0.308492712881234E+01 -0.755074709525692E+01 -0.478115967882746E-01
% -0.279485228595674E+01  0.421205575157387E+01  0.818004425678643E+01
%  0.867600045073736E+01  0.173039932800201E+02  0.162246169786121E+02
% -0.633266856582472E+01 -0.220538293649613E+01  0.115789391631732E+01
% -0.174334566959295E+01  0.358494611210035E+01 -0.156262273675690E+01
% -0.346706761486913E+02 -0.498576821753824E+02 -0.243229318912110E+00
%  0.926959463049050E+01 -0.205239731825796E+01  0.161035703511317E+02
%  0.547329407036381E+01  0.587436271501090E+01 -0.189029506237645E+02
% -0.220428507453583E+01 -0.102663786557896E+01 -0.355792682592923E+01
% -0.660805157091676E+01 -0.439995687833410E+01  0.435760053281386E+01
%  0.141503499874187E+02  0.187594081072542E+01 -0.176994806944543E+02
% -0.335145043316781E+02  0.745237833713244E+01  0.211078001392317E+02
%  0.253410449028462E+02 -0.238766860457547E+02  0.134361912057145E+02
%  0.130372781600335E+02  0.327743379908188E+01 -0.980419825883461E+01
%  0.395039540679555E+02  0.140325772375608E+02 -0.128989712303801E+02
% -0.158383380522057E+01 -0.668816795095686E+01  0.157982909212994E+01
%  0.216880855719038E+01  0.420689702977298E+01 -0.542314717048661E+01
% -0.996742135691907E+01  0.214359470730981E+01  0.794553310001210E+01
% -0.687261925353904E+01 -0.145983082525230E+01  0.402698812053208E+01
%  0.381670881720247E+01  0.327858789183714E+02 -0.124250538977074E+02
% -0.280647040852199E+02 -0.527172077496196E+01 -0.147593571020067E+01
%  0.859663124433808E+01  0.499282631743585E+00 -0.103949558406810E+01
%  0.159972253762814E+02  0.399940786992444E+01  0.704904527808527E+01
%  0.873475204050486E+01  0.312675975024741E+02  0.812258206739391E+01
%  0.247399081771653E+01 -0.483770846519421E+01  0.642135453709945E+01
%  0.315138661234210E+01  0.708146963277583E+01 -0.369256228413857E+01
% -0.486549163222153E+01 -0.256532235212646E+01  0.466151707425536E+02
%  0.240136352595419E+02  0.107790340531345E+02  0.163367850037471E+02
%  0.124393753077281E+02  0.500689168554849E+02 -0.429192952704335E+02
% -0.325366678301918E+02  0.126213763047662E+02 -0.487783280570839E+01
%  0.381716466424248E+00  0.206001003801263E+02  0.383227633299554E+02
%  0.343716045289468E+02 -0.172293926380002E+02  0.552047403101048E+02
%  0.214555265022989E+02  0.209844607067324E+02  0.664569358441240E+01
% -0.256215983535744E+02  0.184950754654594E+02 -0.164358969566101E+02
%  0.114711736794815E+01 -0.331814666890334E+00  0.131432191570565E+02
% -0.877813577222348E+02  0.710905145538366E+01  0.522358710702241E+01
%  0.316519082579401E+02 -0.261397576478971E+02 -0.294247448059018E+02
% -0.431844682214093E+02 -0.188520621398565E+02 -0.164196068379918E+02
%  0.329797180672799E+01 -0.112897444428211E+02  0.113340984926118E+02
%  0.364796345233688E+01  0.429553781493568E+02  0.653739235546728E+01
%  0.147152230313125E+02 -0.179469785553324E+02  0.108542850121150E+02
%  0.636735781004161E+01 -0.578411387356941E+01 -0.914529410111732E+01
% -0.200805265631622E+02  0.721504426033881E+01  0.144954574519482E+01
%  0.102529806302891E+02 -0.198509039565148E+01 -0.835109563048434E+01
% -0.464433542513648E+02 -0.731452851783281E+02 -0.866928444332556E+01
% -0.605360885606701E+02 -0.440390712463557E+02 -0.895685036118738E+01
%  0.109357026330402E+02 -0.735402795966051E+00 -0.121462234636760E+02
% -0.798098669810530E+01  0.112329501858868E+02 -0.457257784365520E+02
% -0.183943173770014E+02 -0.454599684912767E+02 -0.100914512221006E+02
%  0.110363390905665E+02  0.137275202330217E+02  0.581004572856676E+02
%  0.509818135832083E+01  0.443155942345731E+01 -0.842923745114387E+01
%  0.365784628433685E+01 -0.159953505872828E+01  0.612420113597226E+00
% -0.151556554671680E+02 -0.172601674452124E+02  0.259776453921619E+01
% -0.207985109313474E+02  0.657981219048385E+01  0.201028101999204E+02
% -0.227241203318636E+01  0.706184645188623E+01  0.129028658592359E+02
%  0.604283006479935E+00 -0.146141134067323E+02 -0.641984442995692E+01
% -0.713445299232095E+01  0.778004904082828E+01 -0.961818279077018E+01
% -0.125290056129440E+02 -0.157669105470290E+02  0.108037294901362E+02
% -0.400075574704204E+01  0.144600944509130E+02 -0.129259468923243E+02
% -0.240904958443020E+02 -0.189586587679118E+01 -0.845893811903706E+01
%  0.330539878318660E+02 -0.314959765448444E+02  0.298986738337630E+02
% -0.217702818391683E+02  0.124475202829166E+02 -0.217758048268958E+02
% -0.388690077302198E+01 -0.387380843568383E+02  0.375927585320839E+01
%  0.384584476706532E+01  0.261569515493142E+01  0.706324152032091E+00
%  0.354983493475614E+01 -0.842533201088131E+01 -0.140318160046091E+02
% -0.415714299969658E+01  0.340806482907965E+01  0.148647766469244E+02
% -0.502191288634442E+01  0.174612967209018E+02 -0.231028725230368E+02
% -0.407128518808322E+02  0.106039013399101E+02  0.167145494769324E+02
%  0.215819419583967E+02  0.314996580763192E+02  0.181730139040019E+02
% -0.953371226945644E+01 -0.114206858664248E+02 -0.625215565187299E+01
% -0.695350351810281E+02  0.157738582366233E+02 -0.129395155729309E+02
%  0.224835565429428E+01 -0.795718598801018E+01  0.221469517770211E+02
%  0.323586593701050E+01  0.108204512359608E+02  0.603930978240850E+01
% -0.358093968357576E+01  0.583390688186288E+01 -0.878458505676651E+00
% -0.226081317905218E+02 -0.446961971543393E+02  0.505207395273731E+02
%  0.136107640630419E+02  0.172456087259374E+02  0.870008824219551E+02
%  0.120930411084212E+01  0.185543639287711E+02 -0.407701916136507E+02
%  0.321289762922091E+02 -0.185397382350497E+02 -0.216909644862386E+01
% -0.269403844202706E+01 -0.256110629233911E+02  0.951922484911900E+01
%  0.293639363111217E+02 -0.747994206219772E+01 -0.839814926795327E+01
% -0.340165753653662E+02 -0.506082102021531E+01 -0.347959993093144E+00
% -0.186327633511844E+02  0.152518446359575E+02 -0.841117601877565E+01
% -0.158073562147575E+02  0.368944952836709E+01 -0.985294881101043E+01
% -0.435763743516519E+02 -0.631838569789064E+01 -0.190205176316629E+02
% -0.590958811214780E+01 -0.148096426675431E+02 -0.237674014171716E+02
% -0.175460591778822E+01  0.385646538176596E+01 -0.133960444178740E+02
% -0.578893108568564E+01 -0.660755109907806E+01 -0.229461309315397E+02
% -0.214004072212630E+02  0.129982593089115E+02  0.230751178789673E+02
%  0.645811104145759E+02  0.377324112593970E+02 -0.421631538540499E+02
% -0.744036842445590E+01  0.734926824067568E+01  0.150676550270852E+02
%  0.415706215740521E+01 -0.198620849812497E+02 -0.137870805846131E+02
%  0.291633768628881E+02 -0.216720632480850E+02 -0.774629172313851E+01
%  0.590668069869821E+01  0.953159348017159E+01  0.243318842831961E+02
% -0.669836630122542E+01 -0.348857462480294E+01  0.529778808602913E+02
%  0.273033728111071E+02  0.276244225903525E+02  0.283621875904101E+02
%  0.100215248493323E+02 -0.290748708819716E+01  0.257637593960734E+01
% -0.124928624708765E+02 -0.244565137152201E+02  0.418018079116936E+01
%  0.127876382713514E+01  0.305516797285952E+01 -0.127277621737742E+02
% -0.497781293004330E+02  0.719768127775150E+01 -0.572132127102896E+01
%  0.263120208756485E+02 -0.831882577171079E+01 -0.130435215818817E+02
% -0.160991248448205E+02  0.566284406732202E+01  0.683713151169600E+01
%  0.694670514935580E+01  0.258569254504573E+02  0.618232296285340E+01
% -0.142966609752724E+02  0.142898104661518E+02 -0.163234075709285E+02
% -0.265544409004400E+01 -0.110021505471703E+02  0.190500424547686E+02
%  0.160167147907944E+02  0.349265214041100E+02  0.474171617946120E+01
% -0.350300986012601E+02  0.110039276330048E+02 -0.247120146951530E+02
% -0.744796892668987E+01 -0.150324466828248E+02  0.102156527994795E+01
% -0.114799620293776E+02  0.714115376245226E+01  0.183198748980023E+02
%  0.871178105962202E+01  0.477831895477066E+01 -0.236874259413450E+01
% -0.126705605050931E+02 -0.452004366854140E+02  0.950434677923972E+01
%  0.690882841043432E+01  0.581306043367517E+02 -0.296952191717549E+01
% -0.590020341346781E+00  0.670889194517666E+00 -0.323349477489127E+02
%  0.843141492032934E+01  0.708522905743268E+01 -0.620363624184068E+01
% -0.169226903152821E+01 -0.275536983830787E+01  0.258000195897577E+01
%  0.124042365101045E+02 -0.467721426942916E+00  0.128177056067012E+02
%  0.340580870566258E+01 -0.312413022340376E+01  0.151991752367412E+02
%  0.369749767384032E+02  0.105132182964693E+01 -0.418979725184657E+02
%  0.180243396102667E+02 -0.150908955027157E+02  0.399352509934892E+01
%  0.270424659463359E+02  0.296541777594109E+02  0.279577197980110E+02
% -0.348881187562381E+01  0.938566373294533E+00  0.102025875167212E+01
% -0.128775258279442E+01 -0.470155661097266E+01 -0.261131864331877E+01
%  0.433212740035893E+01 -0.153982673124566E+02 -0.219510420035137E+00
%  0.231845715476711E+02 -0.132258188503055E+02  0.154861043705988E+02
%  0.865048222429101E+01  0.167365525718430E+02  0.265481953612004E+01
% -0.184037891270975E+02  0.182990140125173E+02 -0.237653260327552E+02
% -0.430741112175938E+02  0.107909547992572E+02  0.247355231881764E+02
%  0.149134945812871E+02  0.462538981867366E+01  0.569256381485791E+01
% -0.143436128089996E+01  0.109342202502107E+02 -0.116931088605666E+02
%  0.245862544153978E+01  0.218869548263191E+02 -0.131626878922031E+02
%  0.522252996935546E+02 -0.157587879585147E+02 -0.211164351063096E+02
% -0.544471276549146E+02  0.845604876625389E+02 -0.885507648903630E+01
%  0.346087585175817E+02 -0.764940047886513E+01  0.633560744126849E+00
% -0.824413298527909E+01 -0.384203071880205E+01  0.529372975665944E+01
%  0.409970978624458E+00  0.420974716290237E+02  0.141760860186898E+01
%  0.971203284957650E+01 -0.455849021658555E+01 -0.636737396005395E+01
% -0.200692418429509E+02 -0.122473271352879E+02  0.671488235143835E+01
% -0.245976952878818E+02  0.182941344304564E+02 -0.256044782124089E+01
% -0.719288708958635E+01  0.201885927702344E+01 -0.344018186109848E+02
%  0.155456867879801E+01  0.135843188470525E+02 -0.240270572541285E+02
% -0.148422490341221E+02 -0.243475523905011E+02 -0.265701443094892E+00
% -0.104953741977760E+01  0.187817550004701E+02  0.213559533176561E+02
% -0.490525086100183E+01  0.329965747101543E+01  0.112751191284350E+02
% -0.791785133527869E+01  0.545051482013029E+01  0.558507457017238E+01
%  0.122122447385640E+02 -0.263014643565592E+01 -0.223586054890704E+01
%  0.171039308951959E+02 -0.401347520098885E+01  0.696101251861855E+00
% -0.361606034814345E+02  0.196097411721932E+02 -0.380045209377616E+02
%  0.410710056953487E+01  0.301086007715457E+02 -0.199158560270192E+01
%  0.922566738005255E+01  0.348768331227071E+01 -0.944786758067614E+01
% -0.479231329570876E+02 -0.229353908848800E+02 -0.152322210233255E+02
%  0.267387377490460E+02 -0.256189244505912E+01  0.412878618060990E+01
% -0.234744988518666E+01 -0.312636363222543E+00 -0.970117115101212E+01
% -0.108140070383040E+01 -0.346261926388981E+02  0.264968676155854E+01
% -0.948514659823704E+01 -0.344590896104773E+01 -0.148634673096328E+01
% -0.902233222495345E+01  0.182725808021927E+01  0.878549592910020E+01
%  0.576431541780614E+02  0.116845718292655E+02  0.216725817346789E+02
