% T    256  0.657656553154792E+01  0.657656553154792E+01  0.657656553154792E+01
   0.146142544486400E+01 -0.216582529485219E+01 -0.137423591283436E+01
  -0.263158167298095E+01  0.809226849298605E+00 -0.178304970224394E+01
  -0.238765279841646E+01  0.263576154961240E+01  0.284548062803528E+01
  -0.541329345999290E+00  0.249420163978421E+01 -0.214919500979958E+01
  -0.677904348056889E+00 -0.277909765423727E+01 -0.308408292579845E+01
   0.130324878953354E+01 -0.125783772290011E+01  0.231000955077705E+01
   0.576479291317170E+00 -0.161662804368954E+01 -0.147108535459584E+01
   0.671406855513309E+00  0.183686870058213E+01 -0.285596839143361E+01
   0.534183878369274E+00 -0.667985448126574E+00  0.269592270736821E+01
   0.292337326264108E+01  0.642508769730054E+00 -0.100839822212908E+01
  -0.121961899654254E+01  0.311407158996568E+01  0.143157829435029E+01
   0.241230396352651E+01  0.319731943011028E+01 -0.244089264995101E+00
  -0.216104675394570E+01 -0.999713395900564E+00 -0.264938604476835E+01
   0.115173883332227E+01  0.290668892964310E+01 -0.254098789834980E+01
  -0.104702180898213E+01 -0.121087751047642E+01 -0.311903773681156E+01
   0.278411949111929E+01  0.129320361145505E+01  0.134009563845945E+01
   0.255171806490248E+01 -0.941442895269806E+00  0.903541441069165E+00
   0.297036215195170E+01  0.281065984684545E+01 -0.140823109890890E+01
   0.261030464414016E+01 -0.769701916676475E+00 -0.133093077660759E+01
  -0.249056568362012E+01 -0.243383895498282E+01  0.145234554873909E+01
  -0.226640193559710E+01 -0.180526496323426E+00 -0.203962654807177E+01
   0.829120306099118E-01  0.173866114066276E+01  0.599693027448853E+00
  -0.248398286768500E+01  0.237749905756224E+01 -0.246366084322717E+01
  -0.917664965791303E+00  0.264117470468271E+01 -0.712938639034710E+00
  -0.106689857886037E+01 -0.224493116938154E+01  0.165372125537672E+01
  -0.126246404292681E+01 -0.300888281232536E+01  0.260494575600980E+01
  -0.223573833318612E+01 -0.187458851952862E+01 -0.179815448683728E+01
   0.904512409787871E+00 -0.184830431501894E+01  0.322654314008881E+01
   0.112975545819990E+00 -0.237449737308437E+01  0.744287002029246E-01
   0.295183032305508E+01 -0.261972703259580E+01  0.170567069694040E+01
  -0.292240900125150E+01 -0.206926977743272E+00 -0.105080579159032E+01
   0.219081283414107E+01 -0.651649336680636E+00 -0.345687017149847E+00
   0.172522621712707E+01  0.280340822071261E+01  0.147209556663324E+01
  -0.287561777233100E+01  0.669230995439340E+00  0.192525815124939E+01
   0.121717054346153E+01  0.324958860965870E+01 -0.155555831511169E+01
  -0.302188351413487E+01 -0.885843732676803E+00 -0.200928149438490E+01
   0.168818224653344E+01 -0.194767893945663E+00  0.145418716239323E+01
   0.189182726009607E+01  0.631634511156884E+00 -0.463154988540432E+00
  -0.226592163565980E+01 -0.118237607909192E+01  0.291526025784282E+01
  -0.783558722364561E+00  0.190256137535747E+01 -0.139951175361944E+01
   0.151325818842648E+01  0.176594924384783E+01 -0.224006238761470E+01
  -0.118276194281530E+01 -0.226161352857249E+01 -0.107507241274541E+01
   0.173030689473658E+01 -0.124211731129905E+01 -0.181036378605956E+01
   0.160477367849273E+01 -0.108292360467216E+01  0.330203838255447E+00
   0.757018569740114E+00  0.222675634221148E+00  0.212760265864629E+01
  -0.112346574987160E+01 -0.323291086111734E+01 -0.133757231026358E+01
  -0.235002499793887E+01 -0.167957729449833E+00  0.225758437731733E+01
  -0.549075303004213E+00 -0.225994670942669E+00  0.230945726060407E+01
   0.113239638635446E+01  0.215254988254164E+01 -0.113471025765616E+01
   0.545128788476850E+00 -0.281391198407350E+01 -0.326845176855015E+01
   0.182625352963824E+01  0.833334675728483E+00 -0.243362145396131E+01
  -0.309545863063028E+01 -0.474049288716349E+00 -0.302548161940483E+01
   0.575463211480051E+00  0.102909447695102E+01  0.273080076250777E+01
  -0.489665429925076E+00  0.254624059151697E+01  0.323843112370173E+01
  -0.258189917835974E+01 -0.277026234285189E+01 -0.225717124299807E+01
  -0.855115459731044E+00 -0.110798926464913E+01 -0.984774150658405E+00
   0.125869440598196E+01  0.322311761892839E+01  0.242097396198468E+01
   0.259437535660246E+01  0.210294540504730E+01 -0.235971398981358E+01
  -0.326068709896089E+01  0.231025739595175E+01 -0.324976679944788E+01
   0.299186580190643E+01 -0.178579926549387E+01 -0.186937823564424E+01
  -0.852361057083349E+00  0.258039665563744E+01  0.224329825177515E+01
   0.245097530288425E+01 -0.773832344531678E+00  0.200153163167835E+01
  -0.274108393870563E+01 -0.272758978576586E+01  0.249887486680524E+01
  -0.294554312916286E+01 -0.165034246856861E+01 -0.105704506041083E+01
  -0.198688969234197E+01 -0.299072626931577E+01 -0.314507648610857E+01
   0.226754117568979E+01 -0.144511640112905E+01  0.290193887696058E+01
  -0.155940390990338E+01  0.245333842980453E+01 -0.200052373773664E+01
  -0.398737384128067E+00  0.242910845623953E+01  0.131600898888424E+01
  -0.313358671492627E+01  0.199356039677869E+01 -0.160869291327772E+01
   0.207346421444345E+01  0.415268299819882E+00 -0.154929990484508E+01
  -0.221178642860881E+01 -0.275955151035781E+01 -0.114023529907545E+01
  -0.375674808950340E+00  0.264434748894165E+01  0.170550525233879E+00
   0.218187332761468E+01 -0.189221877471362E+00 -0.246956590822985E+01
   0.127155381579641E+01 -0.240220745162769E+01 -0.237057925476064E+01
  -0.131935186564051E+01 -0.108551984111201E+01 -0.193993856863600E+01
   0.217959778274305E+01  0.251578705958673E+01  0.621785107845332E+00
   0.173203063713539E+01  0.231969069182457E+01 -0.325424629438929E+01
   0.251180549219456E+00 -0.100545677425485E+01  0.639777000223956E+00
  -0.201740406714151E+01 -0.881427350025999E+00 -0.118970639449676E+01
   0.320782974353144E+01 -0.254605686697233E+01  0.537714325749540E+00
  -0.277579421671088E+01  0.127407997390475E+01 -0.871556839468404E+00
  -0.412127944981100E+00 -0.136360275342835E+01 -0.179958680039557E+01
   0.249051014451774E+01 -0.322520968688339E+01  0.958251446307743E+00
   0.259003565557406E+01  0.113479800247445E+01 -0.183583136563781E+01
  -0.169914732429092E+01 -0.108785779710115E+01  0.643427039091403E+00
  -0.524511050733298E+00 -0.298959677318644E+01 -0.483999151136350E+00
   0.216775685768799E+01  0.265541912388668E+00  0.578870600448448E+00
  -0.173462540055974E+01 -0.242129720758900E+01  0.681316613182037E+00
   0.263645761361536E+01 -0.127820463334699E+01 -0.267287210907579E+01
  -0.349781747603790E+00  0.764139879102599E+00  0.239331412757554E+01
  -0.840363065703632E+00 -0.151936638945791E+00  0.840702278926179E+00
   0.824968776031754E+00  0.100434849956719E+01 -0.199975127839985E+01
   0.197276043863112E+01  0.234427813861818E+01 -0.477894508364334E+00
  -0.971943470391614E-01  0.152088437355769E+01 -0.209607387666014E+01
   0.301274763922215E+01 -0.169351305906833E+00 -0.216428045734838E+00
   0.311994345742256E+01 -0.276062884819094E+01 -0.156751033308701E+01
  -0.244577342055324E+01  0.259536484522307E+01  0.460724537147856E+00
  -0.121361386937389E+01 -0.139838703972423E+01  0.232222209783939E+01
   0.417211677785153E+00 -0.210600364001261E+00 -0.375514359008203E+00
  -0.301997855184292E+01 -0.187336845944375E+01  0.220924088279542E+01
   0.877226350028384E+00 -0.234287132766324E+01 -0.602442623299603E+00
   0.130374405483485E+01 -0.914971098692213E-01 -0.336494887033236E-02
  -0.128255026399794E+01  0.302649399180921E+01  0.282989725458224E+00
  -0.266831341972553E+01  0.324456922583130E+00 -0.287396516294434E+00
  -0.188578789864094E+01  0.230049009584670E+01  0.132421870165761E+01
  -0.193342383831012E+00 -0.441212018449177E+00 -0.274256967483514E+01
  -0.903519270226759E+00  0.807746164741452E+00 -0.225372562937979E+01
   0.285778120377318E+01  0.911235558229590E+00  0.376871549613113E-01
   0.252157042774028E+01 -0.448592687931286E+00  0.294119276866410E+01
   0.449096774462277E+00 -0.269043291930686E+01 -0.148865964977952E+01
  -0.175681182802649E+01  0.188857953524574E+01 -0.106150809181696E+01
   0.284640192405418E+01  0.170042798456175E+01 -0.721013188555613E+00
  -0.153823250975106E+01 -0.282114785873191E+01 -0.301692350228714E+00
  -0.168174153012891E+01  0.896871751707033E+00 -0.398971197757726E+00
   0.298746383694542E+01 -0.246827995375828E+01 -0.263796888029411E+01
  -0.633577770440862E+00  0.546369871671011E+00 -0.237668285096900E+00
  -0.798252223637108E+00  0.935359697319638E+00 -0.122928158608895E+01
   0.235300041935127E+01  0.328582620600235E+01  0.235322442835339E+01
  -0.105873412926983E+01  0.175641800751649E+01 -0.269734753758140E+01
  -0.786942907318189E-01 -0.147574814717656E+00  0.143772367755865E+01
   0.110187783851735E+01  0.163531066708707E+01 -0.975279093004384E-01
   0.243398702096472E+01 -0.179083554328165E+01  0.200787006623094E+01
   0.124262594381422E+01 -0.435794109519854E-01 -0.206387384488648E+01
   0.230566942350414E+01 -0.201229894314070E+01  0.834838558271652E+00
   0.293753193708851E+00  0.215689367684314E+01 -0.526918410608654E+00
   0.320480352088819E+01  0.200670232669078E+01  0.659283139886679E+00
   0.425626200266214E+00  0.323148605289316E+01 -0.783722919970078E-01
  -0.229745752272145E+01  0.788705710898689E-01  0.321393863307308E+01
  -0.710426334407913E+00 -0.104774069706033E+01  0.145983134197880E+01
   0.647570783561315E-01  0.314026458875782E+01 -0.256663043688406E+01
   0.160611155952501E+01  0.182867209901612E+01  0.140906981800514E+01
  -0.322912105999103E+01 -0.169542031267606E+01  0.124368655685989E+01
   0.467991709550827E+00  0.178562813315480E+01  0.165075852840468E+01
   0.477875131853658E+00 -0.640208798179227E+00 -0.133065957058462E+01
   0.290914404495074E+01  0.656084751240873E+00 -0.281563685213323E+01
  -0.790206079642611E+00  0.166595502612694E+01 -0.216717216955250E+00
  -0.195395094779790E+01  0.122479008826028E+01  0.156289123721855E+01
  -0.295417859094524E+01 -0.474611047946754E+00  0.678195978305423E+00
  -0.217670471926965E+01  0.140661799918107E+00  0.121874600425648E+01
   0.146318627946697E+01 -0.320466990364616E+01  0.675654082546599E+00
   0.286221109888428E+01 -0.236672116877835E+01  0.280338286510237E+01
   0.165956866962568E+01 -0.237765046558191E+01  0.256657719231460E+01
   0.228370451468759E+01 -0.306029296024921E+01 -0.231667799001969E+01
   0.322436754254567E+00 -0.197226021820763E+01 -0.239978786979731E+01
  -0.273230359159394E+01 -0.189275949228390E+01  0.162675869857988E+00
  -0.706203083563100E+00 -0.858776805781599E+00  0.109921151467109E+00
  -0.316825067928511E+01 -0.636017386897351E+00  0.170325261557889E+01
  -0.294519011192374E+01  0.312386503572863E+01  0.137316785522926E+01
  -0.201675021162916E+01  0.276313880310929E+01 -0.617464593845340E+00
   0.317948629657473E+01  0.371206365206866E+00  0.847338731102077E+00
  -0.100637740573086E+01  0.169530194105582E+01  0.285560240522234E+01
   0.162296179146313E+01 -0.948371805518444E+00 -0.287363519345731E+01
  -0.135609236596377E-01 -0.131917505707747E+01  0.322599303709284E+01
  -0.255838038900807E+01  0.115367110876989E+01  0.604068824075852E+00
   0.561835281714795E+00 -0.104904552615651E+01 -0.244792083910969E+01
   0.309666640959649E+01  0.413877023600941E-01 -0.188325414058795E+01
   0.254488069963326E+01  0.155311385635331E+01 -0.315162224564360E+01
  -0.173785365811609E+01  0.137949474580077E+01 -0.194677676393628E+01
   0.645482548244421E+00 -0.965872933717399E+00  0.160276335290332E+01
   0.216066961287730E+01  0.116177108794921E+01  0.230060338386678E+01
  -0.701721300022928E+00 -0.251664006902906E+00 -0.159234260121826E+01
   0.152675064358205E+01  0.136977918362624E+01  0.316017183402582E+01
  -0.105384964149352E+01  0.182746754016262E+01  0.804029974203366E+00
  -0.186187164809878E+01  0.189098647212618E+01  0.996323525705909E-01
  -0.113204569155592E+01  0.460326777535468E+00  0.318072625906204E+01
  -0.363749802841334E+00  0.838330006794397E+00  0.829285571504971E+00
  -0.294247749126574E+01 -0.318224727763485E+01 -0.312290721864511E+01
  -0.203772722007810E+01  0.171001317124184E+01 -0.319534101198754E+01
   0.178959474626417E+01 -0.263055829868591E+01  0.154534459320719E+01
   0.475242333535916E+00  0.817761381241329E+00  0.133646363743028E+01
   0.254350694637300E+01  0.306245581021048E+01 -0.311607604800460E+01
  -0.899609456363647E+00  0.153055808749278E+01  0.183882686894040E+01
  -0.225942877368163E+01 -0.138005994844542E+01  0.144465018236766E+01
   0.139935308995820E+01  0.852385669864502E+00  0.164871170513879E+01
   0.802489711209203E-02  0.174223166609186E+00  0.305374973729701E+01
   0.250985257278768E+01  0.236604129198581E+00  0.176317257649121E+01
  -0.126832037954265E+01 -0.159017649230438E+00 -0.664003578728192E+00
  -0.273155603777103E+01  0.185782101220403E+01  0.147647017947519E+01
   0.945301520257555E+00 -0.186846901260899E+01  0.494461586641198E+00
   0.121264866599246E+01  0.187435017420681E+01  0.232971774242629E+01
   0.213896518912252E+01 -0.279644038231071E+01 -0.114545020807965E+01
   0.206052472762674E+01  0.247445176374135E+01 -0.165495947566945E+01
  -0.554902724246890E-01 -0.132875359798790E+01  0.222642232669606E+01
   0.947735489045156E+00  0.456270595766156E+00 -0.999914128082607E+00
   0.433749046398934E+00  0.720523099729791E+00  0.161947124504062E+00
   0.312311936833268E+01  0.173529956831869E+01  0.222646728719187E+01
   0.360491246814008E+00  0.304529611292466E+01  0.107529663319688E+01
  -0.159804757565348E+01 -0.578183435142838E+00  0.167671865930071E+01
   0.199067292580064E+01  0.387338506240955E+00 -0.328106608313279E+01
   0.209230524116828E+01 -0.217955400902502E+01 -0.294721742640579E+01
  -0.348053055006567E+00 -0.195477648445907E+01 -0.656355418619332E+00
  -0.191581069294286E+00 -0.228608798421389E+01  0.268091903814466E+01
   0.264021361279715E+01  0.229607874536757E+01  0.155896866145217E+01
  -0.579688907229569E+00 -0.285689052739720E+01  0.715500073160226E+00
  -0.138878128417556E+01 -0.315775627284846E+01 -0.234507938141055E+01
  -0.506748644967361E-01  0.182389950104391E+01  0.240706681522011E+01
   0.736314705028008E+00 -0.208634563921943E+01  0.218979582863837E+01
  -0.194345347364338E+01 -0.214456137214359E+01  0.241643832522131E+01
   0.302934988803530E+01 -0.126911920215763E+01  0.103343088531018E+00
  -0.138543116184069E+01 -0.217248916464226E+01 -0.214628377056207E+01
   0.454543810347278E+00  0.270017082353971E+01  0.215114234648371E+01
  -0.136571684293040E+01 -0.214116845608418E+00 -0.249754787456989E+01
  -0.127057277124295E+01  0.396383370981969E+00  0.166191889845078E+01
   0.149800399189384E+01 -0.463430781337094E+00 -0.101399192704049E+01
  -0.290656697977376E+01  0.320330886938431E+01 -0.592734152545340E+00
   0.340253935217294E+00  0.130743696164529E+01 -0.114205124683281E+01
   0.139427261001486E+01 -0.146402110246669E+01 -0.570431039236995E+00
   0.156747705343202E+01 -0.315078602865429E+01 -0.318554104342270E+01
   0.735708271835106E+00 -0.922813927274210E-01  0.919986875456544E+00
  -0.274622264069187E+01  0.106407121974696E+01  0.300426750742820E+01
  -0.285127751771061E+01 -0.200295130279537E+01 -0.312328159951101E+01
  -0.208080051645056E+01  0.173927493157361E+01  0.234750216240580E+01
  -0.189861455644741E+01 -0.195301443160252E+01 -0.303996821179906E+01
   0.204686889131436E+01  0.152526528125714E+01  0.356555008653388E+00
  -0.162749387846192E+01  0.267006165391919E+01 -0.301212811984423E+01
   0.326035020817152E+01 -0.119611538983226E+01  0.298540477793883E+01
  -0.236117192111660E+01 -0.864969205022918E+00 -0.178843127938535E+00
  -0.884805548115888E-01 -0.200448515049062E+01  0.115806598385953E+01
   0.170229698747717E+01 -0.220729843278790E+00  0.258972649212917E+01
  -0.328156041711227E+01  0.296962779723237E+01  0.243148379353656E+01
  -0.293336252373212E+01  0.220701845592247E+01 -0.329794921663597E+00
   0.882099983391777E+00 -0.724493718074195E-01 -0.301585753062774E+01
   0.201404160197240E+01 -0.218553940152911E+01 -0.112575430658184E+00
   0.310205713797143E+01 -0.251824438253978E+01 -0.554638814022301E+00
   0.317999214137411E+01  0.295986562750061E+01  0.368364467792133E+00
  -0.193828478896828E+01  0.781390145432081E+00 -0.275567861771923E+01
  -0.302001498372352E+01  0.151229718941944E+01 -0.246648116352126E+01
  -0.253977839322707E+01 -0.284302850669450E+01  0.148886382944083E+00
  -0.182332810873334E+01 -0.186208883636634E+01 -0.397928933564112E+00
  -0.991353007062987E+00 -0.182567297678788E+01  0.316800660194499E+00
   0.137933934635116E+01  0.325540743717279E+01 -0.509045144086421E+00
  -0.145782249577172E+01 -0.430384030002456E+00  0.282838656631670E+01
   0.216960564527374E+01  0.214002166164004E+01  0.241248591399764E+01
   0.564609068946675E+00  0.226399889016893E+01 -0.189268978027805E+01
   0.746725723209714E-01  0.490472902615003E+00 -0.249086907757668E+01
  -0.323256880122740E+01  0.192654214697052E+00  0.278571266547794E+01
   0.504417610300372E-01  0.283882926989453E+01 -0.120039552913099E+01
  -0.132496097941707E+01  0.808175705626325E+00  0.611364112704234E+00
   0.101379034224072E+01  0.233483283904397E+01  0.712098161878834E+00
   0.135643013705716E+01  0.745966746089768E+00  0.615174348689411E+00
  -0.233140223578247E+01  0.293714670940254E+01 -0.162184243855281E+01
  -0.183849703355663E+01 -0.642412993816788E-01  0.218238460043048E+00
   0.317886869380115E+01  0.292489407620184E+01 -0.237947461228137E+01
   0.191075562325735E+01  0.141756027177971E+01 -0.113068581287283E+01
   0.538804654570956E+00  0.264057095545151E+01  0.311515756916812E+01
   0.707178719423834E+00 -0.267283090446337E+01  0.129640037176991E+01
  -0.211334882756749E+01 -0.326789638776190E+01  0.194089581739474E+01
   0.760760912606403E-01  0.320287564061906E+00 -0.146832205416209E+01
  -0.362144930195213E+00  0.107207112135703E+01 -0.324856336679960E+01
   0.332339047538598E+00 -0.126238471019695E+01 -0.500844733003222E+00
  -0.458258482273315E+00 -0.265037049387351E+01 -0.203560197033954E+01
   0.242303610550397E+01 -0.174837412825376E+01 -0.111401683816729E+01
   0.166086560874919E+01 -0.135133532542153E+01  0.135065903001749E+01
  -0.175946135987332E+01  0.705000322848445E+00  0.249442886006185E+01
  -0.333055955894091E+00 -0.305626718794672E+01  0.182237293960519E+01
  -0.162131274008296E+01  0.414425522420172E+00 -0.153896890853611E+01
% -0.406423697280404E+00 -0.397246624385620E+00 -0.577970025843972E+00
% -0.565815757176730E+00 -0.797061122371255E+00 -0.165994013394307E+01
% -0.902561563732298E+00  0.837315737338038E+00 -0.215513414095395E+01
%  0.224954836951408E+00 -0.304024802818441E+00 -0.753962885323795E+00
% -0.131115111168710E+00 -0.149544847123785E+01 -0.221411021640752E+00
% -0.463343882412126E+00 -0.612974101712497E+00  0.283655682133504E+00
%  0.909469777735503E+00  0.143440809996168E+01  0.836757866931762E+00
% -0.874063135084377E+00  0.480463102137140E+00  0.211290260710117E+00
% -0.212104370543979E+01  0.547358120091650E-01  0.119730905882666E+01
% -0.102762339175139E+01 -0.247116940763066E+00  0.660497190648549E-01
%  0.149873122625754E+00 -0.295094722883964E+00 -0.874081651134714E-01
% -0.903933860052492E+00 -0.567300697214529E+00  0.152879197300950E+01
% -0.753704455490267E+00  0.456394787280198E+00  0.209538407371135E+01
%  0.321805214892357E+00  0.445270357904130E+00 -0.100562988450665E+01
%  0.830407695370229E+00 -0.112041634314919E+01  0.898816283811022E+00
% -0.272911015548474E+00 -0.189027612110374E+01 -0.696229989232514E+00
%  0.207709232969691E+00  0.646493489508088E+00 -0.127557227457308E+01
%  0.127766936404155E+00 -0.119559769075380E+01 -0.465969388253183E+00
%  0.166672778962356E+00  0.839549847560045E+00  0.417174928455318E-02
%  0.239949900470153E+01 -0.111922360853434E+01  0.466556511402534E-01
% -0.585347555783773E+00  0.117634324115593E+01 -0.147692228177507E+01
%  0.166560286967258E+01 -0.685448504061472E+00  0.579736477570485E+00
%  0.760204160346221E-01  0.290066998441837E+00 -0.113969835138972E+01
% -0.436235125234064E+00 -0.126256572505586E+01  0.960830074645786E+00
% -0.406221751915912E+00 -0.911721963157610E+00  0.347240137063425E-01
%  0.156878770132648E+01 -0.467420285288090E+00  0.201401359701838E+00
%  0.172533555300025E+01  0.110533571120338E+01 -0.179950329277016E+01
%  0.128424437881222E+01 -0.113162754247482E+01  0.735577524643849E+00
%  0.181053919869146E+00  0.129902905421732E+01 -0.104206539322891E+00
% -0.142999270222200E+01 -0.708053160874206E+00  0.130247282588740E+01
% -0.383918252784614E+00 -0.101019109786374E+01 -0.660839899715931E-01
%  0.639913626181809E+00  0.138781047226971E+01  0.147013360725877E-01
%  0.105974370284459E+01 -0.474103582184978E+00  0.164866794665853E+01
%  0.551174131531734E+00  0.857756999141964E+00 -0.401356821812799E+00
%  0.169685415996303E+01 -0.195708411261413E+01 -0.845033869494067E+00
% -0.160835539263395E+00 -0.988106562375017E+00  0.186646196724359E+00
% -0.335216517327043E+01 -0.626732111024656E+00 -0.260236690433849E+01
%  0.314844905563905E+00  0.851072595609191E+00  0.336826846625086E+00
% -0.621358706414075E+00 -0.711377217065058E+00 -0.721106103142055E+00
% -0.917732605474599E+00 -0.193865304164395E+00  0.448636937740418E+00
% -0.128115828860799E+01  0.914939403042459E-01  0.351746716166522E+00
% -0.700459922568110E+00  0.611308526352206E+00 -0.108069765094126E+01
% -0.277171150358119E+00  0.138779160429601E+01 -0.183618289737396E+01
% -0.823413399488986E-01 -0.925424001423636E-01  0.210583726205987E+00
%  0.458886754386788E+00 -0.317358232056146E+00  0.538793503533758E+00
%  0.393040010281664E+00 -0.141604465155145E+01  0.740207088338512E+00
%  0.221760201786268E+00  0.159364903232607E+01  0.834582721243957E+00
%  0.367300732169782E+00  0.185894678686105E+01  0.141474064875285E+01
%  0.338351294973439E+00 -0.178944473050191E+00  0.130824722797137E+01
% -0.849948851659091E+00  0.992002850679744E+00  0.123665932947490E+01
%  0.177427735942234E+01  0.212967418698155E+01  0.836125060997543E+00
% -0.985247946476190E+00 -0.635000709133454E+00 -0.476089844914959E+00
% -0.207199038357198E+00  0.186886287398689E+01  0.650401578837725E+00
%  0.859253091917854E+00 -0.747464255489153E+00 -0.155156446419839E+01
%  0.171827641061371E+01  0.186574829667972E+01 -0.125918689182552E+01
%  0.365322633662364E+00 -0.123109636292003E+01  0.256241849078291E+00
% -0.493550624878095E+00  0.516041323920567E+00  0.566537513463714E+00
% -0.155839403905688E+00  0.475691316393965E-01  0.876160537652939E+00
% -0.109662292285849E+01  0.117203024512043E+01  0.258172940823606E+01
%  0.126180570814462E+01  0.119654915214627E+01  0.485852568390113E+00
% -0.105899974722761E+01 -0.992535369817455E+00  0.234155296893796E+01
% -0.368019519179330E-01  0.779171706780561E+00  0.481176580258409E+00
% -0.112497156686736E+01  0.680642415531531E-02 -0.904378433909419E+00
%  0.101214973328130E+01  0.523182342153439E+00 -0.778572093318237E+00
% -0.116204997121397E+01  0.964240821445471E+00  0.446139648570122E-01
% -0.226774994930044E+01  0.106444073419639E+00 -0.490248282303343E+00
%  0.358947829414402E-01  0.301582268350708E+00 -0.545491676654331E+00
% -0.135248601840698E+01 -0.941508657011710E+00  0.252644704687691E+00
% -0.825107695894377E+00  0.506053949181993E+00  0.903451679640987E+00
% -0.634219758030117E+00  0.251558984353984E+00  0.755050707936957E+00
% -0.430684623168196E+00 -0.176561133822478E+01  0.275047199594751E+00
% -0.124606921228590E+00  0.461614349694728E+00  0.470178555582726E+00
% -0.158795493658185E+01  0.112105183858921E+01 -0.513860673965724E+00
% -0.608024163873748E+00 -0.104334695731816E+00 -0.271594530737068E+00
%  0.577323289255607E+00  0.153965365329982E+01 -0.639089107573543E+00
% -0.311855438151802E-01 -0.328973318470898E+00  0.415834213742785E+00
%  0.202367172989234E+01 -0.758057444342722E+00  0.816190066767130E+00
% -0.824995272514766E-01  0.766341860336657E+00 -0.325414059459606E+00
% -0.893893474829116E+00 -0.923897543312632E+00 -0.167833147412342E+01
% -0.378823115698438E+00  0.503730141576270E+00 -0.124227279449906E+01
%  0.399053165867568E+00 -0.119968679770916E+01  0.128057149076530E+01
% -0.947204723889661E+00 -0.989813172092904E+00  0.213525599840710E+00
%  0.164242828146639E+01  0.122175034119375E+01 -0.113257779902686E+01
%  0.269982955168560E+01 -0.722738026624983E+00 -0.215981414978331E+01
% -0.542197304439025E+00 -0.624259284325013E+00  0.258267633081573E+01
% -0.958685420092302E+00 -0.856375358532181E+00 -0.135520303128791E+01
% -0.287298100562911E+00 -0.214661585129815E+00 -0.429121605883099E+00
% -0.139543417764673E+01 -0.817350589514149E-01  0.154226973261884E+01
% -0.511124125187331E+00 -0.154150325540117E+01 -0.546065855651840E-01
%  0.154788372389022E+01  0.365480536592097E+00  0.944926663996826E+00
%  0.589808391894889E+00 -0.825774560886603E+00  0.166715427600717E+00
%  0.137641370985937E+01  0.808750540331727E+00 -0.505571099551480E+00
% -0.707430113091901E+00  0.467827857672817E+00 -0.529249539805675E+00
% -0.124119279350509E+01  0.262289343553508E+00  0.308770694127623E+00
% -0.321996188783455E+00 -0.515448856375313E-01  0.204519738957254E+01
% -0.847568065108110E+00  0.452894456140432E+00  0.495923123284298E-01
% -0.119689051288151E+01 -0.750804003634170E+00  0.136847548967586E+00
%  0.118433038105565E+00 -0.279432476309216E+00 -0.141292592463334E+01
%  0.462708866277583E+00  0.120507364924633E+01 -0.506672659661647E+00
%  0.970077618561362E+00  0.887063822959071E+00  0.363993225218290E+00
% -0.109366293921158E+01 -0.191570359870027E+01  0.498360037192794E-01
%  0.136914046521500E+00  0.528218684366864E+00  0.573289895211693E+00
% -0.138966715125653E+01 -0.498498485947998E+00 -0.993199096831535E-01
% -0.178732179969665E+01 -0.778473668447975E+00  0.673279951673327E+00
% -0.151245217290626E-01  0.891289380793544E+00  0.515198008603306E+00
%  0.737896883142120E+00 -0.144550131143079E+01  0.413897443884362E+00
%  0.831206074027818E-01 -0.945806257734239E+00  0.127102220504169E+00
%  0.252752006089711E+00 -0.118442761661908E+00 -0.509987273558213E+00
% -0.907179694229112E+00 -0.488847410805048E+00  0.276316715012480E+00
%  0.204952486609168E+01 -0.105634804451856E+01  0.302780789818914E+00
% -0.666109128027870E+00  0.142306175422691E+01 -0.308460463370512E+00
% -0.913077065742416E+00  0.215168736792109E+01  0.143188835579301E+01
% -0.667421263126235E+00 -0.584582383133701E-01 -0.708739013195558E+00
%  0.131213399390505E+01 -0.115418531613761E+01 -0.165705324875341E+01
% -0.903256053252246E-01  0.961554884672824E+00 -0.146963326518940E+01
%  0.116730778405619E+00  0.118036078416839E+01  0.120936776004278E+01
% -0.823210240951798E+00  0.162878768970118E+00 -0.446285993731898E-01
% -0.155683802956061E+01 -0.489586679415939E+00  0.966415845886262E+00
%  0.112136173597587E+01  0.131529586887309E+01  0.303060698596919E-01
% -0.769329011809469E+00  0.307786780369352E+00 -0.228595920680860E+01
%  0.166708360249745E+01 -0.129476547680794E+00  0.706649163332913E+00
%  0.146913413836171E+01  0.177840639716511E+01 -0.139200072779583E+01
% -0.920155505360404E+00 -0.209472496850617E+00  0.187516874888798E+00
%  0.144170236634894E+01  0.304698632655067E+01  0.115938341487688E+01
% -0.230405868895716E-01  0.134495000656079E+01 -0.646132901324948E+00
%  0.461915667705095E+00 -0.160804969683406E+01  0.114569241652961E+01
%  0.293650086722357E+00 -0.680395891659644E+00  0.386509311359379E+00
% -0.112194792440528E+01 -0.118742650540677E+01 -0.197979334111859E+01
%  0.805788986938492E+00 -0.103033478252265E+00 -0.109384483734887E+01
%  0.939041523074035E+00  0.198696597090987E+01 -0.190836341938136E-01
% -0.172038943831136E+01 -0.137029068823701E+01 -0.952805778745125E+00
% -0.894625421555954E+00  0.113643706719673E+01  0.685560366089755E+00
%  0.594333154761343E+00  0.788647280616981E+00  0.253341098945676E+01
%  0.497831730818262E+00 -0.614776350377370E+00  0.553043358956663E+00
% -0.661907636197414E+00 -0.224459856181246E+00 -0.322755217771901E+00
% -0.225226463172398E+01  0.212930468992246E+01 -0.978946487455932E+00
%  0.136926374734662E+01  0.197626556776985E+00 -0.507051610462544E+00
%  0.110295721085713E+01  0.278184123080079E+00 -0.236096942347560E+00
%  0.572939192173874E+00  0.829415073958178E-01  0.388161099786135E+00
% -0.160642744746571E+00 -0.183794143026174E+00  0.302182534367921E+01
% -0.106604484338821E+01 -0.344982215028503E+00  0.103706660690965E+01
%  0.179524577241725E+01 -0.416457645361886E+00 -0.861879559351908E+00
% -0.166855413095446E+01 -0.198821151954554E+00 -0.996713837925457E+00
% -0.793319164287830E+00  0.828956068429572E+00  0.150455828645083E+01
%  0.725821328213755E+00  0.348523445407937E+00 -0.244952082862741E+00
%  0.776782905382602E-01  0.113409971279141E+01 -0.526929665437757E-01
% -0.109378800607394E+01 -0.158750236633123E+01 -0.260802332314007E+00
%  0.121662242661642E+01 -0.493884562589888E+00 -0.183483645402735E+01
%  0.109059507989067E+01 -0.311285799717664E+00  0.748662964645807E-01
%  0.394977503656637E+00  0.272196916095283E-01  0.184935839540193E+01
% -0.628836899272514E+00  0.533470818994665E-02  0.339221771638796E+00
%  0.758788670147084E-01 -0.135115897201746E+01  0.127744905291919E+01
% -0.257498679793738E+01 -0.970579890001811E+00  0.553509828935317E+00
%  0.132543246400439E+01  0.705242670176207E+00  0.481467963335591E+00
%  0.509595402248751E+00 -0.270528120012168E+01 -0.163119400565376E+00
% -0.457264190711499E+00  0.957575663616171E-01  0.481092116176127E+00
% -0.842956411194751E+00 -0.153831786351963E+01 -0.669109582672745E-01
%  0.113800681043425E+00  0.745292386277493E+00 -0.970499101753678E+00
% -0.994249306075876E+00 -0.886858153533426E+00  0.974080791103779E-01
%  0.128381893660900E+00  0.208697905630817E+00 -0.573369639031528E+00
%  0.213313944568744E+01  0.118179173330466E+01 -0.150393843530935E+01
% -0.541636479497996E+00  0.802050474074435E+00 -0.666126970679771E+00
%  0.145700389633449E+00 -0.127778906439641E+01  0.593609603626018E+00
%  0.175092822098271E+01  0.217786072201135E+01  0.902095385051330E+00
% -0.477723101148891E+00 -0.181086927872745E+00  0.857588578542678E+00
%  0.653197578273534E+00  0.932217730803303E+00 -0.685326011597941E+00
%  0.206276546098410E+00  0.549882760047265E+00  0.287512519439577E-01
%  0.222689703595626E-01  0.186745490691011E+01  0.199614926238773E+01
%  0.528691925639183E+00 -0.143051222135944E+00 -0.461870357230363E+00
% -0.897892607548054E+00 -0.150896855444590E+01  0.155062414178308E+00
%  0.115431330739502E+01  0.703664336968845E+00  0.908236144752788E+00
%  0.382966059600013E+00 -0.111650302316419E+01  0.351679712934809E+00
% -0.448854724685585E+00 -0.790836477711246E+00  0.987160955729152E-01
% -0.145829413468760E+01 -0.235622962241075E+01 -0.279250581798500E+00
%  0.758699172813664E+00 -0.660037936685266E+00  0.281400074907179E+01
% -0.554852968539803E+00 -0.138903828359629E+01  0.214484023794962E+00
%  0.100318887208792E+01  0.202486251972211E+00 -0.246730151652798E+00
% -0.767952557240975E+00 -0.503915188536587E+00  0.330103740487181E+00
% -0.142795958929550E-01  0.100926092246145E+01 -0.490041630233955E+00
%  0.443109229155415E-01  0.402948326917206E+00 -0.109368281061943E+00
% -0.736502087369799E+00  0.104887518897556E+01  0.139514463407856E+01
% -0.117543289052745E+00 -0.444829348465974E+00  0.120131705381753E+01
% -0.487229697345217E+00  0.264249573622903E+00 -0.152842430984196E+01
% -0.168739252299870E+00 -0.160642989932126E+01 -0.176589070453629E+00
% -0.754613406633589E+00  0.159872849120535E+01 -0.997077511409878E+00
%  0.264428696899875E-01  0.693455215089320E+00 -0.144125028478429E+00
% -0.536821422844445E+00 -0.158214587252843E+01  0.204351651331992E+00
%  0.150542888790529E+01 -0.347348720951553E+00  0.478984867731663E+00
%  0.612466996958008E+00 -0.139583893866020E+01  0.779568344679455E+00
% -0.114563976100562E+01 -0.622655360608348E+00 -0.431760739320242E+00
% -0.902187135023057E+00 -0.170518332919374E+01  0.398834987985623E+00
%  0.199529195298736E+01 -0.420987521085404E+00 -0.202921588247981E+01
% -0.740982984180922E+00 -0.153474608276968E+01  0.382651446235933E+00
% -0.119241611435866E+01  0.138238445534685E+00  0.837816457297896E-02
% -0.115598718031379E+00 -0.185292792223006E+01 -0.827779604549255E+00
% -0.136442079956339E+01  0.792466575864333E+00 -0.110692814015061E+01
%  0.489114208714592E+00 -0.764141169518506E+00 -0.639357506371397E+00
%  0.120749677885887E+01  0.112200503552432E+01  0.100480426233999E+01
%  0.153790951784003E+01  0.241427723506591E+01 -0.574404203952613E+00
% -0.928303399413696E+00 -0.100835917617272E+01  0.358963917015261E+00
% -0.162882984459354E+01 -0.144029556912204E+01 -0.180461453328861E+00
% -0.272384295902712E+00 -0.746522622526664E+00 -0.125675427551028E+01
%  0.218428658794233E+01  0.104203742385443E+01  0.145001969397518E+00
% -0.992462848485547E+00  0.347580243069444E+00  0.100511037140890E+01
% -0.769558017526330E+00  0.197945596010589E+00  0.113565284639904E+01
% -0.461049972404104E+00 -0.756999358934097E+00 -0.192512989969842E+01
% -0.845005629750722E+00 -0.109732114516243E+01  0.715854744372686E+00
% -0.901931810264273E-01  0.140549528531944E+01  0.113803630797301E+01
%  0.181594561465306E+01 -0.340640520473837E+00 -0.108683338883809E+01
% -0.182745634368612E+01 -0.120634387136969E+01  0.959629427863828E-02
% -0.765618895546063E+00  0.439977096913075E+00 -0.400925125737094E+00
%  0.122093908732500E+01  0.326372973411343E-01  0.343822042476436E+00
% -0.966627358631135E+00 -0.119106826430379E+01 -0.851553887913303E+00
%  0.928014830953633E+00  0.163952104884764E+01  0.243105577925820E+01
% -0.186250162589638E+01  0.310980329860814E+00  0.300229119586966E+01
%  0.458417673780146E+00  0.188635819682940E+01 -0.401621758856404E+00
%  0.123147420313851E+01  0.963121342441820E+00  0.149214373440099E+01
% -0.502374379503925E+00  0.660522986660784E+00  0.612309474695191E+00
%  0.135238920519416E+01  0.554570805093555E-01 -0.191764296285192E+01
%  0.825392904946888E+00  0.131428681989809E+01 -0.130006476142128E+00
% -0.557275578327934E-01  0.311788292605707E+00 -0.213019353245964E+01
% -0.749104098539934E+00  0.632340580796977E+00 -0.135046194188497E+01
%  0.191477828096178E+01 -0.649011444059525E+00 -0.150699401829352E+01
% -0.679171592771131E+00  0.100618444968189E+01 -0.725675691816831E+00
%  0.159874803404260E+00 -0.103271891781917E+01 -0.108304442851344E+01
%  0.127106968502509E+01  0.360003216644136E+01 -0.442139590332951E+00
%  0.421597024587458E+00  0.260160695775538E+00  0.372947212770687E+00
%  0.112731013774310E+01  0.975045634108229E+00  0.154946091578634E+01
% -0.457810029982776E+00 -0.652481340835989E+00  0.202963685835270E+00
% -0.165235461575792E+01 -0.152884449251912E+01  0.405659064676939E+00
%  0.223996739293360E+00  0.836492284048387E+00  0.433974759444905E+00
%  0.967325699195871E-01  0.179720161851840E+01  0.633475604687474E+00
% -0.132595583364235E+01 -0.174220033875946E+01 -0.285188589682573E+00
%  0.266210270705612E+00 -0.124595225945743E+01  0.835733680985678E+00
%  0.291360762210186E+01 -0.185254875225014E+01 -0.217442769682954E+01
%  0.172554808246593E+01 -0.754902736334825E+00 -0.171474859028095E+01
%  0.760040856129836E+00 -0.913879507893789E+00  0.200980961967208E+00
% -0.336386120101793E+00 -0.711922426368392E+00  0.301017145833145E+00
% -0.770542792980167E+00  0.478839579635327E+00  0.118997459999143E+01
%  0.252986961750853E+00  0.590883318134294E+00 -0.881537353845267E+00
%  0.153238503260949E+01 -0.512173068785517E+00 -0.158190071562324E+01
% -0.723643533188268E+00 -0.952092258515171E+00 -0.412450290541521E+00
%  0.199024018217656E+00  0.976522544384576E+00 -0.416175925239262E+00
% -0.229673546806064E+00  0.684615172097938E+00 -0.707436923706927E+00
%  0.104462581077080E+01 -0.175086475602368E+01  0.771938759155224E-02
%  0.335336913921712E+00 -0.640589515938192E+00 -0.106938922548518E+01
% -0.322203511069959E+00 -0.133813103312311E-01  0.915742101793668E+00
% -0.518324175067241E+00 -0.252432572743367E+00 -0.153987989478258E+01
%  0.556432563801148E+00 -0.426765967958111E+00 -0.125116929485114E+01
% -0.704535122320712E+00 -0.193920569307794E+00 -0.573201063094524E+00
% -0.379186870489193E+00  0.660536963183588E+00 -0.620717551416966E+00
%  0.212572270994775E+01  0.109560803463802E+01 -0.690583716598209E+00
% -0.284961138725572E+00  0.779632161781371E+00 -0.742072907602453E+00
%  0.654240537441814E+00  0.150203226191099E+01  0.315718335529740E+00
%  0.114333984033831E+01  0.453120991322810E+00 -0.494106968266198E-01
%  0.787990952249434E+00 -0.186773124905780E-06  0.117864671002566E+01
% -0.157266039404274E+02  0.259421578023283E+02 -0.294045468233520E+02
% -0.512794065258097E+01 -0.102479946757923E+02 -0.408871921148704E+01
%  0.928102126941952E+01  0.618734984533352E+01 -0.379615193805193E+01
% -0.333351216239950E+00  0.979493939016403E+01 -0.707555356654494E+01
% -0.150124372079615E+01 -0.220347588017332E+01  0.205657710848340E+01
%  0.306155537829455E+02  0.531407624611944E+01  0.274911978560891E+02
%  0.751697435481374E+01 -0.186056932920989E+02  0.648282798649904E+01
% -0.547311342096195E+01 -0.168020810446632E+02 -0.293666107657297E+01
%  0.213944509417137E+02  0.258085852689167E+02  0.141058006621844E+01
%  0.127637733278501E+02 -0.714352348791173E+01  0.197817005390537E+02
% -0.212331363899677E+01  0.116869928330444E+02 -0.163109086151044E+02
%  0.700066800802961E+01  0.326123015753248E+02 -0.102157369163270E+01
%  0.357204414049451E+01 -0.550123106585795E+01  0.119631221936677E+01
% -0.370924399359353E+02 -0.502091542583247E+02  0.534054219307268E+02
% -0.686109962220619E+01  0.235512996629805E+00  0.650639795381734E+01
% -0.554506186729820E+01 -0.191029127009077E+02 -0.834524357806038E+01
% -0.841268663446855E+01  0.184949072189733E+02  0.232892363492452E+02
% -0.839688732911007E+01  0.305969748899615E+02  0.427417741198526E+02
%  0.629092765674266E+01  0.164860502149644E+02 -0.662715363696461E+01
% -0.325903884603165E+01 -0.829811138357217E+00 -0.747024130009415E+01
% -0.229994510285698E+02  0.684833246124457E+01  0.432786205335710E+01
%  0.672312087445798E+01  0.722585794894235E+01 -0.617462830559301E+01
% -0.476165225668272E+01  0.471216592575958E+01 -0.132549379979310E+02
% -0.326911164158592E+01 -0.299089495387463E+02  0.299585117323585E+02
% -0.266124305497594E+01 -0.289739846838819E+01 -0.327046261688649E+01
%  0.248416236051307E+01 -0.119509220106600E+01 -0.544197246798555E+01
% -0.313914470919720E+02  0.225705473073718E+02  0.955475673565030E+01
%  0.138862396652307E+02  0.120043300883090E+02  0.381444506656933E+01
%  0.115473252564663E+02 -0.181181713633855E+01  0.499322257892082E+02
%  0.928502683346593E+01 -0.126285583447962E+02 -0.348740721300598E+01
%  0.123325931735510E+01 -0.307212499153914E+02 -0.351205867369379E+02
% -0.130397404921232E+01 -0.184613809061095E+02  0.279592871256629E+01
% -0.136138418357448E+02  0.289511414031172E+02  0.410820345231252E+02
% -0.355711407528237E+01  0.159790946994516E+02 -0.127475223921928E+02
%  0.176240019924862E+02 -0.125085533499871E+02 -0.325785499118143E+00
% -0.473421962153465E+01 -0.162767813302325E+02  0.572842713503288E+01
% -0.331739343443855E+02 -0.202961987459004E+02 -0.111333000955573E+02
%  0.810070055013790E+01 -0.249661357967143E+01  0.696816065756395E+01
%  0.297301307575843E+01  0.549442404575952E+01 -0.196956117253829E+02
%  0.411553340119286E+01  0.393423837610212E+01  0.814762381675336E+01
%  0.546133545716983E+01  0.237865163157328E+02  0.533993171397095E+01
% -0.105327653759924E+02  0.138428885952479E+02 -0.340465030031382E+02
% -0.233463633006653E+01  0.705514905887984E+01 -0.476778957247966E+01
% -0.418457742433112E+01  0.448510698882037E+01  0.326023007880755E+02
% -0.554437941009436E+01 -0.300290172838975E+02  0.612239270836960E+01
% -0.129459250752518E+02  0.970441180538843E+01 -0.310746183673484E+02
% -0.464134244616693E+01 -0.151911610744740E+02 -0.180996167464767E+02
% -0.224438231644920E+02 -0.304548539729039E+02  0.476921969592190E+01
%  0.338871588911120E+02 -0.259949455639717E+01  0.339256518186731E+02
% -0.150428387309990E+01 -0.608305219694462E+01 -0.274683368897380E+01
% -0.160485307208111E+02  0.644587137877047E+01  0.769382265992865E-01
%  0.555136545875271E+01  0.343592206606156E+02  0.562694204845326E+02
%  0.187579695956211E+02  0.153287467823255E+02  0.127391871953436E+02
% -0.695958195975588E+01  0.271722728654594E+01  0.115273407085876E+02
%  0.495313029266106E+01  0.222527521050855E+01  0.103135953926189E+02
% -0.248452856072481E+02  0.103530886465423E+02  0.473285187139041E+02
%  0.128450328845038E+02  0.496421199128153E+01 -0.436662448775749E+01
%  0.180730794515312E+02 -0.620626783444394E+01 -0.211772773127980E+01
% -0.299326837944953E+01 -0.889453839850461E+01 -0.148315146773908E+01
%  0.330396088984724E+02  0.467442872685522E+01 -0.373465046589103E+02
% -0.311427496310245E+01 -0.666946871677920E+00  0.851454285153906E+01
% -0.185329171912695E+02 -0.898347226206572E+01 -0.146096134236773E+02
% -0.880470428713255E+01 -0.527187428720551E+02  0.349998096531374E+02
%  0.999927632237277E+00  0.472967319567569E+01  0.165928120351043E+02
%  0.136566831173981E+02  0.275728567112354E+02 -0.236517836426791E+02
% -0.268418750340366E+02  0.473272540539766E+01  0.239972083044377E+02
%  0.205148401795411E+02 -0.219602622839544E+02  0.118775539095239E+02
%  0.135536383824524E+01 -0.662473569058519E+01  0.511299733585728E+01
%  0.196504791727028E+02 -0.216718732224233E+02  0.123027054651546E+02
% -0.496853629333833E+02 -0.767747273869430E+02  0.399470170745465E+02
%  0.231168132141382E+01  0.197285749984692E+02  0.569082142710766E+01
%  0.175065463669378E+02 -0.146024271332184E+02  0.156061687707989E+02
%  0.257295337808956E+02 -0.892457706690231E+01  0.129951101123534E+02
% -0.525081072132235E+01 -0.123192981834720E+02 -0.932275628332095E+00
% -0.460024149498015E+02  0.165501923061182E+01 -0.147980690250462E+02
% -0.110824200508473E+02 -0.454560622582835E+02 -0.389095884345554E+02
% -0.193545171306163E+01  0.302647612315991E+02  0.167491500950597E+02
% -0.689209904471463E+01 -0.375060270703927E+01 -0.104575678427426E+02
% -0.395881495406704E+01 -0.406167998668803E-02  0.609453868069122E+00
% -0.556029440438991E+02 -0.271942820004867E+01  0.330899970228582E+02
%  0.119141382755522E+02 -0.160518295563807E+00  0.118524454406054E+02
%  0.663879760445608E+02 -0.266093730889437E+02 -0.348750116731902E+02
%  0.479623734423077E+01  0.555138797702926E+02  0.340100098381823E+02
%  0.682983322504055E+02  0.732720086162659E+02 -0.399622479157533E+02
%  0.921651110499086E+01  0.664739690580996E+01 -0.706179761548478E+01
%  0.688019351726757E+01 -0.436453321100077E+01  0.927841949539970E+00
%  0.507629657482017E+02 -0.367271009624328E+02 -0.338988147558505E+01
% -0.257099422706877E+01 -0.442539895004682E+01  0.109013128460317E+02
%  0.154278690664581E+01  0.135224239384133E+02 -0.740051601226709E+01
% -0.316791886967356E+02  0.329255580912219E+02 -0.747679177921700E+02
% -0.374709569576876E+02  0.496564692924813E+01 -0.212367785497024E+02
%  0.156122854100414E+02 -0.405543186389237E+01 -0.194864242651778E+01
% -0.101481214580873E+02 -0.287638456578886E+02 -0.489173994506760E+01
% -0.120726834171225E+02 -0.158853135657525E+02 -0.137413679138488E+02
%  0.209682365461738E+02  0.170793922569891E+02  0.152130243283251E+02
%  0.109437775882978E+02 -0.277410626520843E+01 -0.851683619402763E+01
%  0.464879045506314E+01  0.306797332178816E+02  0.253534606943046E+02
%  0.330528304486140E+01  0.635538448476900E+01  0.946424800744488E+01
% -0.440876778828578E+02 -0.433763925736453E+01 -0.445422508973246E+01
% -0.511085322116370E+01  0.651995593816284E+02 -0.232125632414378E+01
% -0.133119235023910E+02 -0.136006063512322E+02  0.238672471417193E+02
%  0.283099600095814E+02 -0.638782442813976E+01  0.124084383823297E+02
% -0.214047398779806E+02 -0.261797883002606E+02  0.277551612280080E+02
%  0.157968758527517E+02  0.358695714506763E+02  0.344353195108953E+02
%  0.357192816803575E+02  0.166579755517674E+02 -0.162692436421855E+01
% -0.281776315603764E+02 -0.186158095398548E+02  0.675728825134712E+01
% -0.618288330855547E+00 -0.126253753653530E+02 -0.125611886400129E+02
%  0.573872968267818E+01  0.797108702643734E+01 -0.856866134177564E+01
%  0.843498465930791E+02 -0.896127536730988E+01  0.636665946451281E+02
% -0.179721212726160E+02  0.784768946224590E+01 -0.376742872595620E+01
% -0.894312802238599E+01 -0.963477251356101E+01  0.136076009228397E+02
% -0.154996704511072E+02  0.862432353700863E+00 -0.368383644527221E+01
% -0.129884946878556E+02  0.260923805955611E+00 -0.108570960194922E+02
% -0.245545980017317E+01  0.145722819265310E+01 -0.822296644440931E+01
%  0.317963158471270E+02 -0.413663465841446E+01 -0.281186615814889E+01
%  0.102451870369585E+02  0.276590179574333E+01  0.919683194144761E+01
%  0.983590917729904E+01 -0.194577484534636E+02  0.185822167165557E+02
% -0.248436138306111E+02  0.708775096949501E+01 -0.284871562979402E+01
% -0.152221875367892E+00  0.865017563950172E+00  0.617486376297688E+01
%  0.839852980177563E+01  0.311933222918111E+01  0.275645888015533E+02
%  0.126812372558166E+00 -0.884976442401137E+01 -0.572165443248872E+01
% -0.114365213136187E+01 -0.155856957188474E+02 -0.374491379334669E+02
% -0.123631454257615E+02 -0.372227129861838E+01  0.213632127471160E+02
%  0.116031698020760E+02  0.101779248260436E+01  0.158072457570736E+02
% -0.102090156307646E+02 -0.103462888352906E+02  0.281073199742976E+02
% -0.506385876716147E+01 -0.229616370234617E+02 -0.368002047970616E+01
%  0.103967479357379E+02 -0.561855390023492E+01 -0.855355169193555E-01
%  0.103426837851735E+02 -0.712425251058598E+01  0.208719965704385E+02
%  0.102214242669211E+02 -0.655679270995474E+01 -0.176879254846336E+02
%  0.215991793782248E+02  0.153209324398837E+02 -0.677552171173408E+01
%  0.166367100227971E+02 -0.260021235221655E+02 -0.209106063218412E+02
% -0.216250947115901E+02  0.911147391168980E+01 -0.274245866088711E+02
%  0.452568978505468E+02  0.120268003025679E+00 -0.976212023364986E+02
% -0.187781824652065E+01  0.216501846765915E+02 -0.150036782758923E+02
%  0.116993458818008E+02 -0.141304691023112E+02  0.695547362881704E+01
%  0.201366812570458E+01 -0.430451030567702E+01 -0.708907390441033E+01
%  0.233905192436468E+02 -0.458293402969000E+02 -0.558174324339434E+02
%  0.218242127971933E+02 -0.374606952982080E+02 -0.137333681620672E+02
% -0.180876767803251E+02  0.100717123730032E+02 -0.102957176581937E+02
% -0.126216992635093E+02  0.105051126972156E+02 -0.235158926566417E+02
% -0.864555171448851E+01 -0.106075913123863E+02  0.137341863860531E+02
%  0.138673381029938E+02  0.542714105663685E+01  0.133904779629827E+02
% -0.488643326106001E+02  0.842148072968618E+00  0.648583309718133E+02
% -0.255495920750029E+02 -0.542408327958929E+02 -0.132510994756227E+02
%  0.193706430564702E+02  0.533154597393886E+02 -0.597535525601895E+01
%  0.459644860837024E+01  0.390035944996075E+01 -0.155176509760990E+02
%  0.143411581962071E+02  0.101512642493378E+01  0.570934212764887E+00
% -0.141365069482575E+02 -0.582451348264002E+01 -0.106589882943679E+02
%  0.234812468777907E+02  0.702620633009157E+01  0.137224904791740E+02
% -0.284352151054427E+01  0.276551497209491E+02  0.215821641993119E+02
% -0.252110758286683E+02  0.404440603907492E+00 -0.897226029061966E+01
% -0.128902620207617E+02 -0.884443572432532E+01 -0.118070837213004E+02
% -0.111024095680671E+02 -0.151464346389643E+02  0.318917084973143E+02
% -0.542399718919373E+00 -0.257792283552677E+01 -0.141166310064267E+01
%  0.311135054961966E+02  0.436413579758621E+02  0.515315010698635E+01
% -0.765331550420452E+01  0.135378477653349E+02 -0.153919721334726E+02
% -0.524423880340098E+01 -0.162443062355327E+02 -0.411087766785957E+02
% -0.222950881845297E+01  0.125663240504761E+02 -0.130536991525999E+01
%  0.568602087440887E+01  0.123783243304687E+02 -0.161370539447130E+02
%  0.619987902198736E+01 -0.288535237683345E+02  0.756247690246354E+00
% -0.251756266660330E+02 -0.137936567889294E+02 -0.125131905912266E+02
% -0.697488815394916E+01 -0.353863260928940E+02  0.110489677931001E+02
% -0.285857663872929E+01 -0.249698488288945E+01 -0.248344420389320E+01
%  0.161511490889575E+02 -0.214392840183333E+02 -0.151041046738035E+02
%  0.222835998923999E+02 -0.123321166341099E+02  0.352978393494894E+02
% -0.128742331895035E+02 -0.604561352853320E+01  0.140722897259594E+01
% -0.289793846672192E+02 -0.347228745672182E+01 -0.319903859857498E+02
%  0.519206983468538E+01  0.956435241739126E+01  0.958792049255057E+01
% -0.636684358670435E+00 -0.508786209591146E+00  0.372926128967988E+01
% -0.133651500737165E+02  0.315409897376615E+01 -0.483147547083427E+01
%  0.242694175196781E+01 -0.201971471454621E+02 -0.705110423303553E+02
% -0.612415233549997E+01 -0.517171551956689E+01 -0.155143924191496E+02
% -0.208946016389070E+01 -0.189931324591099E+01  0.164508729323740E+02
%  0.368907084506001E+02 -0.106643790251097E+01  0.143517428866310E+02
%  0.253313132694719E+02 -0.295928991373733E+02  0.254548162291189E+02
%  0.324415473209092E+02  0.258601885336792E+02  0.941905760127578E+01
% -0.600350176377833E+01 -0.534544884962464E+01 -0.568084829295938E+01
% -0.486891096242809E+02 -0.522437500716528E+01  0.264064096664525E+01
%  0.766537727534155E+00 -0.680104966547075E+01  0.339354780938208E+01
% -0.249583242766708E+02  0.554130134301920E+01  0.201984186036836E+02
%  0.347149852264153E+02 -0.404264697767960E+02  0.129860258237702E+02
% -0.458548223739986E+02  0.168311267059414E+02  0.342331662517874E+02
% -0.256426172228732E+02 -0.176927367890657E+02 -0.186170619530278E+02
%  0.282231049857179E+02  0.533256805731932E+01  0.689482294831099E+01
% -0.358687929230934E+01  0.301641504487830E+01 -0.107527601675635E+02
%  0.208172859703173E+02 -0.144091772808691E+02  0.345529366349137E+02
% -0.134997241224294E+02 -0.308118592469917E+02 -0.173904248893210E+02
%  0.528333354159940E+01 -0.138295456694038E+02  0.358170921901190E+01
%  0.546773220735623E+01  0.196500621075500E+02 -0.228518467705459E+02
% -0.195867909500044E+02  0.541018469040178E+01 -0.142066044337631E+02
% -0.103158107618056E+02  0.592183624513509E+01 -0.281398956918455E+02
% -0.571357750339850E+01 -0.262629266556538E+01 -0.267794986415533E+01
%  0.118639613999212E+02  0.301704699387091E+02 -0.339709035712562E+02
% -0.352307584266017E+01 -0.535740778575538E+01  0.233173459860992E+01
%  0.776165781194299E+01 -0.738827852598333E+01  0.914962586702286E+01
% -0.528544348385480E+02  0.564981979161987E+01  0.884561597970573E+02
% -0.147102275781620E+02 -0.112207782376959E+02 -0.102908201520636E+02
%  0.146398406007201E+02  0.918413197287374E+01 -0.242733556469309E+01
%  0.319249347888383E+01 -0.509109390895572E+01 -0.255917957586860E+02
%  0.349072709335691E+02  0.793955342604909E+01 -0.926673949014203E+01
% -0.226796861822704E+02  0.724834397187674E+01 -0.486995417714634E+02
%  0.176240545283054E+02  0.112312021932664E+02 -0.193990652103364E+02
%  0.277894476311780E+02  0.976414444410906E+01 -0.470611291951238E+01
% -0.169369736174601E+02  0.532704720262165E+01 -0.260331084622339E+02
% -0.322612385855422E+02 -0.697213119797770E+01 -0.285444496309025E+02
% -0.884997035821694E+01  0.928963130538388E+01  0.115842240532150E+02
%  0.170382240964413E+01  0.125519584193443E+02 -0.223150701996797E+02
%  0.375770833028822E+02  0.551322967757443E+02 -0.531849558253484E+02
%  0.378050609870057E+02 -0.374012586077536E+01 -0.250017486168543E+02
% -0.331628588189600E+01  0.861740398361345E+01 -0.945749241035948E+00
% -0.276350269093112E+02 -0.898054623363104E+00 -0.127757179952972E+02
% -0.502063627945164E+01  0.318638362380726E+02  0.384062349841852E+02
%  0.521320107387291E+02  0.107465835811362E+00  0.267278307011825E+01
%  0.623491043363972E+01 -0.612963669639892E+01  0.171475833982062E+01
%  0.243663929497905E+02 -0.237487581320859E+02 -0.139592234327130E+02
% -0.106198002380137E+02 -0.427124368844446E+02 -0.425210916813355E+02
% -0.132121434126533E+02 -0.752246940420030E+01 -0.560576200395733E+01
% -0.333353445119919E+01  0.122005802007420E+02  0.132909818327793E+01
% -0.102926105616706E+03  0.640457811034541E+00 -0.637859115198309E+02
%  0.609440783628769E+01 -0.143765469125303E+02 -0.428990880009840E+01
%  0.223389755441278E+01 -0.118643794298960E+02 -0.950404195251084E+01
%  0.733061632716229E+01 -0.224596029265369E+01 -0.110381920564528E+02
% -0.223541368442628E+01 -0.111244972606991E+02 -0.194216152474862E+02
% -0.860072480821834E+01  0.152922890766973E+02  0.104639151257151E+02
%  0.203934339502353E+02  0.111066489382783E+02 -0.152187739747928E+02
%  0.451484590595141E+01 -0.907100808596028E+00  0.144365299107419E+02
% -0.773804926541889E+01 -0.241213085345296E+02 -0.330639141238766E+02
%  0.536909152208390E+02 -0.439905550791635E+02  0.883778757679666E+00
% -0.162508069626143E+02  0.291919279702657E+02  0.478048226549880E+01
%  0.176385931338482E+02 -0.105516010415153E+02 -0.382885746695322E+01
%  0.219022268557954E+01  0.114699861419134E+01  0.238980979533140E+01
% -0.329696109316172E+01 -0.159167250255787E+02 -0.691083126080404E+01
%  0.848303752757560E+01  0.365887039181744E+02  0.212629667150087E+02
% -0.195758208490793E+02  0.138901361362356E+02 -0.387924768873522E+02
%  0.774121971816018E+01  0.108188651820455E+02 -0.220159426413851E+01
% -0.229186229563533E+02 -0.241476329325551E+01 -0.132149775986977E+02
% -0.122515590367081E+02  0.288598060020060E+02 -0.137058406360129E+02
% -0.336145355864007E+02  0.138520330920278E+01 -0.115330017318028E+01
%  0.369701023352169E+01 -0.860317763517764E+00 -0.774571719992025E+01
% -0.449949289736017E+02  0.414302354263621E+02  0.432509145019947E+01
% -0.278092477978379E+02  0.528200790513360E+01  0.112032808108615E+02
%  0.103294407087867E+02  0.402562275329571E+01  0.115461662173094E+02
%  0.260710156148960E+02  0.589092791074310E+01  0.303597943202923E+02
% -0.151146542352527E+02  0.108502187954472E+02 -0.879009700952292E+00
%  0.160673349000912E+02  0.108233390830366E+02  0.281327223966649E+02
%  0.241887335024199E+02  0.423602416617817E+02  0.101644417484401E+02
%  0.227778223009998E+02 -0.191672274780443E+02  0.553544567878243E+01
%  0.702783635755917E+01  0.202467361748077E+02  0.116233401405274E+01
%  0.218312523858445E+02  0.407614594949947E+02  0.450758938120796E+02
%  0.151547208520246E+02  0.115677310001855E+02  0.210262675786716E+02
%  0.813365033648498E+00 -0.248799260380740E+00  0.781819772142768E+01
% -0.344463362938333E+02 -0.979754979570578E+01  0.594244769987333E+02
% -0.381767702069720E+01 -0.114322573602418E+01 -0.612902653374634E+00
% -0.353786027249531E+02  0.192494347253545E+02 -0.151750911139291E+02
%  0.100980757871635E+02  0.220169697376430E+01  0.355655170559977E+01
% -0.162730892551597E+01 -0.500932102360233E+01  0.935331946822774E+01
