% F     32  0.309920000000000E+01  0.309920000000000E+01  0.309920000000000E+01
  -0.768532611122876E-03  0.535979010373902E-03  0.922917480727723E-03
   0.774106970333850E+00  0.775755994755200E+00 -0.799719016100318E-03
  -0.673640218573563E-03  0.774789236380377E+00  0.775599753000265E+00
   0.775373660476161E+00  0.181022692270712E-03  0.774126282063663E+00
   0.154996370071453E+01 -0.996244148753325E-04 -0.450941784335398E-03
   0.232475073935295E+01  0.775534503673479E+00 -0.993604861852575E-03
   0.154911470270064E+01  0.775336286373270E+00  0.774274241962486E+00
   0.232353784827707E+01 -0.988685370428537E-03  0.774981656365694E+00
   0.978551377215467E-03  0.154924750048538E+01  0.135064190283492E-03
   0.775751581608192E+00  0.232343039550338E+01 -0.777871133690362E-04
  -0.789350367666300E-03  0.232427536894961E+01  0.773850831087099E+00
   0.774882351304996E+00  0.154950501348433E+01  0.774809800825691E+00
   0.154902401582561E+01  0.154953068405181E+01  0.168144177846814E-03
   0.232537490645137E+01  0.232508370885557E+01 -0.996684470684486E-03
   0.154952154317091E+01  0.232488336756371E+01  0.774834348989480E+00
   0.232501183322746E+01  0.154928409688805E+01  0.775563607841734E+00
   0.170592230227946E-03  0.516296306865167E-03  0.155028193070956E+01
   0.773882193971397E+00  0.774747787196084E+00  0.154915545259231E+01
   0.451283899746590E-03  0.774390863474610E+00  0.232384295713183E+01
   0.775739507363462E+00  0.459798453786975E-03  0.232382824613591E+01
   0.154902884633318E+01  0.405774219645309E-03  0.154903681275061E+01
   0.232455448145127E+01  0.773842047200354E+00  0.155006813524642E+01
   0.155036612463045E+01  0.774719954726023E+00  0.232411518684792E+01
   0.232403389491056E+01 -0.771543109719404E-03  0.232421488358188E+01
   0.549106499461314E-03  0.155013870085159E+01  0.154978126073367E+01
   0.774863295330498E+00  0.232477840450955E+01  0.154992203392610E+01
   0.436806779502484E-03  0.232474966155063E+01  0.232369496194191E+01
   0.774440614896448E+00  0.154920152336309E+01  0.232403689779366E+01
   0.155036861530646E+01  0.154890299552114E+01  0.154986518128590E+01
   0.232376190473285E+01  0.232437340957738E+01  0.154881082750184E+01
   0.154894269145476E+01  0.232528784174976E+01  0.232427556390660E+01
   0.232400844289965E+01  0.155011067286960E+01  0.232399003556188E+01
