% F    108  0.464880000000000E+01  0.464880000000000E+01  0.464880000000000E+01
  -0.409800700506397E-03  0.720163381587138E-03 -0.973246499100356E-03
   0.775592932041954E+00  0.774179438460807E+00 -0.161399752254401E-03
   0.528803474130757E-05  0.775779674229884E+00  0.775459772290633E+00
   0.775731844802684E+00 -0.190331893786871E-03  0.774110893423121E+00
   0.154860331020403E+01  0.881856349433338E-03 -0.950106200598247E-03
   0.232345886143936E+01  0.775529387222893E+00  0.410529168924718E-03
   0.154902605955009E+01  0.774993525314214E+00  0.775458619398920E+00
   0.232357905037954E+01  0.593899870509300E-03  0.773980024016511E+00
   0.310013472794969E+01 -0.326903252776277E-03 -0.884049922309567E-03
   0.387381668228715E+01  0.774762851882698E+00  0.348641580240141E-03
   0.309933554001561E+01  0.774993510903596E+00  0.774297746179276E+00
   0.387452571273317E+01  0.968752189731690E-03  0.775660812524384E+00
  -0.437337827022118E-03  0.155003115983833E+01 -0.672755440284607E-03
   0.774252430893371E+00  0.232493019176203E+01  0.457496479521841E-03
  -0.228280537694003E-03  0.232503112570718E+01  0.775745786368780E+00
   0.775366607203245E+00  0.155024750064344E+01  0.773866965148618E+00
   0.155040380994306E+01  0.154973091499207E+01  0.915605491639213E-04
   0.232400078465092E+01  0.232357410782030E+01  0.133054734968766E-03
   0.154902708268452E+01  0.232350133432533E+01  0.775732487500925E+00
   0.232341820297104E+01  0.154981246436174E+01  0.775155995637632E+00
   0.309991067127971E+01  0.155054553785892E+01  0.947463525371228E-06
   0.387307527583230E+01  0.232356710518121E+01  0.136682331891957E-03
   0.309866613992875E+01  0.232348126383664E+01  0.775219863516301E+00
   0.387482697379790E+01  0.155050893973595E+01  0.773844057290528E+00
   0.790818689999131E-03  0.309854520280182E+01 -0.194589272243173E-03
   0.774109783394505E+00  0.387374003277396E+01  0.508559781088970E-03
  -0.620292416520689E-03  0.387342649119247E+01  0.774567840382374E+00
   0.775674207922292E+00  0.309921668904425E+01  0.774836996756198E+00
   0.155055734350850E+01  0.309851992401534E+01  0.281989823562119E-03
   0.232480334935504E+01  0.387448498334929E+01 -0.620747579618315E-03
   0.154987421354701E+01  0.387470611253874E+01  0.775108266807117E+00
   0.232425173102823E+01  0.309902234058473E+01  0.775415566635301E+00
   0.309997737780009E+01  0.310014978226964E+01 -0.370983662351163E-03
   0.387476658510391E+01  0.387430942879807E+01  0.697911744738302E-03
   0.309991455976398E+01  0.387319277666405E+01  0.774351629151646E+00
   0.387460435029180E+01  0.309948634463134E+01  0.775686388120532E+00
  -0.810838679583480E-03 -0.725536851794046E-03  0.154933419151555E+01
   0.775660166033037E+00  0.773955083288642E+00  0.155043024486780E+01
   0.592099526244554E-03  0.775016305973954E+00  0.232376907887820E+01
   0.773801067631082E+00  0.655641728981826E-03  0.232505776028628E+01
   0.155009001600540E+01  0.902456195462224E-03  0.154932045103239E+01
   0.232394785935727E+01  0.774212706027292E+00  0.154971507853989E+01
   0.155010736721975E+01  0.774334551281409E+00  0.232412276612779E+01
   0.232520080712538E+01 -0.789675777847003E-03  0.232413556824099E+01
   0.309940689587541E+01  0.927689681580835E-03  0.154969269046698E+01
   0.387431243218486E+01  0.774103861718753E+00  0.154957266113024E+01
   0.310012557572959E+01  0.775220299453308E+00  0.232477942447337E+01
   0.387489465480172E+01 -0.877275662872426E-03  0.232479051120288E+01
   0.244795062538916E-03  0.155050330673215E+01  0.154995314203093E+01
   0.774861904269840E+00  0.232447849082253E+01  0.155011465610881E+01
  -0.844331735000149E-03  0.232522126984872E+01  0.232447613245354E+01
   0.774226620817063E+00  0.154906116316324E+01  0.232366670492431E+01
   0.154996371699837E+01  0.154941742308788E+01  0.154956512625678E+01
   0.232435400802196E+01  0.232497440946650E+01  0.154970502583439E+01
   0.155051178702027E+01  0.232528952284312E+01  0.232499265478308E+01
   0.232443911378259E+01  0.155011890064144E+01  0.232394620851836E+01
   0.309955921470858E+01  0.154917601125320E+01  0.154897894386952E+01
   0.387491174093713E+01  0.232353907328088E+01  0.154884150156796E+01
   0.310019399020554E+01  0.232465119984372E+01  0.232477783453895E+01
   0.387338311557645E+01  0.155057959136670E+01  0.232390889868262E+01
   0.401666351350523E-03  0.309921585166536E+01  0.154903231075229E+01
   0.775477457864639E+00  0.387471375737503E+01  0.154961076379573E+01
  -0.813201467195124E-03  0.387390536001634E+01  0.232399457638170E+01
   0.775244066717665E+00  0.309847490766758E+01  0.232435106262207E+01
   0.154989697169969E+01  0.309834738755042E+01  0.154983937553485E+01
   0.232365637382712E+01  0.387355034315457E+01  0.154882202319801E+01
   0.154955777778891E+01  0.387374335643328E+01  0.232411892059445E+01
   0.232418712800379E+01  0.309914793690000E+01  0.232527090413277E+01
   0.310019947355379E+01  0.309955988556898E+01  0.154969457038754E+01
   0.387411296955621E+01  0.387388577941655E+01  0.154926082327917E+01
   0.309949334798512E+01  0.387468547435225E+01  0.232406220410430E+01
   0.387343762690896E+01  0.309869904895889E+01  0.232519568211225E+01
   0.374401768768931E-03 -0.564778730993630E-03  0.309989304311801E+01
   0.774900503153256E+00  0.774946942767808E+00  0.309903258661228E+01
   0.578652619167687E-03  0.774709938029007E+00  0.387466270591381E+01
   0.775594497628167E+00  0.288373310827953E-03  0.387452359473390E+01
   0.155013129327619E+01  0.756118637164432E-03  0.309972586731474E+01
   0.232378160925642E+01  0.775233168248387E+00  0.310004397234247E+01
   0.154968239461089E+01  0.774611862876409E+00  0.387351682167010E+01
   0.232428589693239E+01  0.435470355466262E-03  0.387347684850604E+01
   0.309845330272860E+01 -0.999040369906140E-03  0.309901320655535E+01
   0.387309585275229E+01  0.775155393809742E+00  0.310000544225313E+01
   0.309916633628916E+01  0.774803700149359E+00  0.387412637503383E+01
   0.387311084036577E+01  0.466616022237339E-03  0.387477422568408E+01
  -0.941941482776433E-03  0.154989501485985E+01  0.309978734565228E+01
   0.773854653155581E+00  0.232498978989871E+01  0.309936064042401E+01
   0.263708396921067E-03  0.232423130772863E+01  0.387397665167218E+01
   0.775338487319737E+00  0.154965824411632E+01  0.387470705639608E+01
   0.154894951280237E+01  0.155055102157102E+01  0.309838474568238E+01
   0.232443007952886E+01  0.232512918324002E+01  0.309996030326486E+01
   0.154960883611454E+01  0.232502989215000E+01  0.387469520395713E+01
   0.232441075836915E+01  0.154908404718780E+01  0.387480614043279E+01
   0.309990346077637E+01  0.154913948426615E+01  0.309909563171655E+01
   0.387322346450311E+01  0.232472819250619E+01  0.309831738513526E+01
   0.309989849693356E+01  0.232522945382580E+01  0.387482387477289E+01
   0.387354220355471E+01  0.155053747142314E+01  0.387442152143655E+01
  -0.523421979395690E-03  0.309873882713575E+01  0.309884146552691E+01
   0.775629202386475E+00  0.387412006501963E+01  0.309999259494722E+01
   0.630192049924599E-03  0.387449480089774E+01  0.387332369823436E+01
   0.774867327978218E+00  0.309907681696633E+01  0.387398812761682E+01
   0.155000609671107E+01  0.309849633882693E+01  0.309904990953009E+01
   0.232433022984190E+01  0.387416397152009E+01  0.309890045637948E+01
   0.154952984334182E+01  0.387481192372424E+01  0.387334232351837E+01
   0.232428461174862E+01  0.309838907056870E+01  0.387445128522512E+01
   0.309862636151424E+01  0.309959326589240E+01  0.310012979865670E+01
   0.387458329148935E+01  0.387424221181022E+01  0.309958550133952E+01
   0.309869189833408E+01  0.387423328067255E+01  0.387469733555295E+01
   0.387377520936639E+01  0.309964182733018E+01  0.387321602283360E+01
