% F    256  0.619840000000000E+01  0.619840000000000E+01  0.619840000000000E+01
  -0.795465237698165E-03  0.567968182662861E-03  0.556117203447289E-03
   0.775353391365617E+00  0.774622475173484E+00 -0.674229805823920E-03
   0.692577352426472E-03  0.774825239009207E+00  0.775548998818331E+00
   0.774734402374439E+00 -0.751590254579866E-03  0.773832426838799E+00
   0.154902726123378E+01 -0.900260964218071E-03 -0.585730885460902E-03
   0.232379818365908E+01  0.774749119476170E+00  0.733863393611644E-03
   0.154988240302638E+01  0.774774049460553E+00  0.774256593578851E+00
   0.232439167359387E+01  0.994606683182350E-03  0.774011309648401E+00
   0.310008725775403E+01  0.150369087459024E-05  0.529052233277876E-03
   0.387395958320800E+01  0.775037727609884E+00 -0.619813998709583E-03
   0.309848737783911E+01  0.774099950088403E+00  0.773947833507943E+00
   0.387415175882921E+01 -0.441117648941495E-03  0.774048250001020E+00
   0.464905238611614E+01 -0.893693414171844E-03  0.906692648793528E-03
   0.542373274920981E+01  0.775515479715734E+00 -0.615511330839032E-03
   0.464831230323113E+01  0.775675066215350E+00  0.774485950935002E+00
   0.542280671248614E+01  0.264524966390566E-03  0.773904416617833E+00
  -0.735323217169742E-03  0.154969236921168E+01  0.313147218552186E-03
   0.775253092845125E+00  0.232422709786321E+01  0.698811048754701E-03
  -0.263706314492274E-03  0.232351079248780E+01  0.775649197223692E+00
   0.774809471365335E+00  0.155030770541088E+01  0.775236840433676E+00
   0.154875776751898E+01  0.154990602535256E+01 -0.165994157629262E-03
   0.232380077731552E+01  0.232346867898298E+01  0.634182096315990E-03
   0.154995889825948E+01  0.232457469048789E+01  0.775384830216270E+00
   0.232381279965928E+01  0.155001601943621E+01  0.774484377215419E+00
   0.309850330663905E+01  0.155035048200993E+01 -0.349070690766665E-03
   0.387377932872268E+01  0.232366403991553E+01  0.646708479318662E-03
   0.309899453084969E+01  0.232465931632977E+01  0.774898140767467E+00
   0.387459133849721E+01  0.154873575554517E+01  0.775652603125558E+00
   0.464829193250901E+01  0.155021276076607E+01  0.311942443975578E-03
   0.542329917013266E+01  0.232407124024694E+01  0.698616893838201E-03
   0.464862357381632E+01  0.232530144935033E+01  0.775317531222305E+00
   0.542342033053052E+01  0.155014596592142E+01  0.775462530051752E+00
   0.906990869018430E-03  0.309979949416728E+01 -0.482479875147730E-03
   0.775665676795988E+00  0.387423443514040E+01 -0.765513002195501E-03
  -0.728161145384059E-03  0.387379903088909E+01  0.775533882550179E+00
   0.774241551793964E+00  0.309886648046308E+01  0.774510201197564E+00
   0.155047342368355E+01  0.309958054663614E+01 -0.974574988132025E-03
   0.232506522037826E+01  0.387351571923684E+01 -0.801672692082801E-03
   0.155033209385147E+01  0.387489117617535E+01  0.774097031236796E+00
   0.232400154126229E+01  0.309826427605236E+01  0.774229996541373E+00
   0.310010977780421E+01  0.309991384650430E+01 -0.486640853313980E-03
   0.387315693297203E+01  0.387462619873617E+01  0.164234452081776E-03
   0.309848024657824E+01  0.387442376475251E+01  0.773932072427399E+00
   0.387301770358462E+01  0.310011907886797E+01  0.774460154438402E+00
   0.464846905542138E+01  0.309927395488529E+01 -0.895256754627503E-04
   0.542436691794619E+01  0.387321700276513E+01  0.881384090511911E-03
   0.464808623346152E+01  0.387481853491871E+01  0.775230030334401E+00
   0.542313210530389E+01  0.309885552138622E+01  0.775407208595111E+00
  -0.950790664777248E-03  0.464947952253973E+01  0.218916817177077E-03
   0.774220077561970E+00  0.542376846638341E+01 -0.887194883741600E-03
  -0.338635427621664E-03  0.542433932160398E+01  0.775311746189216E+00
   0.773955940530055E+00  0.464894779186497E+01  0.774545330575080E+00
   0.155053937232706E+01  0.464953996390492E+01 -0.916835462892878E-03
   0.232413414469980E+01  0.542353119978957E+01 -0.871582521432721E-03
   0.154919236977794E+01  0.542265825479251E+01  0.775450427348561E+00
   0.232389195436045E+01  0.464976832977152E+01  0.774059754130512E+00
   0.309923517434124E+01  0.464782891302033E+01  0.339043076932607E-03
   0.387489246414994E+01  0.542311743197181E+01 -0.738174506516488E-03
   0.309940890674337E+01  0.542332135731794E+01  0.773993172285291E+00
   0.387342262785371E+01  0.464780649838772E+01  0.775469396646563E+00
   0.464818586432578E+01  0.464966891971083E+01  0.618957198966559E-04
   0.542367113089870E+01  0.542406017099588E+01  0.178577761967025E-03
   0.464795684810596E+01  0.542382653513413E+01  0.775244507236819E+00
   0.542353226377567E+01  0.464896784310079E+01  0.774822229935640E+00
   0.900361509340718E-03 -0.111390182815259E-03  0.155013562278825E+01
   0.775161038977341E+00  0.774533925038476E+00  0.155025803415532E+01
  -0.652908359539564E-03  0.774105756195037E+00  0.232445729300705E+01
   0.774911121203152E+00  0.542068284660029E-03  0.232354122194769E+01
   0.155022672718735E+01  0.432419891130369E-03  0.155019548199064E+01
   0.232395246967308E+01  0.774574154641348E+00  0.154872979442056E+01
   0.155052891894927E+01  0.775409978342971E+00  0.232423635034614E+01
   0.232539186787535E+01  0.900484195798783E-03  0.232505576251644E+01
   0.309924438167147E+01  0.151239224923667E-03  0.154867792249657E+01
   0.387345655600258E+01  0.774564730680402E+00  0.154988301483501E+01
   0.309951204768142E+01  0.775344283550564E+00  0.232539123164995E+01
   0.387351016441571E+01  0.669242411000563E-03  0.232460657590801E+01
   0.464888637882692E+01  0.985734868482615E-04  0.154878842784194E+01
   0.542380606025079E+01  0.775791161397304E+00  0.154873438732091E+01
   0.464832912017321E+01  0.774941595391050E+00  0.232432670669108E+01
   0.542399713003878E+01  0.278969486608914E-03  0.232479725779073E+01
  -0.286673384524338E-03  0.155042238850328E+01  0.154944561047338E+01
   0.774269476701519E+00  0.232421404715256E+01  0.154927352554396E+01
  -0.188039926121233E-03  0.232455476887274E+01  0.232379095353597E+01
   0.773839976169229E+00  0.155013532331920E+01  0.232351107202602E+01
   0.154967985587809E+01  0.155028290200525E+01  0.154860900087518E+01
   0.232357505348058E+01  0.232344652142543E+01  0.154914816789886E+01
   0.154920444164090E+01  0.232525573001579E+01  0.232471394916243E+01
   0.232439567656179E+01  0.155029400465510E+01  0.232375322071832E+01
   0.309998428903695E+01  0.154893419212744E+01  0.155019452310025E+01
   0.387435140855038E+01  0.232420589104568E+01  0.154871406727652E+01
   0.309822429537134E+01  0.232539119178804E+01  0.232362876853894E+01
   0.387484945835090E+01  0.155006173778186E+01  0.232496899049045E+01
   0.464881321450061E+01  0.154995155013292E+01  0.154941075227724E+01
   0.542426897500940E+01  0.232369921753551E+01  0.154926420609804E+01
   0.464920340258028E+01  0.232492189777682E+01  0.232499351461846E+01
   0.542390582981775E+01  0.154931009068062E+01  0.232403094432866E+01
  -0.442741141487346E-03  0.309978279542504E+01  0.154933265419961E+01
   0.773882012500162E+00  0.387420350839609E+01  0.154901288977007E+01
   0.799492463620637E-03  0.387417374785083E+01  0.232394804423039E+01
   0.775587139450602E+00  0.309948277642915E+01  0.232525866972628E+01
   0.154991910446679E+01  0.309931939933159E+01  0.154973509255676E+01
   0.232501999169403E+01  0.387322430860988E+01  0.155039951934654E+01
   0.155046029318806E+01  0.387393594728535E+01  0.232488411749815E+01
   0.232361990528728E+01  0.309889978248414E+01  0.232510262661744E+01
   0.309888931989364E+01  0.310011056283319E+01  0.155016691946702E+01
   0.387426506009425E+01  0.387489306447540E+01  0.154992585157342E+01
   0.309864361818647E+01  0.387478391787640E+01  0.232474190136906E+01
   0.387302658006988E+01  0.309851006468286E+01  0.232513214454736E+01
   0.464974177170505E+01  0.309837012757952E+01  0.154882239733416E+01
   0.542294889387952E+01  0.387442578888506E+01  0.154970217151762E+01
   0.464850562873824E+01  0.387321646775961E+01  0.232534025878563E+01
   0.542323202803023E+01  0.309929873132367E+01  0.232366476287993E+01
  -0.873269214277754E-03  0.464849010445711E+01  0.154865047929027E+01
   0.774096962392189E+00  0.542340038399979E+01  0.155014168211286E+01
   0.788944902889913E-03  0.542331873626042E+01  0.232398845230475E+01
   0.774783414025682E+00  0.464888998984524E+01  0.232431497622110E+01
   0.154936191300039E+01  0.464899861570439E+01  0.154955437092998E+01
   0.232508384355116E+01  0.542325920454605E+01  0.154877619024622E+01
   0.155051591544172E+01  0.542364059076903E+01  0.232352412073476E+01
   0.232530218821865E+01  0.464780161134837E+01  0.232476720164952E+01
   0.309857835359779E+01  0.464873148279431E+01  0.154938411143335E+01
   0.387471137265939E+01  0.542273343196742E+01  0.154862646891564E+01
   0.310004972928337E+01  0.542372445265079E+01  0.232352583228571E+01
   0.387306052472559E+01  0.464858009049922E+01  0.232536779054052E+01
   0.464831180422743E+01  0.464930783117816E+01  0.154864103531251E+01
   0.542316288060033E+01  0.542439713846434E+01  0.155023010550774E+01
   0.464862995594671E+01  0.542304145985705E+01  0.232537510252192E+01
   0.542347534387291E+01  0.464848506871300E+01  0.232511963831167E+01
   0.160600727585529E-03  0.674915104330002E-03  0.309995634677192E+01
   0.775708874046284E+00  0.774981909697182E+00  0.309928603088524E+01
  -0.656417705866495E-03  0.775300673852635E+00  0.387490325140530E+01
   0.774757489689287E+00  0.284799790522754E-03  0.387463742576084E+01
   0.154942463617368E+01  0.237339585250626E-03  0.309985013581317E+01
   0.232341576520122E+01  0.775031402783172E+00  0.309869947545968E+01
   0.154886401334504E+01  0.775389591101708E+00  0.387446307061440E+01
   0.232459221653100E+01  0.987573792607777E-03  0.387310048643133E+01
   0.309862001853450E+01  0.166357584489506E-03  0.309999225335096E+01
   0.387307210769435E+01  0.774038927495237E+00  0.309857288303968E+01
   0.309883327875036E+01  0.773869018819981E+00  0.387457106978125E+01
   0.387416904652184E+01  0.457717755521809E-03  0.387436920696880E+01
   0.464936673073753E+01  0.247263955585332E-03  0.309970972909837E+01
   0.542317083951073E+01  0.774919215124240E+00  0.309955470567160E+01
   0.464943266450963E+01  0.774150604931171E+00  0.387332592693142E+01
   0.542357437085160E+01  0.778484592232224E-03  0.387315425110904E+01
   0.801782169802469E-03  0.154871839334225E+01  0.309856618830313E+01
   0.774615550385378E+00  0.232392456633024E+01  0.309847318882086E+01
   0.501727960507956E-03  0.232536971120695E+01  0.387429188763314E+01
   0.773860727120360E+00  0.155027213683316E+01  0.387406813702881E+01
   0.154954673334633E+01  0.155042909999596E+01  0.309853836159016E+01
   0.232471944326435E+01  0.232406453114963E+01  0.309827636994689E+01
   0.154954768175173E+01  0.232429098609245E+01  0.387423687301380E+01
   0.232454559449647E+01  0.154985226830012E+01  0.387328045908773E+01
   0.309977331558141E+01  0.154959292358441E+01  0.309991587954607E+01
   0.387493217895046E+01  0.232460700625122E+01  0.309946490179869E+01
   0.309856796935781E+01  0.232389117548146E+01  0.387369211372824E+01
   0.387380211939692E+01  0.155047176639532E+01  0.387346835597507E+01
   0.464961699354273E+01  0.155013170499684E+01  0.309924906373880E+01
   0.542408759502784E+01  0.232489180322431E+01  0.309946311491223E+01
   0.464969565500010E+01  0.232441972109188E+01  0.387444003060192E+01
   0.542384321434830E+01  0.155034382698130E+01  0.387349012177597E+01
   0.286001334134380E-03  0.309822326325355E+01  0.309844998220262E+01
   0.774625292878146E+00  0.387398225691837E+01  0.309824717891655E+01
  -0.554861874390930E-03  0.387418246066467E+01  0.387378328060024E+01
   0.774777048485003E+00  0.309954380292418E+01  0.387349155716651E+01
   0.154929415464019E+01  0.309965881234384E+01  0.309909139790027E+01
   0.232479007990934E+01  0.387348630826404E+01  0.309873203014320E+01
   0.155014378956897E+01  0.387357734319005E+01  0.387328978630137E+01
   0.232518725248374E+01  0.309842492425968E+01  0.387311813927637E+01
   0.309955140049366E+01  0.309888674710033E+01  0.310008853499684E+01
   0.387344529122089E+01  0.387379972791536E+01  0.309945220929769E+01
   0.309844616184421E+01  0.387414752769691E+01  0.387456191067645E+01
   0.387492990190636E+01  0.309856123619100E+01  0.387476054596992E+01
   0.464821094382912E+01  0.309882406353892E+01  0.309895929729616E+01
   0.542281292740067E+01  0.387403278221747E+01  0.309985073290351E+01
   0.464812795535206E+01  0.387499422064203E+01  0.387482616755017E+01
   0.542378666343984E+01  0.309883175703407E+01  0.387470436297300E+01
  -0.384646851056954E-03  0.464973180805550E+01  0.309931600517434E+01
   0.775215177500754E+00  0.542439851263600E+01  0.309840321638884E+01
   0.572497115482671E-03  0.542343299675628E+01  0.387368969344409E+01
   0.775449339264089E+00  0.464904796862131E+01  0.387339249172030E+01
   0.154940469757373E+01  0.464871290636198E+01  0.309918625245585E+01
   0.232532470782549E+01  0.542280552161648E+01  0.309936576384031E+01
   0.154864774484241E+01  0.542304946227050E+01  0.387428727464510E+01
   0.232430982497683E+01  0.464885239657933E+01  0.387413408207277E+01
   0.309899167441144E+01  0.464858002106671E+01  0.309899501841365E+01
   0.387428392423419E+01  0.542297327376637E+01  0.309887676711728E+01
   0.309969978236611E+01  0.542317117425139E+01  0.387431629772349E+01
   0.387395237405701E+01  0.464780318904261E+01  0.387340016268916E+01
   0.464930508343665E+01  0.464883328349828E+01  0.309909923500264E+01
   0.542287110544883E+01  0.542362155893128E+01  0.309978279723410E+01
   0.464840320673988E+01  0.542335279134443E+01  0.387348973015098E+01
   0.542454758465088E+01  0.464908109242998E+01  0.387369663144957E+01
   0.846703003438580E-03 -0.624328509183535E-03  0.464842084186948E+01
   0.774536538067489E+00  0.774267859891748E+00  0.464834669709775E+01
  -0.249983863374593E-03  0.775767702612596E+00  0.542371233793681E+01
   0.773851007958341E+00 -0.126171150098887E-03  0.542428903828485E+01
   0.154910515882388E+01  0.438611796681533E-03  0.464968711320230E+01
   0.232514775584614E+01  0.774338816684189E+00  0.464966419842563E+01
   0.155056643513382E+01  0.774212828639211E+00  0.542353443505720E+01
   0.232362174051831E+01  0.477461110567443E-03  0.542291669417742E+01
   0.309918436335830E+01  0.212732460548137E-04  0.464891509476377E+01
   0.387354954751848E+01  0.774764708357642E+00  0.464931405142357E+01
   0.309994013930487E+01  0.775144632377375E+00  0.542397252156592E+01
   0.387462641130258E+01 -0.960429462879030E-03  0.542272725292100E+01
   0.464801436106714E+01  0.904385278999652E-03  0.464920456755540E+01
   0.542364835986593E+01  0.774165946985931E+00  0.464864817962979E+01
   0.464942562939425E+01  0.774654269799111E+00  0.542389425176706E+01
   0.542383762806904E+01  0.368362388665691E-03  0.542443744318260E+01
  -0.136101701839953E-03  0.155040733764031E+01  0.464909629282316E+01
   0.775610968659048E+00  0.232504630190499E+01  0.464785785723932E+01
   0.662892967431396E-03  0.232382831770503E+01  0.542329465231625E+01
   0.773811701222663E+00  0.154903130017026E+01  0.542276368903724E+01
   0.154968472455487E+01  0.154921899190756E+01  0.464870243338512E+01
   0.232399855965268E+01  0.232437428731838E+01  0.464976182667809E+01
   0.155045795979545E+01  0.232502202744217E+01  0.542398588780597E+01
   0.232413521271913E+01  0.155058107692299E+01  0.542375289510210E+01
   0.309946901780039E+01  0.154948470035041E+01  0.464935167166463E+01
   0.387339066188180E+01  0.232523517796100E+01  0.464883792557318E+01
   0.309971832102618E+01  0.232464811687410E+01  0.542408629398148E+01
   0.387304583942204E+01  0.154893367480444E+01  0.542425578424184E+01
   0.464807396424635E+01  0.155037136493852E+01  0.464959905977805E+01
   0.542261527960269E+01  0.232507379921446E+01  0.464905242648252E+01
   0.464893844941125E+01  0.232512172196291E+01  0.542266100786635E+01
   0.542432712366067E+01  0.155043178680889E+01  0.542316285340514E+01
  -0.186071432621386E-04  0.309873413963409E+01  0.464974892283832E+01
   0.774734016988803E+00  0.387420194032098E+01  0.464918334150240E+01
   0.484120782718134E-05  0.387457090193778E+01  0.542394268081919E+01
   0.775534518138564E+00  0.309915620051735E+01  0.542346931159528E+01
   0.155006119863322E+01  0.309859606668185E+01  0.464824476886915E+01
   0.232539989360097E+01  0.387496796781302E+01  0.464886002296366E+01
   0.155055221477837E+01  0.387439438210293E+01  0.542333125598304E+01
   0.232509876482963E+01  0.309879725922059E+01  0.542440183813357E+01
   0.309877836385914E+01  0.309941207711462E+01  0.464922087335046E+01
   0.387400700820171E+01  0.387350539801018E+01  0.464905950345731E+01
   0.309953680759538E+01  0.387445267366817E+01  0.542424214745716E+01
   0.387348108734353E+01  0.309842826584612E+01  0.542296727518806E+01
   0.464971703051095E+01  0.310018502148167E+01  0.464793288863612E+01
   0.542311851515670E+01  0.387448452826719E+01  0.464801071564405E+01
   0.464846288232760E+01  0.387413813622631E+01  0.542396558297284E+01
   0.542446186091588E+01  0.309929106795189E+01  0.542439026508220E+01
   0.498106228743834E-03  0.464885304550216E+01  0.464949665077859E+01
   0.775443362791489E+00  0.542383914460578E+01  0.464812310500378E+01
  -0.495047868545591E-03  0.542331753300585E+01  0.542337424282303E+01
   0.775403174162977E+00  0.464902699979581E+01  0.542443134960706E+01
   0.154903869647271E+01  0.464832231180790E+01  0.464828145912770E+01
   0.232444840588591E+01  0.542438458502117E+01  0.464975206443308E+01
   0.154922616390110E+01  0.542324560478428E+01  0.542456505573324E+01
   0.232350802243020E+01  0.464791906950054E+01  0.542290058718001E+01
   0.310010794836520E+01  0.464825386441607E+01  0.464866505555346E+01
   0.387461851063353E+01  0.542279711585486E+01  0.464806851345343E+01
   0.309892486974997E+01  0.542379182644209E+01  0.542292804822441E+01
   0.387387435377569E+01  0.464827470196191E+01  0.542344411222171E+01
   0.464882251433440E+01  0.464957507358447E+01  0.464786720897355E+01
   0.542442345504209E+01  0.542455060407964E+01  0.464855058339379E+01
   0.464971335199916E+01  0.542398540539735E+01  0.542366491672122E+01
   0.542392931149013E+01  0.464973581784660E+01  0.542355458328670E+01
