% F    500  0.774800000000000E+01  0.774800000000000E+01  0.774800000000000E+01
  -0.710382339561064E-03  0.397702537323728E-03  0.122531382053600E-03
   0.774324628852082E+00  0.775285295440270E+00  0.426783696175613E-03
   0.521114492432841E-03  0.774687853760130E+00  0.775673144251580E+00
   0.775224411348189E+00  0.735470517264279E-03  0.775194898535310E+00
   0.154883762135064E+01  0.193151091056170E-04 -0.617198759247041E-03
   0.232433589971732E+01  0.774106436689476E+00 -0.869908111391490E-03
   0.154879558550880E+01  0.774999697397379E+00  0.775623189984581E+00
   0.232384386056319E+01 -0.881381544855219E-03  0.774296716372991E+00
   0.309844198005201E+01 -0.615517952601158E-03  0.655325295876070E-03
   0.387486550039167E+01  0.774529765703135E+00 -0.711357190206215E-03
   0.309998471840110E+01  0.775385803342482E+00  0.775032229959106E+00
   0.387426507007561E+01  0.487042422956195E-03  0.774980761622146E+00
   0.464978868504500E+01  0.854366839368381E-03 -0.350801822296759E-03
   0.542309064878720E+01  0.775499398203811E+00  0.156609484092576E-03
   0.464828046545931E+01  0.774254772509963E+00  0.775061269906311E+00
   0.542311176300914E+01 -0.662844862421107E-03  0.775520485331724E+00
   0.619754321529101E+01  0.602445807029042E-03 -0.560983680980186E-03
   0.697256205599888E+01  0.774069430787948E+00  0.278411998281633E-03
   0.619919412187777E+01  0.775421089621971E+00  0.774409579786735E+00
   0.697349858068745E+01 -0.175420034328847E-03  0.775512134274369E+00
  -0.932243764561722E-04  0.155004563991860E+01  0.158756885995837E-03
   0.775437576070363E+00  0.232422733978628E+01 -0.445941774803667E-03
   0.878363212322206E-03  0.232352611522243E+01  0.774641310225522E+00
   0.775064734323835E+00  0.154999788714480E+01  0.774855743763433E+00
   0.154937855117808E+01  0.154916086067960E+01  0.777148725396672E-03
   0.232489095651121E+01  0.232429838358956E+01 -0.195303259948423E-03
   0.154915318837361E+01  0.232369307117639E+01  0.774637935279990E+00
   0.232426726415686E+01  0.155015465236038E+01  0.775023872549519E+00
   0.309979659593375E+01  0.154954794492301E+01  0.697520334938106E-03
   0.387447170893925E+01  0.232538238871625E+01  0.398294782490018E-03
   0.309871961118146E+01  0.232446346503369E+01  0.774871185854905E+00
   0.387408935979173E+01  0.154881680781502E+01  0.775779760856425E+00
   0.464821371822787E+01  0.154886471305299E+01 -0.116549429731296E-03
   0.542309896348235E+01  0.232439627035187E+01 -0.975759146217363E-04
   0.464866740887819E+01  0.232454367071121E+01  0.774743121379636E+00
   0.542423892839547E+01  0.155041778447363E+01  0.774381742385721E+00
   0.619783213637584E+01  0.155050953449978E+01  0.813082481909147E-03
   0.697228749705996E+01  0.232528317475754E+01  0.420379234635773E-04
   0.619799024859300E+01  0.232535011813364E+01  0.774668934031158E+00
   0.697308220830221E+01  0.154929462009114E+01  0.774615366950561E+00
   0.524821178724753E-03  0.309927914245610E+01  0.992349395373677E-04
   0.775773150778382E+00  0.387374722918896E+01  0.796635549033288E-03
  -0.825894588959057E-03  0.387455345243713E+01  0.773958175102742E+00
   0.775047240652391E+00  0.309930481281670E+01  0.774033123986188E+00
   0.154969920314800E+01  0.310001474578718E+01  0.358248961316878E-03
   0.232503438897086E+01  0.387325264343841E+01  0.368763392131360E-03
   0.155024682127635E+01  0.387399329450847E+01  0.775676750065347E+00
   0.232396204650997E+01  0.309959393242579E+01  0.775423393788106E+00
   0.309986172176810E+01  0.309899459120610E+01 -0.918216395661901E-03
   0.387396562274662E+01  0.387371735876048E+01  0.780106691682554E-03
   0.309901555687728E+01  0.387407544619805E+01  0.774871438826782E+00
   0.387373914371393E+01  0.310011697361360E+01  0.774756341268243E+00
   0.464832655816835E+01  0.309884997336753E+01  0.456263893013271E-03
   0.542359656955633E+01  0.387434838518313E+01  0.483988228247656E-03
   0.464948824494860E+01  0.387443799303581E+01  0.774312840337018E+00
   0.542440057458311E+01  0.309982118381347E+01  0.774739944965471E+00
   0.619931575737213E+01  0.309932905562059E+01  0.387573245374331E-03
   0.697414513711616E+01  0.387419793867973E+01  0.903643419400312E-03
   0.619881024994698E+01  0.387473941970647E+01  0.774426477941164E+00
   0.697232734330870E+01  0.309933230176847E+01  0.774874687306462E+00
  -0.360707425419285E-03  0.464868812412089E+01  0.323717673886531E-03
   0.774915871383911E+00  0.542401879570726E+01  0.531927748897112E-03
  -0.224764047358251E-03  0.542438746634961E+01  0.774968171191489E+00
   0.773985045193216E+00  0.464917610187699E+01  0.775486103001322E+00
   0.154972773046207E+01  0.464935836631755E+01  0.671573059457742E-04
   0.232500970993065E+01  0.542377093065035E+01  0.276997095235444E-03
   0.154930377349058E+01  0.542283781645052E+01  0.774690540155268E+00
   0.232346446965172E+01  0.464944260676199E+01  0.774626799226984E+00
   0.309842332953224E+01  0.464905348936459E+01  0.372597019270305E-03
   0.387406352675405E+01  0.542426419216421E+01 -0.825086293629697E-03
   0.309931647774872E+01  0.542300772984444E+01  0.775130294459142E+00
   0.387382995157295E+01  0.464835861065633E+01  0.775104289108786E+00
   0.464801787656045E+01  0.464910394517171E+01  0.655340892825138E-03
   0.542387528525372E+01  0.542285070102672E+01  0.620756492372400E-03
   0.464933733867116E+01  0.542404454203719E+01  0.774465108553753E+00
   0.542377387233875E+01  0.464895864346952E+01  0.774531853838209E+00
   0.619929312426114E+01  0.464781383425196E+01 -0.228041668161272E-03
   0.697220969778468E+01  0.542340256489459E+01  0.428038345076214E-03
   0.619817281457229E+01  0.542415360358129E+01  0.774840387905355E+00
   0.697311379744245E+01  0.464864690066878E+01  0.773997135724992E+00
   0.961010944278160E-03  0.619816268153002E+01 -0.597423577932074E-03
   0.775445592333123E+00  0.697391906559992E+01  0.680392368852974E-03
  -0.543764204621255E-03  0.697235910324156E+01  0.773855317883083E+00
   0.775132854207461E+00  0.619797247063860E+01  0.774869382076856E+00
   0.154888924724359E+01  0.619923422619475E+01  0.186094128780565E-04
   0.232363410292493E+01  0.697227610513925E+01  0.934986735768235E-03
   0.154894983701423E+01  0.697333369244428E+01  0.774446173772490E+00
   0.232411128324762E+01  0.619805035314118E+01  0.774913488311665E+00
   0.309933687729877E+01  0.619771544686257E+01 -0.760453982725520E-03
   0.387424475319133E+01  0.697236100545910E+01 -0.718289410664716E-03
   0.309959732798088E+01  0.697286788333992E+01  0.773856225998045E+00
   0.387443422408593E+01  0.619796432133349E+01  0.774081838990957E+00
   0.464832922898723E+01  0.619840495404029E+01 -0.760829956441675E-03
   0.542288122831567E+01  0.697299369997939E+01 -0.228099613967364E-03
   0.464941183024987E+01  0.697337649262569E+01  0.774669049081304E+00
   0.542289238941366E+01  0.619757937813160E+01  0.773903180864521E+00
   0.619899112004033E+01  0.619818147175976E+01 -0.424055204162381E-04
   0.697411426822998E+01  0.697373149931896E+01  0.163763640827063E-03
   0.619867330254160E+01  0.697284849574033E+01  0.774268950679543E+00
   0.697314046656625E+01  0.619859086101622E+01  0.774964813713412E+00
  -0.633511239737951E-03 -0.165839915697430E-03  0.154876141592790E+01
   0.774209594676843E+00  0.775438908400200E+00  0.154922119662169E+01
   0.444149680238242E-03  0.774195107019667E+00  0.232419172722233E+01
   0.774323747822792E+00  0.705845867500621E-03  0.232463977388537E+01
   0.154877699820555E+01 -0.782789058047226E-04  0.154945000865192E+01
   0.232372205259302E+01  0.775508370313129E+00  0.154987378650991E+01
   0.154969493162550E+01  0.775245407118452E+00  0.232434527032691E+01
   0.232434238339990E+01 -0.130227607396084E-03  0.232528684168774E+01
   0.309943911337280E+01  0.452785902302597E-04  0.155000948334565E+01
   0.387474605775384E+01  0.774847945437422E+00  0.154902651006731E+01
   0.310004776843512E+01  0.774034735048895E+00  0.232530640167394E+01
   0.387418572778075E+01 -0.437608162245003E-03  0.232380795454737E+01
   0.464954600275729E+01  0.348866593385378E-03  0.155027184216850E+01
   0.542396294376508E+01  0.774340114312021E+00  0.155008369953796E+01
   0.464849552920212E+01  0.775038227455405E+00  0.232456798777493E+01
   0.542418274639791E+01 -0.450330615867970E-03  0.232440580053824E+01
   0.619789530346123E+01 -0.642542383031375E-04  0.154874359214375E+01
   0.697394664317428E+01  0.775231974639114E+00  0.154891432290587E+01
   0.619864401051291E+01  0.774384176827194E+00  0.232477413484167E+01
   0.697317020298249E+01  0.218339000086187E-03  0.232518815981335E+01
   0.501559834196781E-03  0.155019797490845E+01  0.155036765233403E+01
   0.774727315282940E+00  0.232491007371724E+01  0.154980047006012E+01
   0.859811241925900E-03  0.232342808467585E+01  0.232517058610962E+01
   0.773851069439417E+00  0.154877820784438E+01  0.232351666248908E+01
   0.154875676654582E+01  0.154913457108253E+01  0.154897200793179E+01
   0.232406439729335E+01  0.232449159467554E+01  0.154873628083852E+01
   0.154970944797580E+01  0.232528372884038E+01  0.232400926656013E+01
   0.232422031782318E+01  0.154982050393987E+01  0.232473548727409E+01
   0.309879762239860E+01  0.154872394847377E+01  0.154951970893377E+01
   0.387324914082354E+01  0.232371367532624E+01  0.155009412124899E+01
   0.309871628816885E+01  0.232423624736065E+01  0.232408103322398E+01
   0.387302132818878E+01  0.154987754586295E+01  0.232445829973685E+01
   0.464915043096201E+01  0.154964931585963E+01  0.155030859989903E+01
   0.542287295381420E+01  0.232532051761788E+01  0.154927991013191E+01
   0.464958563350717E+01  0.232410299150946E+01  0.232519372255550E+01
   0.542355306751929E+01  0.154894230542717E+01  0.232527918590073E+01
   0.619745165204026E+01  0.154891993405796E+01  0.154999572618318E+01
   0.697253046257778E+01  0.232417649652171E+01  0.155033422939070E+01
   0.619762312023772E+01  0.232472659046723E+01  0.232474452404142E+01
   0.697404070031799E+01  0.154973054009544E+01  0.232371998218341E+01
  -0.572521730172851E-03  0.309846915017903E+01  0.154966028645362E+01
   0.775499909007142E+00  0.387428338005431E+01  0.155046241452482E+01
   0.527070278443168E-03  0.387465854525777E+01  0.232436273932830E+01
   0.774716226813020E+00  0.309970132163011E+01  0.232499119897462E+01
   0.155023291568966E+01  0.310000711395960E+01  0.154897018848110E+01
   0.232449292007758E+01  0.387478045486367E+01  0.154894728497986E+01
   0.154989334759161E+01  0.387467557374689E+01  0.232461844624225E+01
   0.232371707932986E+01  0.309934179792895E+01  0.232420989192936E+01
   0.309929674469050E+01  0.309987552695725E+01  0.155045460232350E+01
   0.387393824925766E+01  0.387447774241058E+01  0.155035746895423E+01
   0.309915919478864E+01  0.387468101143536E+01  0.232418161964953E+01
   0.387452328632420E+01  0.309971324424309E+01  0.232367881753526E+01
   0.464957165138504E+01  0.309936935846322E+01  0.154922822113693E+01
   0.542309776992824E+01  0.387305817079076E+01  0.154894454066510E+01
   0.464883988679684E+01  0.387323149538846E+01  0.232387415976116E+01
   0.542293169619335E+01  0.309976855409912E+01  0.232354389936137E+01
   0.619793993739711E+01  0.309897294948010E+01  0.154963881101714E+01
   0.697409433702661E+01  0.387415537242293E+01  0.154941165189096E+01
   0.619752584177218E+01  0.387412113692485E+01  0.232508915636267E+01
   0.697359518442458E+01  0.309959046030974E+01  0.232485628748039E+01
  -0.622560512082663E-03  0.464820813120269E+01  0.155053387931020E+01
   0.775467808850106E+00  0.542293904384550E+01  0.154874199575725E+01
  -0.656019232773882E-03  0.542270440198220E+01  0.232450178012511E+01
   0.774723662729110E+00  0.464783796501712E+01  0.232376194608796E+01
   0.155040662970440E+01  0.464907507160404E+01  0.154949646990940E+01
   0.232348700464869E+01  0.542309994241247E+01  0.155010704736513E+01
   0.154935019755815E+01  0.542328230060821E+01  0.232392346078311E+01
   0.232522586184852E+01  0.464791787328085E+01  0.232394825118995E+01
   0.309822588753970E+01  0.464942409422556E+01  0.154989720630738E+01
   0.387392139165329E+01  0.542368418232879E+01  0.155042410865763E+01
   0.310008879228322E+01  0.542390094397830E+01  0.232506924254922E+01
   0.387374515348060E+01  0.464817857438209E+01  0.232402194989644E+01
   0.464869579030943E+01  0.464925295878886E+01  0.155008931841973E+01
   0.542370689389401E+01  0.542356376299756E+01  0.155051586494206E+01
   0.464953106386005E+01  0.542297515426197E+01  0.232415445802212E+01
   0.542295979100185E+01  0.464815263004152E+01  0.232478862377064E+01
   0.619770879719326E+01  0.464811959219100E+01  0.154953102933231E+01
   0.697346089443535E+01  0.542260396713423E+01  0.155056251162291E+01
   0.619931392879965E+01  0.542392061684991E+01  0.232374776438233E+01
   0.697397914512859E+01  0.464933187804228E+01  0.232490389834018E+01
   0.764509074084297E-03  0.619926343400075E+01  0.154939063319041E+01
   0.775704847225809E+00  0.697280538096526E+01  0.154951682415640E+01
   0.968784550111389E-03  0.697398318330221E+01  0.232518059059060E+01
   0.775459944511008E+00  0.619915042390067E+01  0.232452654496858E+01
   0.155008307013368E+01  0.619851678445208E+01  0.154877616341805E+01
   0.232348793050114E+01  0.697243484526106E+01  0.154956347479189E+01
   0.154889237165545E+01  0.697409530955624E+01  0.232519391885001E+01
   0.232485479164570E+01  0.619866882371063E+01  0.232464602844410E+01
   0.309893740733711E+01  0.619752779029149E+01  0.154872942198812E+01
   0.387388320043945E+01  0.697278318940365E+01  0.154953225006485E+01
   0.309944487682713E+01  0.697324969621198E+01  0.232451839827459E+01
   0.387428661104340E+01  0.619906479616829E+01  0.232520834563570E+01
   0.464956106296059E+01  0.619853363402602E+01  0.155042554968622E+01
   0.542415517225349E+01  0.697224614791191E+01  0.154943545586392E+01
   0.464834137467049E+01  0.697334744583537E+01  0.232528798576452E+01
   0.542264298671366E+01  0.619823297571469E+01  0.232367009282585E+01
   0.619776720217096E+01  0.619780915222078E+01  0.154968910641964E+01
   0.697277015477097E+01  0.697369550388594E+01  0.154902657972213E+01
   0.619932519683950E+01  0.697368966490782E+01  0.232378102216902E+01
   0.697266367628472E+01  0.619893711655781E+01  0.232520440737218E+01
   0.545847008848339E-03 -0.804691239141539E-03  0.309885110576350E+01
   0.774671839129226E+00  0.774276222390737E+00  0.309986486548740E+01
   0.727834783755258E-03  0.775202255650201E+00  0.387390842637518E+01
   0.773936440849891E+00 -0.427264169532715E-03  0.387351660370078E+01
   0.154956384953343E+01 -0.962910177237497E-04  0.309945468909165E+01
   0.232392749838747E+01  0.775315617036686E+00  0.309844471662670E+01
   0.154949822854445E+01  0.774566551047684E+00  0.387499605120340E+01
   0.232344910053230E+01  0.716870287039442E-03  0.387484262811636E+01
   0.309894418923889E+01 -0.695178889754916E-03  0.309876429845426E+01
   0.387426681049761E+01  0.775175852543128E+00  0.309885644022186E+01
   0.309853856017098E+01  0.774742216206852E+00  0.387410445970765E+01
   0.387319260844583E+01 -0.747556418019065E-03  0.387469952436264E+01
   0.464851236762841E+01  0.946091777589078E-03  0.309993379727678E+01
   0.542305574796670E+01  0.775791473784417E+00  0.309955041679113E+01
   0.464951973602120E+01  0.775183128017316E+00  0.387398984639251E+01
   0.542451071085731E+01 -0.566420618957166E-03  0.387376842204950E+01
   0.619908887005151E+01  0.522879206939734E-03  0.309824358417944E+01
   0.697230110605735E+01  0.775764175799954E+00  0.309995066021447E+01
   0.619931326782663E+01  0.775034648421143E+00  0.387495859800086E+01
   0.697249807807390E+01  0.773027012742062E-03  0.387427974439377E+01
  -0.151907381338042E-03  0.154970989202337E+01  0.309830297575130E+01
   0.775192124711279E+00  0.232430056906995E+01  0.309868864960517E+01
   0.488290044556146E-03  0.232428112870561E+01  0.387473262519249E+01
   0.774554313748693E+00  0.154992956717992E+01  0.387389108745955E+01
   0.155009452176567E+01  0.154960909689798E+01  0.309866937669853E+01
   0.232350315061927E+01  0.232511056739501E+01  0.309901218442522E+01
   0.154938906661907E+01  0.232506781647502E+01  0.387328194160315E+01
   0.232499263648106E+01  0.155009206191749E+01  0.387490257799459E+01
   0.309923409901361E+01  0.154981982215028E+01  0.309973603713862E+01
   0.387347302449414E+01  0.232364592975943E+01  0.309920462112575E+01
   0.310008008700517E+01  0.232536838107468E+01  0.387348596834330E+01
   0.387300747666763E+01  0.155003656272420E+01  0.387319873976546E+01
   0.464877681000892E+01  0.154869230474668E+01  0.309884776180207E+01
   0.542392791166367E+01  0.232458784188363E+01  0.309867206931458E+01
   0.464974674760368E+01  0.232529275454167E+01  0.387430716265359E+01
   0.542381104018810E+01  0.154961607211886E+01  0.387327831260095E+01
   0.619863632775890E+01  0.155018600642789E+01  0.310012537477983E+01
   0.697307094747555E+01  0.232354697623557E+01  0.309962289875473E+01
   0.619906312540367E+01  0.232474616706611E+01  0.387339027588988E+01
   0.697237669779452E+01  0.154956888272567E+01  0.387487121181473E+01
   0.621675572022013E-03  0.309930839958696E+01  0.309978381459297E+01
   0.775108690250769E+00  0.387375482540140E+01  0.309921959654390E+01
  -0.908362218796359E-03  0.387307655733411E+01  0.387366108354271E+01
   0.773938372608721E+00  0.310004532865576E+01  0.387426214003563E+01
   0.155014370747474E+01  0.309844279017470E+01  0.309951909002237E+01
   0.232441766204248E+01  0.387302022407925E+01  0.309998127893426E+01
   0.154968593744918E+01  0.387423291645006E+01  0.387340586059248E+01
   0.232424061947437E+01  0.309883022176149E+01  0.387452809060636E+01
   0.309950397483617E+01  0.309985280297304E+01  0.309911468649330E+01
   0.387483919794035E+01  0.387323867642681E+01  0.309902434917429E+01
   0.309881580205334E+01  0.387497041366198E+01  0.387444954425817E+01
   0.387398495889166E+01  0.309920007885250E+01  0.387476984427651E+01
   0.464828600156740E+01  0.309834008277622E+01  0.309964325859086E+01
   0.542289109254103E+01  0.387399094704031E+01  0.309854878486912E+01
   0.464903296707653E+01  0.387430112447160E+01  0.387371454817354E+01
   0.542402979471324E+01  0.309962595393211E+01  0.387433206582837E+01
   0.619843591369770E+01  0.309980943288693E+01  0.310003757931312E+01
   0.697242838738126E+01  0.387476423008586E+01  0.309889677251337E+01
   0.619824563590491E+01  0.387332836013505E+01  0.387427450615755E+01
   0.697389348781808E+01  0.309985959155076E+01  0.387333760303742E+01
   0.482510139401664E-03  0.464820922106424E+01  0.309888085832732E+01
   0.775407416195640E+00  0.542454548802953E+01  0.309979912755774E+01
  -0.603558567620774E-03  0.542265220614074E+01  0.387474419837249E+01
   0.774389132174110E+00  0.464946912553837E+01  0.387376186460641E+01
   0.155039300878034E+01  0.464843893182218E+01  0.309853351783116E+01
   0.232388331008077E+01  0.542410127799757E+01  0.309920252547948E+01
   0.154911699317725E+01  0.542320660330071E+01  0.387477831802973E+01
   0.232378244598743E+01  0.464808143738082E+01  0.387465755356961E+01
   0.309927794862418E+01  0.464820168595240E+01  0.309862827043357E+01
   0.387354362668527E+01  0.542368468465777E+01  0.309871608267688E+01
   0.310011142652679E+01  0.542357038475726E+01  0.387308416015236E+01
   0.387350399102350E+01  0.464806487651056E+01  0.387363157759354E+01
   0.464949925538106E+01  0.464806403599677E+01  0.309913608204615E+01
   0.542369167065061E+01  0.542307420984339E+01  0.309975914147213E+01
   0.464915220050853E+01  0.542342276430823E+01  0.387399758205411E+01
   0.542373965144334E+01  0.464804576234203E+01  0.387391684579204E+01
   0.619842927544610E+01  0.464959033177179E+01  0.309894281879970E+01
   0.697303981707855E+01  0.542330642908070E+01  0.309870647812134E+01
   0.619853273039507E+01  0.542293726277197E+01  0.387431258515354E+01
   0.697261580514375E+01  0.464904624741667E+01  0.387359144247842E+01
   0.699444181591825E-03  0.619815609298764E+01  0.309911811683820E+01
   0.773917610612580E+00  0.697364672078209E+01  0.309907140456625E+01
   0.363499827204459E-03  0.697220069093863E+01  0.387340507379456E+01
   0.774816984042387E+00  0.619834181082593E+01  0.387426083056921E+01
   0.155015312642871E+01  0.619918686712703E+01  0.309925588119601E+01
   0.232406018905902E+01  0.697343173337550E+01  0.309962410213461E+01
   0.154900289283224E+01  0.697358457227928E+01  0.387405187269226E+01
   0.232452798575121E+01  0.619889693973877E+01  0.387489555893604E+01
   0.309888235687412E+01  0.619891275219805E+01  0.309921934586620E+01
   0.387445750004102E+01  0.697299777724948E+01  0.310014667214964E+01
   0.309969690891322E+01  0.697290545325192E+01  0.387440432891420E+01
   0.387438980721632E+01  0.619808658084954E+01  0.387373267876524E+01
   0.464815619647712E+01  0.619803009260490E+01  0.309923491289242E+01
   0.542421047567414E+01  0.697299666875652E+01  0.309925385893195E+01
   0.464827068293603E+01  0.697342589345825E+01  0.387484499781614E+01
   0.542318286523035E+01  0.619824218968494E+01  0.387448537888906E+01
   0.619883354031235E+01  0.619921713136871E+01  0.309882561457638E+01
   0.697299197020114E+01  0.697396576969937E+01  0.309884695732961E+01
   0.619914963442022E+01  0.697276494791665E+01  0.387349961901568E+01
   0.697332743269001E+01  0.619829392999318E+01  0.387400606222745E+01
   0.328863206743490E-03  0.947714493528566E-04  0.464884191044258E+01
   0.774730263768891E+00  0.774804069524172E+00  0.464944863609867E+01
   0.206101246370567E-03  0.774551540916055E+00  0.542427945692379E+01
   0.775485798303520E+00  0.891069571559877E-03  0.542447897761708E+01
   0.154960807974841E+01 -0.620083480435647E-04  0.464960705097773E+01
   0.232511240552246E+01  0.773831403405514E+00  0.464874996422065E+01
   0.155051678425882E+01  0.775443820875365E+00  0.542329758756304E+01
   0.232441767232075E+01 -0.777074638226856E-03  0.542428474509883E+01
   0.310009765146862E+01  0.586884505834383E-03  0.464893785857105E+01
   0.387424413389904E+01  0.774067909257912E+00  0.464925760904738E+01
   0.309824295877737E+01  0.775633121241912E+00  0.542396491384669E+01
   0.387409071030926E+01  0.115265225456432E-03  0.542409241020948E+01
   0.464865424105936E+01  0.982984970532580E-03  0.464901541096979E+01
   0.542325914152321E+01  0.775515268802893E+00  0.464781993994908E+01
   0.464888782367678E+01  0.775633334801118E+00  0.542407122701618E+01
   0.542290493048056E+01 -0.626310394057209E-03  0.542449844686665E+01
   0.619867935359882E+01 -0.449650180840505E-03  0.464792839956974E+01
   0.697371682731771E+01  0.773995232493761E+00  0.464838776314190E+01
   0.619878506406976E+01  0.775097981207245E+00  0.542300639080898E+01
   0.697351105132732E+01 -0.120138590665984E-03  0.542367032574111E+01
   0.650512275998807E-03  0.154979930890297E+01  0.464963553344692E+01
   0.775053938582494E+00  0.232428310535222E+01  0.464867818678489E+01
  -0.850202101772596E-03  0.232471480669256E+01  0.542445072409916E+01
   0.774717774505753E+00  0.154948899905598E+01  0.542437151787706E+01
   0.154998435333044E+01  0.154918524673925E+01  0.464934520081769E+01
   0.232407809549579E+01  0.232414028962579E+01  0.464952707034439E+01
   0.154966888854493E+01  0.232424983273528E+01  0.542345044570753E+01
   0.232353890811883E+01  0.155019738603430E+01  0.542430412444659E+01
   0.309918469859246E+01  0.155017470755804E+01  0.464942046791498E+01
   0.387417519221606E+01  0.232482888362623E+01  0.464888503172318E+01
   0.309911991675567E+01  0.232437790032819E+01  0.542388823697113E+01
   0.387318822956808E+01  0.155052901049784E+01  0.542358985483340E+01
   0.464931392293261E+01  0.154902516870164E+01  0.464849643854489E+01
   0.542337449168950E+01  0.232498530210455E+01  0.464950189082527E+01
   0.464955413089098E+01  0.232440270495196E+01  0.542274274800464E+01
   0.542282579763556E+01  0.154975079666979E+01  0.542445946420444E+01
   0.619870322589205E+01  0.155029279335351E+01  0.464938389184815E+01
   0.697332808636077E+01  0.232368241659869E+01  0.464912667778096E+01
   0.619767600117491E+01  0.232442554738384E+01  0.542286958713164E+01
   0.697223473531446E+01  0.154886516332721E+01  0.542413780331606E+01
   0.450240792883287E-03  0.309957503186872E+01  0.464845379781853E+01
   0.774065971551795E+00  0.387469850863277E+01  0.464926791896756E+01
  -0.868490276502489E-03  0.387483947380532E+01  0.542320086842485E+01
   0.774388027505043E+00  0.309992226464735E+01  0.542444508172914E+01
   0.154933915232474E+01  0.309928357417923E+01  0.464927599981473E+01
   0.232440391286766E+01  0.387488900510975E+01  0.464799323095848E+01
   0.155057082291148E+01  0.387374070898572E+01  0.542267687415290E+01
   0.232387309240451E+01  0.309835572640264E+01  0.542339017891632E+01
   0.309929311953903E+01  0.309973864568512E+01  0.464808918112114E+01
   0.387414084010810E+01  0.387422195623565E+01  0.464931418484850E+01
   0.309836295539124E+01  0.387370054459326E+01  0.542438421614322E+01
   0.387346372682438E+01  0.309955227017782E+01  0.542431953327832E+01
   0.464941481079986E+01  0.309873568169446E+01  0.464817492755868E+01
   0.542389184219815E+01  0.387323603044009E+01  0.464875240309691E+01
   0.464843017725322E+01  0.387331996863042E+01  0.542353894366309E+01
   0.542408071059545E+01  0.309843532645356E+01  0.542272316761150E+01
   0.619827556001693E+01  0.309938429584273E+01  0.464930130647253E+01
   0.697248506312909E+01  0.387465790453499E+01  0.464809310834069E+01
   0.619804562559841E+01  0.387440074539959E+01  0.542379414167083E+01
   0.697373389204629E+01  0.309867236386927E+01  0.542415272309474E+01
  -0.417346415437491E-03  0.464917412917884E+01  0.464845294273367E+01
   0.773889834468740E+00  0.542263136108946E+01  0.464833277733222E+01
  -0.782609107748018E-03  0.542293385562942E+01  0.542395517951740E+01
   0.774850044567852E+00  0.464926379053920E+01  0.542299342944092E+01
   0.155037905657123E+01  0.464974325545700E+01  0.464833783320047E+01
   0.232475004588366E+01  0.542344804356149E+01  0.464846036391862E+01
   0.154906463831229E+01  0.542432259413392E+01  0.542348461614777E+01
   0.232435471049391E+01  0.464930338589091E+01  0.542412739829767E+01
   0.310005687067374E+01  0.464953827228646E+01  0.464837797639533E+01
   0.387308475589837E+01  0.542384073958280E+01  0.464860510048104E+01
   0.309838177591892E+01  0.542447481788103E+01  0.542407835225011E+01
   0.387393568494919E+01  0.464936872344584E+01  0.542378861302341E+01
   0.464838743362370E+01  0.464809532127707E+01  0.464802516854999E+01
   0.542378738284756E+01  0.542292985825827E+01  0.464867860794268E+01
   0.464929259117896E+01  0.542265415042408E+01  0.542338279357421E+01
   0.542322636198127E+01  0.464958961618542E+01  0.542404968547729E+01
   0.619934430842980E+01  0.464815997764377E+01  0.464851757855166E+01
   0.697359112412938E+01  0.542452211165506E+01  0.464819716729875E+01
   0.619871810311140E+01  0.542402651069308E+01  0.542452198847610E+01
   0.697265792370561E+01  0.464852395340863E+01  0.542313114995552E+01
   0.733737787007919E-03  0.619785015551875E+01  0.464954107640214E+01
   0.774222656407002E+00  0.697352577878423E+01  0.464789729282228E+01
   0.545789060062998E-03  0.697281452667752E+01  0.542404134347090E+01
   0.774868247959253E+00  0.619899087506670E+01  0.542275264487632E+01
   0.154956476842153E+01  0.619797452581374E+01  0.464895305416467E+01
   0.232470087389895E+01  0.697223818103516E+01  0.464821895573245E+01
   0.154895057494082E+01  0.697270104051973E+01  0.542365776588886E+01
   0.232468885498607E+01  0.619776204075596E+01  0.542351434718144E+01
   0.309989140143534E+01  0.619791952285946E+01  0.464829075963485E+01
   0.387467827273289E+01  0.697285979784423E+01  0.464899528454195E+01
   0.310014309467339E+01  0.697236768817088E+01  0.542374495376474E+01
   0.387496271323572E+01  0.619913517327123E+01  0.542298562140061E+01
   0.464874235552832E+01  0.619906701115227E+01  0.464938593091324E+01
   0.542285845526180E+01  0.697255725589762E+01  0.464892518554484E+01
   0.464842888862286E+01  0.697339799524913E+01  0.542272916773900E+01
   0.542421746872125E+01  0.619807867337574E+01  0.542364038209643E+01
   0.619802870509688E+01  0.619807257578866E+01  0.464893051161622E+01
   0.697376928419890E+01  0.697394240402511E+01  0.464936202103524E+01
   0.619854185785276E+01  0.697234020449719E+01  0.542347573607370E+01
   0.697301084201352E+01  0.619765872173520E+01  0.542452096874151E+01
  -0.223683512905009E-03  0.573586997324150E-03  0.619914347717847E+01
   0.774249182500547E+00  0.774426250030415E+00  0.619881795223386E+01
  -0.259398401442944E-03  0.774030724422364E+00  0.697413863399276E+01
   0.774219954180426E+00 -0.719076926768855E-03  0.697242201144678E+01
   0.154979200823457E+01 -0.912429348247661E-03  0.619901178764756E+01
   0.232438770470761E+01  0.774862559506699E+00  0.619754995676512E+01
   0.155057049501418E+01  0.773998326149751E+00  0.697265117060803E+01
   0.232340630693549E+01  0.926130688883496E-03  0.697392713614259E+01
   0.309856057718797E+01 -0.212134958799946E-03  0.619803323518695E+01
   0.387491842928571E+01  0.774303458255754E+00  0.619807090419077E+01
   0.309895337325457E+01  0.774885365257880E+00  0.697293704092063E+01
   0.387417568171916E+01 -0.459134435738105E-03  0.697257837853548E+01
   0.464826587653931E+01 -0.347565437352653E-03  0.619783367269903E+01
   0.542382346415550E+01  0.775727738010644E+00  0.619800480360347E+01
   0.464947075428319E+01  0.775093862296852E+00  0.697275486271370E+01
   0.542380386161596E+01 -0.750404840248010E-03  0.697402264974559E+01
   0.619835156712111E+01  0.334833056372920E-03  0.619801395256699E+01
   0.697294581749704E+01  0.774266441851244E+00  0.619767109245590E+01
   0.619835311294882E+01  0.775137522906165E+00  0.697323241557349E+01
   0.697289229492339E+01 -0.424260425536439E-03  0.697324305235491E+01
   0.375567457893655E-03  0.154907939766463E+01  0.619857403004365E+01
   0.775430959670551E+00  0.232507079794299E+01  0.619875859194595E+01
  -0.571040534487306E-03  0.232500817219151E+01  0.697334283215508E+01
   0.774837090797395E+00  0.154890949032412E+01  0.697379490341324E+01
   0.154971447599530E+01  0.155051344447543E+01  0.619872486112252E+01
   0.232412504462291E+01  0.232473575508866E+01  0.619775470579426E+01
   0.154873372267392E+01  0.232500786421085E+01  0.697407049519766E+01
   0.232413816569419E+01  0.154975081462208E+01  0.697280793557762E+01
   0.309873836826156E+01  0.155016974512506E+01  0.619755508856605E+01
   0.387364007847243E+01  0.232539747010619E+01  0.619747074023931E+01
   0.309917349311018E+01  0.232366195345273E+01  0.697339609397953E+01
   0.387399601414944E+01  0.154869602203323E+01  0.697344856183665E+01
   0.464932091808882E+01  0.155000269544977E+01  0.619795473297825E+01
   0.542406504813360E+01  0.232503467866467E+01  0.619758434530639E+01
   0.464865572251837E+01  0.232346118481618E+01  0.697262896554187E+01
   0.542336612616438E+01  0.154927550781986E+01  0.697397641349981E+01
   0.619892606158762E+01  0.154936995796831E+01  0.619798443404921E+01
   0.697385607512968E+01  0.232482547511334E+01  0.619744405010530E+01
   0.619848741473271E+01  0.232526720775663E+01  0.697361365409018E+01
   0.697271116354437E+01  0.154943793056141E+01  0.697361702278270E+01
  -0.997413316223924E-03  0.309831166797380E+01  0.619879241484741E+01
   0.774865357265587E+00  0.387462516948645E+01  0.619765906550732E+01
  -0.929455832980046E-03  0.387418394216637E+01  0.697375077268946E+01
   0.774193281009171E+00  0.309934628731655E+01  0.697362722779916E+01
   0.155025082510989E+01  0.309958528105964E+01  0.619931525677318E+01
   0.232489411041953E+01  0.387413593314544E+01  0.619820648047699E+01
   0.155019560609492E+01  0.387438424501162E+01  0.697305315752565E+01
   0.232490796216051E+01  0.309827445564932E+01  0.697379660674659E+01
   0.309848411953780E+01  0.309830515656876E+01  0.619887149028535E+01
   0.387307783614264E+01  0.387300673314962E+01  0.619852223070995E+01
   0.309994848002966E+01  0.387416688310876E+01  0.697289309956370E+01
   0.387462171399717E+01  0.309856266463762E+01  0.697222192979129E+01
   0.464796142867132E+01  0.309890703520755E+01  0.619852329422110E+01
   0.542286876389340E+01  0.387301029620747E+01  0.619923482461440E+01
   0.464833206875451E+01  0.387430068007927E+01  0.697310720359036E+01
   0.542404920978210E+01  0.309895997764639E+01  0.697274122830597E+01
   0.619892246809115E+01  0.309994743256062E+01  0.619770645080357E+01
   0.697225112638310E+01  0.387396499957963E+01  0.619885929750075E+01
   0.619768595570267E+01  0.387475107072154E+01  0.697362953538791E+01
   0.697314746989466E+01  0.309861096204062E+01  0.697389084123982E+01
  -0.645659230625127E-03  0.464917927285928E+01  0.619746873807075E+01
   0.775317833805514E+00  0.542271496785117E+01  0.619772067627959E+01
   0.911818756871125E-03  0.542408381051363E+01  0.697285769081416E+01
   0.774198326508512E+00  0.464937480885841E+01  0.697339382720684E+01
   0.154882642947152E+01  0.464942699028164E+01  0.619793789201603E+01
   0.232378733428310E+01  0.542303700356618E+01  0.619760327497814E+01
   0.155051145025677E+01  0.542319295742867E+01  0.697394370708381E+01
   0.232490620551924E+01  0.464830412136206E+01  0.697265821768842E+01
   0.309845249441726E+01  0.464881733177031E+01  0.619780386101007E+01
   0.387348486416340E+01  0.542348642747858E+01  0.619797299017844E+01
   0.309968457517936E+01  0.542274853566245E+01  0.697357793077558E+01
   0.387477474185839E+01  0.464803334508957E+01  0.697326754490409E+01
   0.464865778288764E+01  0.464903218857816E+01  0.619754702121139E+01
   0.542320426728594E+01  0.542305333608756E+01  0.619757568198605E+01
   0.464817271775975E+01  0.542413154369985E+01  0.697395346841916E+01
   0.542368714115826E+01  0.464884212276491E+01  0.697400795126286E+01
   0.619890178310806E+01  0.464795429605208E+01  0.619807828384334E+01
   0.697301546828920E+01  0.542288774955363E+01  0.619810380618284E+01
   0.619908066993466E+01  0.542356407594462E+01  0.697340062528740E+01
   0.697339674639654E+01  0.464819904229948E+01  0.697324014243498E+01
  -0.870206036704456E-03  0.619901903301285E+01  0.619893819516813E+01
   0.774899887822915E+00  0.697299838392279E+01  0.619814571090900E+01
  -0.267108470907835E-03  0.697363405187968E+01  0.697315823717311E+01
   0.773838134370072E+00  0.619778922515342E+01  0.697269353768655E+01
   0.154947397658408E+01  0.619924009088230E+01  0.619868053330361E+01
   0.232538031772298E+01  0.697406647456566E+01  0.619759833070486E+01
   0.155055266838980E+01  0.697332267363959E+01  0.697240836727060E+01
   0.232493079626592E+01  0.619884260895455E+01  0.697279726739898E+01
   0.309910419388940E+01  0.619821924479876E+01  0.619806224631953E+01
   0.387443058421526E+01  0.697300891074783E+01  0.619855465213704E+01
   0.309966923642486E+01  0.697235094053212E+01  0.697289504999448E+01
   0.387340659218255E+01  0.619747788557166E+01  0.697400460476268E+01
   0.464790860047748E+01  0.619919790278576E+01  0.619927836479182E+01
   0.542339339703549E+01  0.697325339003087E+01  0.619800024628632E+01
   0.464859896954488E+01  0.697398373643287E+01  0.697282637464743E+01
   0.542375829937454E+01  0.619813900609125E+01  0.697329817805625E+01
   0.619835643972267E+01  0.619866308252535E+01  0.619926217244909E+01
   0.697235124688426E+01  0.697372459490012E+01  0.619787172948272E+01
   0.619809001567931E+01  0.697307220357312E+01  0.697417847968290E+01
   0.697346596240081E+01  0.619833207631928E+01  0.697395581582439E+01
