% F    864  0.929760000000000E+01  0.929760000000000E+01  0.929760000000000E+01
  -0.624208020207218E-03 -0.306512523479081E-03  0.268463586149291E-03
   0.773936059524013E+00  0.774169869819112E+00 -0.721861930751200E-04
  -0.871995300943297E-03  0.774653050346400E+00  0.774830135181174E+00
   0.773848768816841E+00 -0.107652147639757E-03  0.774231449398872E+00
   0.154995038081217E+01  0.812921915005646E-03  0.243837376845847E-03
   0.232393688669122E+01  0.774853244121586E+00 -0.725044750092135E-03
   0.155038275858921E+01  0.773880604330119E+00  0.774733140898589E+00
   0.232372124025251E+01 -0.869462694028554E-03  0.774672452508543E+00
   0.309909333980812E+01  0.923263466463517E-03 -0.214676372150856E-03
   0.387395494610316E+01  0.775127887604312E+00  0.835459818825030E-03
   0.309944085871812E+01  0.774772091320459E+00  0.774941281185656E+00
   0.387300963489543E+01 -0.923160041940732E-03  0.775332014469044E+00
   0.464891166428985E+01 -0.164513273102703E-03 -0.596446088913966E-03
   0.542316456750748E+01  0.774503075321960E+00 -0.710603573810631E-03
   0.464885291697624E+01  0.774851793016671E+00  0.773803393641915E+00
   0.542270726843886E+01  0.780032741973453E-03  0.774249445587671E+00
   0.619862320896084E+01 -0.929745927017001E-06  0.401054643627478E-03
   0.697258426704847E+01  0.775797670655926E+00  0.245483814111269E-03
   0.619778426760381E+01  0.774691191350042E+00  0.774321698731594E+00
   0.697222452591196E+01  0.556415677786698E-03  0.774232171695333E+00
   0.774762317917886E+01  0.801022774663570E-03  0.120625666752139E-03
   0.852256463466738E+01  0.773892848475359E+00 -0.703336117975751E-03
   0.774811532423607E+01  0.774374229738010E+00  0.774536462416020E+00
   0.852305696333538E+01  0.222466838164805E-03  0.774598203298459E+00
  -0.676755829734168E-03  0.154902656532481E+01  0.205698698669520E-03
   0.774487887190221E+00  0.232355569807397E+01 -0.269093808624258E-03
   0.956541608258673E-03  0.232485345116810E+01  0.774918812305383E+00
   0.774442296170831E+00  0.154967070394877E+01  0.775276298660916E+00
   0.154992253737715E+01  0.154886059581971E+01  0.573596214374595E-03
   0.232457108243428E+01  0.232467816786544E+01 -0.360971684840578E-03
   0.155052969396419E+01  0.232463810758914E+01  0.773820603262602E+00
   0.232421113809689E+01  0.154864961596462E+01  0.775781581696046E+00
   0.310013069685208E+01  0.154879959618448E+01 -0.947958550044054E-03
   0.387471418183289E+01  0.232353308465304E+01  0.612503487071163E-04
   0.309835778804837E+01  0.232355014105525E+01  0.774236253715771E+00
   0.387407710432458E+01  0.154951614276816E+01  0.775604461899313E+00
   0.464919576605670E+01  0.154975753749679E+01  0.529254217688674E-03
   0.542423803870368E+01  0.232436501148592E+01 -0.562077101920878E-03
   0.464811465254211E+01  0.232359104732664E+01  0.774586205545635E+00
   0.542454700655383E+01  0.155047972858405E+01  0.775205932666779E+00
   0.619783858013540E+01  0.154947624223724E+01  0.389110153767611E-03
   0.697331204328289E+01  0.232414315215653E+01 -0.281111587496316E-03
   0.619917904918749E+01  0.232534158261027E+01  0.775138856087591E+00
   0.697311549522710E+01  0.155038339294256E+01  0.775233053079801E+00
   0.774834834061680E+01  0.154931582690833E+01  0.704841280124953E-03
   0.852328674364067E+01  0.232459196296964E+01 -0.865578805938352E-03
   0.774793289134595E+01  0.232468715594835E+01  0.774738694801524E+00
   0.852289335149620E+01  0.154979660955187E+01  0.774487298102756E+00
  -0.671468043812782E-04  0.309932489828699E+01 -0.759164509192505E-04
   0.775009696563890E+00  0.387373103676383E+01  0.693076404660995E-03
  -0.105303691072449E-03  0.387316231503322E+01  0.774491594185251E+00
   0.775370942406135E+00  0.309909898830522E+01  0.775343660422695E+00
   0.154964466513620E+01  0.309977375310265E+01  0.649132219372096E-03
   0.232459613978513E+01  0.387391943757943E+01  0.419475695408781E-03
   0.154978923242817E+01  0.387497171415291E+01  0.773981241579055E+00
   0.232382149886527E+01  0.309902394109268E+01  0.775532759076241E+00
   0.309946938292509E+01  0.309967420278245E+01  0.325129363108937E-03
   0.387361012730684E+01  0.387381152057033E+01  0.471229762769759E-03
   0.310013748428721E+01  0.387428577805713E+01  0.775289088119139E+00
   0.387307357798811E+01  0.309937429701767E+01  0.774284740785568E+00
   0.464949689128781E+01  0.309863816164690E+01  0.679300415426398E-03
   0.542412171459704E+01  0.387465957579449E+01  0.762948919673157E-03
   0.464949431416941E+01  0.387360560220242E+01  0.775557574539568E+00
   0.542336907255923E+01  0.309851095188263E+01  0.775403127252779E+00
   0.619781232831676E+01  0.309901939944242E+01 -0.510187096584800E-03
   0.697389292652872E+01  0.387419304736707E+01 -0.709510033189965E-03
   0.619743312505185E+01  0.387402819927667E+01  0.773827698604475E+00
   0.697287982402048E+01  0.309954228990499E+01  0.775303406345753E+00
   0.774813191950363E+01  0.309864783366680E+01 -0.711229205480715E-03
   0.852192964789665E+01  0.387423898303482E+01 -0.316685706835687E-03
   0.774888699943640E+01  0.387330841690026E+01  0.774713435725105E+00
   0.852204420684483E+01  0.309853377230507E+01  0.775449726778721E+00
   0.422976483583666E-04  0.464783572437581E+01 -0.863509322291334E-03
   0.773931928235884E+00  0.542365417504908E+01 -0.994950185591878E-03
   0.146588295532992E-03  0.542398872596403E+01  0.774940341522603E+00
   0.774153107567856E+00  0.464822774378294E+01  0.775314569023543E+00
   0.154991127675289E+01  0.464813952643103E+01  0.522999155007123E-03
   0.232343188997644E+01  0.542395282327313E+01 -0.432999392435135E-03
   0.155040786585100E+01  0.542420269461119E+01  0.775696812713281E+00
   0.232474829916824E+01  0.464868112034883E+01  0.775585921422226E+00
   0.309891994817237E+01  0.464869185050533E+01 -0.497978270728868E-03
   0.387471241191302E+01  0.542418912392579E+01  0.787627349285435E-03
   0.309888124289640E+01  0.542296700704520E+01  0.774468673214585E+00
   0.387454136521911E+01  0.464957760932504E+01  0.774821173497215E+00
   0.464795481750959E+01  0.464962581937448E+01  0.635984523635228E-03
   0.542359161526348E+01  0.542453629725081E+01  0.673237263076691E-03
   0.464824194797438E+01  0.542332044668599E+01  0.774515845958108E+00
   0.542305460623901E+01  0.464797057996815E+01  0.775617816241242E+00
   0.619865882774186E+01  0.464868338937179E+01  0.785837926656703E-03
   0.697257436965911E+01  0.542375993022615E+01  0.661003063234396E-03
   0.619798447431265E+01  0.542273046871736E+01  0.774625028103645E+00
   0.697295930226323E+01  0.464800674928343E+01  0.774497392076965E+00
   0.774864428898421E+01  0.464815528802603E+01 -0.428994685577531E-03
   0.852377629888898E+01  0.542391255006386E+01 -0.597184332812714E-03
   0.774840153608242E+01  0.542275281784350E+01  0.773914643832794E+00
   0.852194820064195E+01  0.464919075434659E+01  0.775259909272029E+00
   0.332501176119349E-03  0.619845263360848E+01  0.948644632434120E-03
   0.774121851965531E+00  0.697359270030219E+01  0.393696006687924E-03
   0.699392635027816E-03  0.697355886474309E+01  0.774517970462481E+00
   0.774807153797781E+00  0.619851960316877E+01  0.774647048663583E+00
   0.154892915569177E+01  0.619914227002894E+01  0.184385075968971E-03
   0.232368416113341E+01  0.697384157997792E+01  0.562977775047592E-03
   0.154981215625845E+01  0.697254756710177E+01  0.774003604287662E+00
   0.232460826864492E+01  0.619764145743916E+01  0.774940158562581E+00
   0.309871474867974E+01  0.619846101604564E+01  0.708994198590199E-03
   0.387411526194310E+01  0.697319904401845E+01  0.608900669115125E-03
   0.309824070323936E+01  0.697403163088674E+01  0.773887722777455E+00
   0.387361341075898E+01  0.619912780762801E+01  0.774617073739403E+00
   0.464840622725263E+01  0.619820719695542E+01 -0.559008206248954E-03
   0.542326462494580E+01  0.697303451358065E+01  0.907847596226742E-03
   0.464887910143848E+01  0.697282640534468E+01  0.775036707478679E+00
   0.542391571820774E+01  0.619909734844025E+01  0.773910005231789E+00
   0.619821808146322E+01  0.619831253245790E+01  0.947255287454136E-03
   0.697357896593690E+01  0.697293694646531E+01  0.849560255855768E-03
   0.619889044435574E+01  0.697323372349921E+01  0.773909801958298E+00
   0.697316656285851E+01  0.619844863557731E+01  0.775413616667293E+00
   0.774874433729563E+01  0.619755943986418E+01 -0.307503442187522E-03
   0.852246403911340E+01  0.697258864945980E+01 -0.329567100708956E-03
   0.774898249938038E+01  0.697382754337826E+01  0.774755807514297E+00
   0.852204608252546E+01  0.619825313947583E+01  0.774185906895462E+00
  -0.180341061348694E-04  0.774881049730943E+01  0.485893194065813E-03
   0.773812615270847E+00  0.852256072653955E+01  0.908942105149400E-03
   0.161214180552480E-03  0.852228138464710E+01  0.773879752629917E+00
   0.773996333753656E+00  0.774768122633268E+01  0.774715061023608E+00
   0.154917316004521E+01  0.774811795473104E+01 -0.547238698128153E-03
   0.232378128811866E+01  0.852317030832833E+01 -0.655440665003921E-03
   0.154914756783604E+01  0.852252406373686E+01  0.774554974039364E+00
   0.232386223793758E+01  0.774819745726877E+01  0.775664142420838E+00
   0.309847031616463E+01  0.774794439530725E+01  0.618849590594772E-06
   0.387422631751349E+01  0.852231879279426E+01  0.364530614714458E-04
   0.309824109881494E+01  0.852222467697456E+01  0.774800159767539E+00
   0.387407637744926E+01  0.774751404742745E+01  0.774495878974162E+00
   0.464847676167927E+01  0.774740725344877E+01 -0.458920127147164E-04
   0.542352385692676E+01  0.852285151278027E+01  0.677037838643931E-03
   0.464864845220748E+01  0.852212831479422E+01  0.774957012832169E+00
   0.542313791005276E+01  0.774898220816243E+01  0.773860757587012E+00
   0.619805016520423E+01  0.774795738068503E+01  0.927702099560654E-04
   0.697341244499188E+01  0.852231248072773E+01  0.586903136513326E-04
   0.619804877943948E+01  0.852306672369808E+01  0.774817983174138E+00
   0.697348824415412E+01  0.774783401745478E+01  0.775271939153955E+00
   0.774871290093363E+01  0.774852807632287E+01 -0.731449231444081E-03
   0.852294245425982E+01  0.852272271649566E+01 -0.882717143335978E-03
   0.774800365763976E+01  0.852305302163997E+01  0.773890012663733E+00
   0.852200049448822E+01  0.774840230198808E+01  0.775257146872571E+00
   0.535183378803850E-03 -0.897801714633271E-03  0.154869081874625E+01
   0.774929804418057E+00  0.773923014330869E+00  0.154979914152163E+01
   0.962644331922230E-03  0.774885650252874E+00  0.232440609446643E+01
   0.774600130165215E+00  0.140361216328476E-03  0.232534691465117E+01
   0.154975025694054E+01  0.516063516997252E-04  0.154877300879562E+01
   0.232380233573505E+01  0.773836581237060E+00  0.155053279940300E+01
   0.154992951994981E+01  0.775074913771371E+00  0.232413110866274E+01
   0.232373856915793E+01 -0.229833418080921E-03  0.232517870242866E+01
   0.309847373299885E+01 -0.171450849781184E-03  0.155020288309551E+01
   0.387390583110060E+01  0.775086929899836E+00  0.155028773517585E+01
   0.309896011293867E+01  0.775703352681048E+00  0.232382035550081E+01
   0.387417772194813E+01  0.330292346687474E-03  0.232538955358436E+01
   0.464951884752543E+01 -0.202499740193092E-03  0.155039692831840E+01
   0.542454517848449E+01  0.773952791916539E+00  0.154893224111333E+01
   0.464791647934044E+01  0.773891033150792E+00  0.232413744464691E+01
   0.542349045160433E+01  0.287546416338409E-03  0.232372793503412E+01
   0.619870337997305E+01  0.461411881205279E-03  0.155020367102496E+01
   0.697297451657009E+01  0.774246903463037E+00  0.154982750425943E+01
   0.619826158860193E+01  0.775534369355742E+00  0.232409764406354E+01
   0.697349152020364E+01 -0.652717122187612E-03  0.232417834269283E+01
   0.774825705144980E+01 -0.570799503966045E-03  0.154905701767135E+01
   0.852332269637226E+01  0.775119561046110E+00  0.155037524497795E+01
   0.774739283987506E+01  0.774385605364727E+00  0.232460147529698E+01
   0.852236154645934E+01 -0.388213861318711E-03  0.232467484166238E+01
   0.473582947484472E-03  0.154932231395745E+01  0.155009301245720E+01
   0.774866716515983E+00  0.232517540224763E+01  0.154870381015160E+01
  -0.393596645149482E-03  0.232526487426616E+01  0.232386003936759E+01
   0.774909352659391E+00  0.154935314415893E+01  0.232366652064397E+01
   0.155054357405960E+01  0.155053795445981E+01  0.154995941589066E+01
   0.232390349408087E+01  0.232453407619331E+01  0.154982289359812E+01
   0.155055875374700E+01  0.232341046251772E+01  0.232444882915438E+01
   0.232480480004120E+01  0.154928162595184E+01  0.232467521975684E+01
   0.309914923046726E+01  0.155045239270917E+01  0.154940284687277E+01
   0.387436975045616E+01  0.232430008234163E+01  0.154949495336333E+01
   0.310008727172594E+01  0.232419620271018E+01  0.232355184815594E+01
   0.387482378256907E+01  0.154876859985631E+01  0.232429939117176E+01
   0.464956254732454E+01  0.154930470409898E+01  0.154988906175079E+01
   0.542437202186850E+01  0.232406690373890E+01  0.154890687203516E+01
   0.464895513015458E+01  0.232420772908664E+01  0.232421066970086E+01
   0.542331600906198E+01  0.154992398628750E+01  0.232381817152439E+01
   0.619773484480590E+01  0.154943725062984E+01  0.155005076534865E+01
   0.697405254090283E+01  0.232410151849734E+01  0.154920450548625E+01
   0.619921238406940E+01  0.232453688390091E+01  0.232461512451914E+01
   0.697235358781676E+01  0.154873811301874E+01  0.232477688115138E+01
   0.774797345866105E+01  0.155004804749566E+01  0.154990168901507E+01
   0.852372654760607E+01  0.232427888702313E+01  0.155035401982238E+01
   0.774830596517846E+01  0.232398129377318E+01  0.232481280587329E+01
   0.852241605809494E+01  0.154944653184038E+01  0.232388280114335E+01
   0.260624422711272E-03  0.309917122203249E+01  0.154960356870098E+01
   0.774952489674189E+00  0.387378598800381E+01  0.154913888262280E+01
  -0.856898961060190E-03  0.387402682854250E+01  0.232397181804422E+01
   0.774286695171304E+00  0.309914957065960E+01  0.232354299933078E+01
   0.154902530284598E+01  0.309936211975161E+01  0.154979157442307E+01
   0.232482889901387E+01  0.387350528518216E+01  0.154973329278879E+01
   0.154879464842707E+01  0.387419851418906E+01  0.232507162427447E+01
   0.232491317571133E+01  0.309909759107192E+01  0.232363142391898E+01
   0.309899283785040E+01  0.309921660479250E+01  0.154942906806585E+01
   0.387311977645458E+01  0.387401055824373E+01  0.154893061631153E+01
   0.309946404846459E+01  0.387477988197345E+01  0.232476629903055E+01
   0.387464767098515E+01  0.309933923292969E+01  0.232422800992178E+01
   0.464844610128465E+01  0.309837079117705E+01  0.154943291880665E+01
   0.542340704721537E+01  0.387379874543386E+01  0.154960432119824E+01
   0.464788509714713E+01  0.387319836447341E+01  0.232448793844684E+01
   0.542334676580592E+01  0.309965054647838E+01  0.232432560373399E+01
   0.619862689134417E+01  0.309849186034773E+01  0.155029982265497E+01
   0.697282113081492E+01  0.387413357326856E+01  0.154996163795918E+01
   0.619748983902214E+01  0.387474388799754E+01  0.232457256474157E+01
   0.697335719794477E+01  0.309935875037661E+01  0.232432824840768E+01
   0.774865633897075E+01  0.309968328152653E+01  0.154910312619462E+01
   0.852324462214417E+01  0.387365099062195E+01  0.154921932377305E+01
   0.774767548408466E+01  0.387484417620921E+01  0.232433798710656E+01
   0.852304716862399E+01  0.309900540667372E+01  0.232382535761147E+01
   0.327379597347982E-03  0.464929699991873E+01  0.155056379691769E+01
   0.773961901734781E+00  0.542452302471516E+01  0.154932937530973E+01
   0.925787930570264E-03  0.542390636328034E+01  0.232381620137258E+01
   0.774333189304838E+00  0.464958914749630E+01  0.232375363990318E+01
   0.154981044361711E+01  0.464838429977698E+01  0.154916251031617E+01
   0.232493421547740E+01  0.542395804687330E+01  0.155023891743987E+01
   0.154941554760613E+01  0.542428926815327E+01  0.232489826111398E+01
   0.232519696739802E+01  0.464930139375836E+01  0.232371451718592E+01
   0.309847746257974E+01  0.464804938043377E+01  0.154932484045022E+01
   0.387493475430363E+01  0.542326984342003E+01  0.155036666029236E+01
   0.309926909543571E+01  0.542325839310397E+01  0.232410570190424E+01
   0.387450812147525E+01  0.464945913739380E+01  0.232538129996862E+01
   0.464839307691053E+01  0.464802045149983E+01  0.155054652767246E+01
   0.542294423224746E+01  0.542276407152818E+01  0.154881805656568E+01
   0.464821192345117E+01  0.542345829742389E+01  0.232538825008282E+01
   0.542445026766969E+01  0.464978524861442E+01  0.232473344966168E+01
   0.619857540136471E+01  0.464817605002563E+01  0.155011359904325E+01
   0.697322641857416E+01  0.542372634611418E+01  0.154925059863101E+01
   0.619845845110853E+01  0.542383729708582E+01  0.232413945794470E+01
   0.697254031717227E+01  0.464786665711326E+01  0.232513069056241E+01
   0.774828178261588E+01  0.464843469861521E+01  0.154945597365247E+01
   0.852223596398634E+01  0.542404044805655E+01  0.154873584939580E+01
   0.774819924055801E+01  0.542367461858167E+01  0.232466920788981E+01
   0.852222602699933E+01  0.464833701061546E+01  0.232483401228430E+01
  -0.393561526924260E-03  0.619748453723657E+01  0.155042214342948E+01
   0.775314066667730E+00  0.697327738677841E+01  0.155040144851537E+01
   0.155019460230659E-04  0.697332523602026E+01  0.232523853552690E+01
   0.774927149328878E+00  0.619775070667114E+01  0.232435084299671E+01
   0.154994127055594E+01  0.619814444607143E+01  0.154912513512352E+01
   0.232471229474957E+01  0.697374671170579E+01  0.154860419646489E+01
   0.154890090796515E+01  0.697298916499946E+01  0.232501838327273E+01
   0.232480460514224E+01  0.619740902939703E+01  0.232514794170460E+01
   0.309854263485981E+01  0.619769479835891E+01  0.154866243353212E+01
   0.387370689845828E+01  0.697222465275480E+01  0.154911938049583E+01
   0.309907795219083E+01  0.697269697594640E+01  0.232350151720726E+01
   0.387442455294143E+01  0.619823634191522E+01  0.232467872961810E+01
   0.464849865513332E+01  0.619748056143898E+01  0.154923809366746E+01
   0.542406087324965E+01  0.697243877087552E+01  0.155030364914429E+01
   0.464886104443029E+01  0.697391885404107E+01  0.232532249470334E+01
   0.542351328668709E+01  0.619906730291949E+01  0.232401777547845E+01
   0.619808566569876E+01  0.619800127437391E+01  0.155028241612376E+01
   0.697384488988543E+01  0.697413728564940E+01  0.154940377156390E+01
   0.619771318459257E+01  0.697237146442344E+01  0.232474848568643E+01
   0.697272675328629E+01  0.619916974162954E+01  0.232487520776195E+01
   0.774708842573327E+01  0.619807274293647E+01  0.155029178186651E+01
   0.852347183752558E+01  0.697321629936627E+01  0.154990237329716E+01
   0.774774167077996E+01  0.697279093539533E+01  0.232477615876677E+01
   0.852333693919513E+01  0.619792583948399E+01  0.232482367149269E+01
   0.946876198761166E-03  0.774758640575502E+01  0.154862418653366E+01
   0.774267521716031E+00  0.852316025028856E+01  0.154995144525189E+01
   0.948361495035390E-03  0.852336251876210E+01  0.232418142426619E+01
   0.775627187245693E+00  0.774754217740545E+01  0.232535371371780E+01
   0.155009388548489E+01  0.774872685354622E+01  0.154997527393079E+01
   0.232462451042690E+01  0.852246720550243E+01  0.154983681196071E+01
   0.154990646380411E+01  0.852213126022218E+01  0.232490910404456E+01
   0.232391519293082E+01  0.774861177019258E+01  0.232377126193626E+01
   0.309957512192836E+01  0.774894947853428E+01  0.154981923011432E+01
   0.387481704224044E+01  0.852234349017429E+01  0.154940151773829E+01
   0.310015060222345E+01  0.852280165574438E+01  0.232472159470573E+01
   0.387328163237652E+01  0.774866660680551E+01  0.232404770649772E+01
   0.464921598261831E+01  0.774724055281989E+01  0.155015805880327E+01
   0.542280417637838E+01  0.852342346827497E+01  0.155006367163164E+01
   0.464953018822911E+01  0.852192955056271E+01  0.232485502286507E+01
   0.542431616786334E+01  0.774803602961665E+01  0.232488241917891E+01
   0.619869329190539E+01  0.774862761343089E+01  0.154976607443124E+01
   0.697298336295718E+01  0.852303363010877E+01  0.155054063886715E+01
   0.619883746180739E+01  0.852318679027826E+01  0.232432341109696E+01
   0.697285906309769E+01  0.774717289933582E+01  0.232527929041131E+01
   0.774831613656767E+01  0.774878256888912E+01  0.154981356067497E+01
   0.852183113270726E+01  0.852207163402687E+01  0.154871192975744E+01
   0.774804163899106E+01  0.852349088218545E+01  0.232472086242539E+01
   0.852204786404685E+01  0.774726104938184E+01  0.232535860976030E+01
   0.519371381827749E-03  0.464857912242927E-03  0.309925098158218E+01
   0.774576948497957E+00  0.775401905143410E+00  0.309913009718071E+01
  -0.923001831387472E-03  0.775108963894111E+00  0.387400924159812E+01
   0.773936442875483E+00 -0.683413767956077E-03  0.387359851182124E+01
   0.154973619670074E+01  0.484695640728562E-03  0.309830061240734E+01
   0.232472465930019E+01  0.774710779933669E+00  0.309935648215226E+01
   0.154860358135398E+01  0.775265303375175E+00  0.387460503469544E+01
   0.232444619519364E+01 -0.546854777174486E-03  0.387414206732197E+01
   0.309850349739441E+01 -0.681349019727949E-03  0.309942573102666E+01
   0.387445481577812E+01  0.774207777555423E+00  0.309857588531998E+01
   0.309945226949631E+01  0.775492846152625E+00  0.387492679323486E+01
   0.387354601862326E+01  0.156302720505670E-04  0.387426443937593E+01
   0.464827577765641E+01 -0.520173235064778E-03  0.309904237126552E+01
   0.542298380724506E+01  0.774253103065467E+00  0.309906989721973E+01
   0.464903506111989E+01  0.774797715297111E+00  0.387394334192344E+01
   0.542316922596766E+01 -0.927750029499815E-03  0.387457661412799E+01
   0.619753330709256E+01  0.138071570120370E-03  0.309847270691935E+01
   0.697254408023255E+01  0.774493313450483E+00  0.309956622161998E+01
   0.619809694103128E+01  0.773843308859087E+00  0.387340906968872E+01
   0.697330560311941E+01 -0.143809726710044E-03  0.387498607959268E+01
   0.774870460656720E+01  0.150612609131896E-03  0.309935145762392E+01
   0.852304252952627E+01  0.774144636855175E+00  0.309821056021532E+01
   0.774824074211936E+01  0.774574383509550E+00  0.387458291687351E+01
   0.852299892880901E+01  0.215967555694969E-03  0.387447054442315E+01
  -0.793887155043782E-03  0.154903705557102E+01  0.309893035286313E+01
   0.774608220226717E+00  0.232499677375212E+01  0.309834618309892E+01
  -0.182345393489731E-03  0.232524661063267E+01  0.387401931521048E+01
   0.774343434625487E+00  0.155053112829644E+01  0.387326780293236E+01
   0.155017100884102E+01  0.154992366529883E+01  0.309840224594441E+01
   0.232470847333275E+01  0.232377594692178E+01  0.309874043043513E+01
   0.154975253121682E+01  0.232371839701184E+01  0.387437066181603E+01
   0.232439401937696E+01  0.155006407011048E+01  0.387452708684802E+01
   0.309892642541935E+01  0.154998326598051E+01  0.309966360288575E+01
   0.387322339741333E+01  0.232518227482603E+01  0.310016535147713E+01
   0.309975010419304E+01  0.232536290113394E+01  0.387339506905460E+01
   0.387367427478498E+01  0.154979426206975E+01  0.387461454117195E+01
   0.464928244529762E+01  0.155012395180264E+01  0.309971071154408E+01
   0.542264066145513E+01  0.232524450500223E+01  0.309861037367428E+01
   0.464927912022985E+01  0.232347854362969E+01  0.387422893404949E+01
   0.542351542464005E+01  0.154961577179596E+01  0.387337567893194E+01
   0.619815747715782E+01  0.155039489370187E+01  0.309868821625033E+01
   0.697328728652472E+01  0.232370369720325E+01  0.309838435722503E+01
   0.619809269762826E+01  0.232491644188331E+01  0.387430605835479E+01
   0.697328839498229E+01  0.154977469023603E+01  0.387411465338149E+01
   0.774849361060633E+01  0.154994130013220E+01  0.310003987376661E+01
   0.852330966753994E+01  0.232451515186461E+01  0.309823489269027E+01
   0.774856739050874E+01  0.232432573061873E+01  0.387494176715455E+01
   0.852258073831300E+01  0.155051964667728E+01  0.387462425582460E+01
   0.949466510845884E-04  0.309913391367299E+01  0.309850188013103E+01
   0.774553835544944E+00  0.387455554790059E+01  0.309856345166076E+01
   0.394369546022404E-03  0.387384735980003E+01  0.387479492444279E+01
   0.773983511643841E+00  0.309985841712757E+01  0.387327790479499E+01
   0.154904601113689E+01  0.309961193544888E+01  0.309908741300394E+01
   0.232461360554370E+01  0.387420355317785E+01  0.309984021462153E+01
   0.154871508349252E+01  0.387423278031047E+01  0.387480675536910E+01
   0.232376866848739E+01  0.309963917915506E+01  0.387428115649498E+01
   0.309896587586032E+01  0.309995640113391E+01  0.309977269410423E+01
   0.387408710433100E+01  0.387475894589068E+01  0.309862492492219E+01
   0.309918195485242E+01  0.387456048920195E+01  0.387317405164299E+01
   0.387388966296872E+01  0.309884737309906E+01  0.387457265276325E+01
   0.464935642849423E+01  0.309982343074591E+01  0.309886119404119E+01
   0.542290311998960E+01  0.387462118835608E+01  0.309850714172219E+01
   0.464896260781857E+01  0.387359883632611E+01  0.387354262960538E+01
   0.542291245658389E+01  0.309956013277556E+01  0.387379662085733E+01
   0.619772843593524E+01  0.309862312619129E+01  0.309826578103163E+01
   0.697317969436249E+01  0.387379617571443E+01  0.309995706421772E+01
   0.619765786627099E+01  0.387369063090671E+01  0.387459919352346E+01
   0.697362963804948E+01  0.309833394876895E+01  0.387426260596622E+01
   0.774773305281410E+01  0.309897129530201E+01  0.309922125314374E+01
   0.852180928417544E+01  0.387438004259111E+01  0.309834737673791E+01
   0.774898641460070E+01  0.387379556590365E+01  0.387313337538025E+01
   0.852348579121282E+01  0.309922019123803E+01  0.387474265549281E+01
   0.887547368095761E-03  0.464932602295856E+01  0.309990526272047E+01
   0.775050336711172E+00  0.542355399206471E+01  0.309848360991933E+01
   0.584794764188097E-03  0.542415023343258E+01  0.387439004822972E+01
   0.774330363803013E+00  0.464869374874570E+01  0.387377584646497E+01
   0.155001791176891E+01  0.464955911901206E+01  0.309828021201636E+01
   0.232506760751098E+01  0.542425915141382E+01  0.309918436636650E+01
   0.155008948481981E+01  0.542318539583626E+01  0.387482762699537E+01
   0.232463109744177E+01  0.464784740745318E+01  0.387395686011233E+01
   0.309913718022152E+01  0.464861094491233E+01  0.309865563944795E+01
   0.387427821916444E+01  0.542459629996687E+01  0.309884772236636E+01
   0.310004374384318E+01  0.542319840224276E+01  0.387421167564508E+01
   0.387458205706879E+01  0.464873325476325E+01  0.387486912852983E+01
   0.464875939089080E+01  0.464921677449975E+01  0.309883353379624E+01
   0.542343354750022E+01  0.542435318894745E+01  0.310004008998311E+01
   0.464914184082430E+01  0.542300240438147E+01  0.387354318451729E+01
   0.542373129860339E+01  0.464968773157363E+01  0.387463145841856E+01
   0.619794660342527E+01  0.464943026885559E+01  0.310013483594165E+01
   0.697327298873314E+01  0.542312563215115E+01  0.309970715212525E+01
   0.619767679852321E+01  0.542382582775058E+01  0.387389076550302E+01
   0.697333705290234E+01  0.464898168619187E+01  0.387416155725875E+01
   0.774819304833482E+01  0.464865034221647E+01  0.309872550209615E+01
   0.852191146082215E+01  0.542369230161427E+01  0.309959355424436E+01
   0.774737925074917E+01  0.542383009588523E+01  0.387397494928028E+01
   0.852246881223694E+01  0.464902135182069E+01  0.387384214470004E+01
   0.159090746386625E-03  0.619791433594189E+01  0.309985262984870E+01
   0.775695666910050E+00  0.697314244066694E+01  0.309967638946011E+01
  -0.777052513412587E-03  0.697392418149729E+01  0.387353488711573E+01
   0.775552846535560E+00  0.619743691459522E+01  0.387386326341280E+01
   0.154943151633411E+01  0.619834307584653E+01  0.309965729783425E+01
   0.232432134019411E+01  0.697260079641702E+01  0.309855371199013E+01
   0.155009494845590E+01  0.697383456379381E+01  0.387359287918149E+01
   0.232424494534325E+01  0.619904868512703E+01  0.387422783248026E+01
   0.309958134343132E+01  0.619815480571302E+01  0.309942488965731E+01
   0.387487834094578E+01  0.697261103712072E+01  0.310016015218945E+01
   0.309898553877774E+01  0.697321625083307E+01  0.387332436595123E+01
   0.387392288376149E+01  0.619926884756216E+01  0.387408710339277E+01
   0.464816743360299E+01  0.619868505557197E+01  0.309846423497953E+01
   0.542352597526450E+01  0.697310904685590E+01  0.309906126331076E+01
   0.464971509596997E+01  0.697386398582857E+01  0.387410141715776E+01
   0.542409916812408E+01  0.619830935628909E+01  0.387439189788289E+01
   0.619834055692437E+01  0.619771685987843E+01  0.309876378650889E+01
   0.697273084885903E+01  0.697303082244589E+01  0.309976281474022E+01
   0.619867235032898E+01  0.697372932347744E+01  0.387350189254231E+01
   0.697329017209006E+01  0.619810421082216E+01  0.387302508663012E+01
   0.774769679164229E+01  0.619865979247202E+01  0.309916788302856E+01
   0.852215785265775E+01  0.697250836687971E+01  0.309991436481811E+01
   0.774825658037184E+01  0.697298664492391E+01  0.387472846385188E+01
   0.852310510204838E+01  0.619827712377645E+01  0.387365942824142E+01
   0.914338813976119E-03  0.774785977416352E+01  0.309886366203567E+01
   0.775326525603923E+00  0.852371580822511E+01  0.309992686907924E+01
  -0.520010274432630E-03  0.852198250827367E+01  0.387372353603653E+01
   0.775251126643833E+00  0.774754084257234E+01  0.387485182884053E+01
   0.155017846349589E+01  0.774888672586008E+01  0.309979083808384E+01
   0.232391918078267E+01  0.852344905073628E+01  0.309968502813694E+01
   0.155038972749904E+01  0.852333116939722E+01  0.387323882512149E+01
   0.232444638928688E+01  0.774873644418545E+01  0.387486690724162E+01
   0.309836014577351E+01  0.774781871839984E+01  0.309972407362316E+01
   0.387328932103950E+01  0.852298382335527E+01  0.310016236283111E+01
   0.309966684803519E+01  0.852216873987194E+01  0.387351305365326E+01
   0.387491571658261E+01  0.774850588550316E+01  0.387323338158968E+01
   0.464811326478787E+01  0.774825289094775E+01  0.309959191175960E+01
   0.542348160729084E+01  0.852374956795387E+01  0.309867356675369E+01
   0.464915904439545E+01  0.852294816488032E+01  0.387452117808028E+01
   0.542432120926374E+01  0.774860169186364E+01  0.387364391292639E+01
   0.619931565652884E+01  0.774761077981522E+01  0.309827225786768E+01
   0.697384992673393E+01  0.852319800048010E+01  0.309915574507261E+01
   0.619812700436196E+01  0.852214747749063E+01  0.387394863564563E+01
   0.697277361436200E+01  0.774828594935591E+01  0.387408446791709E+01
   0.774810007023500E+01  0.774869840684093E+01  0.309850059936297E+01
   0.852324004744119E+01  0.852316943937739E+01  0.309899180441458E+01
   0.774778113716209E+01  0.852180423576045E+01  0.387314328772437E+01
   0.852261603143899E+01  0.774895305507420E+01  0.387434184892638E+01
  -0.480881379550590E-03 -0.415374300061939E-04  0.464920605191574E+01
   0.775093471265545E+00  0.774026859740173E+00  0.464892109328061E+01
  -0.564552073605990E-03  0.774247802840038E+00  0.542276235173184E+01
   0.774723801189693E+00 -0.627145554674218E-03  0.542296512169462E+01
   0.154934213548045E+01  0.578181394000970E-03  0.464959817488236E+01
   0.232387991971389E+01  0.775142956683687E+00  0.464945723339494E+01
   0.154915408832853E+01  0.773934964800508E+00  0.542375705181303E+01
   0.232536249318288E+01  0.982131891487068E-04  0.542284578568909E+01
   0.309981164738115E+01 -0.824999724618971E-03  0.464858564563181E+01
   0.387436009219810E+01  0.774101686040196E+00  0.464819563875500E+01
   0.309856104338473E+01  0.774639064298625E+00  0.542338001833541E+01
   0.387304740817454E+01 -0.549544336079801E-03  0.542326144478623E+01
   0.464904638440562E+01 -0.744280323868380E-04  0.464833088417921E+01
   0.542410626373711E+01  0.774116183837443E+00  0.464838494958166E+01
   0.464891163751285E+01  0.773802475168363E+00  0.542332836093270E+01
   0.542317716769059E+01  0.852925855081769E-03  0.542277106991922E+01
   0.619792225049294E+01 -0.657664481262676E-03  0.464810042046801E+01
   0.697330381030854E+01  0.773861987733091E+00  0.464876499422213E+01
   0.619741629045269E+01  0.775609866468924E+00  0.542428875038933E+01
   0.697404312385185E+01  0.461659531813279E-03  0.542377011961838E+01
   0.774835364419806E+01  0.746851032859558E-03  0.464958492417371E+01
   0.852302745662928E+01  0.775323224532067E+00  0.464894386089901E+01
   0.774889509222819E+01  0.775057712591810E+00  0.542390849516582E+01
   0.852193743898450E+01 -0.789905566396925E-04  0.542452315594000E+01
   0.935753550695825E-03  0.154886551199280E+01  0.464807197396252E+01
   0.774360177281289E+00  0.232478622956608E+01  0.464963430493193E+01
  -0.146459439411927E-03  0.232360976303142E+01  0.542415745079485E+01
   0.775360493758222E+00  0.154955201060164E+01  0.542456869915870E+01
   0.154894628288810E+01  0.154924405341635E+01  0.464922304701064E+01
   0.232402929713963E+01  0.232475301250899E+01  0.464874908399195E+01
   0.155046399273693E+01  0.232375399130485E+01  0.542384455006174E+01
   0.232444630994981E+01  0.155041486300691E+01  0.542320616103608E+01
   0.309955880341688E+01  0.154867934468187E+01  0.464886599375646E+01
   0.387412974086264E+01  0.232498975467858E+01  0.464901692212914E+01
   0.309875698168672E+01  0.232368412183726E+01  0.542347082995418E+01
   0.387340870438213E+01  0.154908817610827E+01  0.542430171330715E+01
   0.464896233513952E+01  0.155003931169899E+01  0.464807672288612E+01
   0.542312289348308E+01  0.232517099537641E+01  0.464831004023950E+01
   0.464949586936695E+01  0.232341736853159E+01  0.542439650838438E+01
   0.542380186751250E+01  0.154876792424094E+01  0.542442890448333E+01
   0.619854912984141E+01  0.154956329675130E+01  0.464867897590617E+01
   0.697266548375980E+01  0.232423968445081E+01  0.464802633936531E+01
   0.619906753153241E+01  0.232479264605049E+01  0.542308337464601E+01
   0.697226034933739E+01  0.154902775021133E+01  0.542302471559577E+01
   0.774720084799328E+01  0.154991057987239E+01  0.464936688228525E+01
   0.852324839993103E+01  0.232420351556347E+01  0.464813929053069E+01
   0.774843528997242E+01  0.232489107353583E+01  0.542275323911245E+01
   0.852353223713794E+01  0.154897420105426E+01  0.542270536320672E+01
  -0.195705958839181E-03  0.309949799981359E+01  0.464885742498823E+01
   0.775147961662658E+00  0.387304272334864E+01  0.464788382316780E+01
   0.160450440940465E-03  0.387416386926638E+01  0.542344068910451E+01
   0.774708578298130E+00  0.309882124104937E+01  0.542440072631921E+01
   0.154939192708292E+01  0.309873796334026E+01  0.464845732287238E+01
   0.232479863754915E+01  0.387388828432230E+01  0.464817413358175E+01
   0.154997001176974E+01  0.387395920498241E+01  0.542453616251466E+01
   0.232380882268972E+01  0.309984250151902E+01  0.542286916984343E+01
   0.309944097778711E+01  0.309969097019614E+01  0.464930872350631E+01
   0.387412691383376E+01  0.387370011531915E+01  0.464861886800642E+01
   0.309853121604559E+01  0.387468263963924E+01  0.542286170764774E+01
   0.387353753652744E+01  0.309829695308803E+01  0.542270661371103E+01
   0.464871866299309E+01  0.309949877451805E+01  0.464878235279396E+01
   0.542391954817519E+01  0.387383207044427E+01  0.464789205371777E+01
   0.464833711418454E+01  0.387372213914700E+01  0.542310298656142E+01
   0.542407628289390E+01  0.309943708245136E+01  0.542407266661598E+01
   0.619764298922485E+01  0.309843294601165E+01  0.464948177677890E+01
   0.697262259170826E+01  0.387373256825243E+01  0.464856250878436E+01
   0.619904686281314E+01  0.387499254148329E+01  0.542400978752870E+01
   0.697326390125871E+01  0.309857231880850E+01  0.542375325260957E+01
   0.774878993410521E+01  0.309960956881007E+01  0.464782273046184E+01
   0.852277413265306E+01  0.387496852068285E+01  0.464874508052117E+01
   0.774729601706225E+01  0.387481659864477E+01  0.542342841746941E+01
   0.852324159439372E+01  0.309840399034352E+01  0.542369415361130E+01
  -0.703855084900122E-03  0.464907635492569E+01  0.464844259191051E+01
   0.774294929713468E+00  0.542273800325772E+01  0.464789124333979E+01
  -0.841119414014899E-03  0.542423282812157E+01  0.542380967044184E+01
   0.774323873678677E+00  0.464951499714528E+01  0.542322441109122E+01
   0.155057522165789E+01  0.464851176425241E+01  0.464825744699916E+01
   0.232406070565259E+01  0.542283406658032E+01  0.464794385220389E+01
   0.155001181626342E+01  0.542374901162617E+01  0.542269745947933E+01
   0.232387206266632E+01  0.464945573721325E+01  0.542339217278793E+01
   0.309989603203684E+01  0.464960443578748E+01  0.464890406934631E+01
   0.387448916556404E+01  0.542323627230989E+01  0.464795682899946E+01
   0.309870803377638E+01  0.542443804057535E+01  0.542362741129333E+01
   0.387455809675128E+01  0.464951083367336E+01  0.542297658310845E+01
   0.464910183394249E+01  0.464957216510114E+01  0.464838764160307E+01
   0.542417014599119E+01  0.542394695556791E+01  0.464806787755180E+01
   0.464819521955744E+01  0.542341298371488E+01  0.542293266181701E+01
   0.542306306445746E+01  0.464908133156694E+01  0.542336756229135E+01
   0.619833490388384E+01  0.464930883431467E+01  0.464975703937537E+01
   0.697255515289772E+01  0.542357692174598E+01  0.464963871019403E+01
   0.619931495754280E+01  0.542325698803488E+01  0.542322432966823E+01
   0.697261779672269E+01  0.464937939018649E+01  0.542439944959628E+01
   0.774855697236379E+01  0.464908287367293E+01  0.464900194783727E+01
   0.852339858372585E+01  0.542365353130979E+01  0.464833391464180E+01
   0.774738570730845E+01  0.542332098628888E+01  0.542349855443751E+01
   0.852218299151515E+01  0.464830064300313E+01  0.542459437955288E+01
   0.237861625288706E-03  0.619913541370828E+01  0.464968700590640E+01
   0.774347003275130E+00  0.697412664509802E+01  0.464849470157103E+01
   0.158138894954281E-04  0.697276415424839E+01  0.542286028200019E+01
   0.773842599167352E+00  0.619790243389875E+01  0.542321567852339E+01
   0.155002145030135E+01  0.619811186944427E+01  0.464892357207053E+01
   0.232389980243278E+01  0.697320910541058E+01  0.464884914737602E+01
   0.154922086772252E+01  0.697228807062255E+01  0.542298085526920E+01
   0.232499033176220E+01  0.619909208587644E+01  0.542323278742589E+01
   0.309904551098912E+01  0.619824868586451E+01  0.464951592577417E+01
   0.387398377968836E+01  0.697313184199761E+01  0.464795482443784E+01
   0.309894515731453E+01  0.697323731703146E+01  0.542350288855226E+01
   0.387413990686891E+01  0.619764155066802E+01  0.542391234467821E+01
   0.464906141144293E+01  0.619800049839817E+01  0.464801580030830E+01
   0.542381373479284E+01  0.697305808674126E+01  0.464831225403614E+01
   0.464814586545227E+01  0.697404392539314E+01  0.542428578400808E+01
   0.542283735442936E+01  0.619825101947165E+01  0.542328122448759E+01
   0.619811970333405E+01  0.619850670172341E+01  0.464874690982736E+01
   0.697234260854096E+01  0.697265707146015E+01  0.464914384010420E+01
   0.619814509070969E+01  0.697321926579154E+01  0.542417769348733E+01
   0.697391390615109E+01  0.619757877319447E+01  0.542430345589574E+01
   0.774750192528708E+01  0.619833900316504E+01  0.464861727409927E+01
   0.852361705347734E+01  0.697258209178978E+01  0.464955945862662E+01
   0.774875962155263E+01  0.697390869747118E+01  0.542328936676430E+01
   0.852335811619617E+01  0.619937483219279E+01  0.542416290444069E+01
  -0.216817291745332E-03  0.774823003493592E+01  0.464944209371917E+01
   0.774603921160678E+00  0.852356692574856E+01  0.464842324489602E+01
  -0.229756899007288E-03  0.852371964984966E+01  0.542431270925070E+01
   0.774289555654139E+00  0.774835666703956E+01  0.542315131030225E+01
   0.154964970040822E+01  0.774765816695514E+01  0.464978860295385E+01
   0.232356966445415E+01  0.852194075903968E+01  0.464979747735963E+01
   0.154895046240175E+01  0.852292334064461E+01  0.542272014340796E+01
   0.232385999370111E+01  0.774821328809031E+01  0.542309003169015E+01
   0.309979438489419E+01  0.774791032190102E+01  0.464860967793385E+01
   0.387351806016101E+01  0.852315090445427E+01  0.464806398651449E+01
   0.309932648195166E+01  0.852185296226077E+01  0.542346869694944E+01
   0.387438886662168E+01  0.774859699862923E+01  0.542388265346269E+01
   0.464789390090365E+01  0.774776618715070E+01  0.464977182591265E+01
   0.542296249322562E+01  0.852361479349872E+01  0.464804039843588E+01
   0.464876314125956E+01  0.852295020900066E+01  0.542327400265415E+01
   0.542302512784273E+01  0.774875143009992E+01  0.542355718367728E+01
   0.619763293894423E+01  0.774705137048395E+01  0.464854456498131E+01
   0.697316709543314E+01  0.852315190980266E+01  0.464977595048555E+01
   0.619886267724263E+01  0.852216572691751E+01  0.542300956942602E+01
   0.697374675439270E+01  0.774898894100606E+01  0.542365490281654E+01
   0.774847512790732E+01  0.774737518493836E+01  0.464844232831499E+01
   0.852365375161910E+01  0.852193314348153E+01  0.464843475374318E+01
   0.774728213984599E+01  0.852250988874300E+01  0.542444725332649E+01
   0.852211936246789E+01  0.774836071133486E+01  0.542304995184137E+01
   0.779288110624656E-03 -0.301305887683659E-03  0.619914565972379E+01
   0.774675332576818E+00  0.775340262136783E+00  0.619779906858420E+01
   0.743085871487261E-03  0.774224229046704E+00  0.697389426860263E+01
   0.773938122158447E+00  0.228064144702413E-03  0.697406075156674E+01
   0.155013965665022E+01 -0.392839433919393E-03  0.619791727730186E+01
   0.232398915636269E+01  0.774007834372213E+00  0.619901599045462E+01
   0.154933474235483E+01  0.775343462523283E+00  0.697406630365782E+01
   0.232480315373450E+01  0.904797034692651E-03  0.697276031422943E+01
   0.309937860342560E+01  0.841877754542304E-03  0.619838940180704E+01
   0.387460318803292E+01  0.773981690888633E+00  0.619854737053179E+01
   0.309892171008227E+01  0.775276333548098E+00  0.697378784625802E+01
   0.387425028673370E+01  0.262852699198072E-03  0.697361048607197E+01
   0.464835456032264E+01 -0.513029774255936E-03  0.619767065664842E+01
   0.542281716976249E+01  0.774633740871806E+00  0.619771129591188E+01
   0.464923411101054E+01  0.774762589462934E+00  0.697232114894280E+01
   0.542347185882426E+01  0.194124126494352E-03  0.697321673612542E+01
   0.619872549792918E+01  0.469282043189291E-03  0.619815012778258E+01
   0.697400448074242E+01  0.775422522141201E+00  0.619813319807177E+01
   0.619865499384227E+01  0.774433149216291E+00  0.697226606890548E+01
   0.697340023915360E+01 -0.348358507139417E-03  0.697330551689538E+01
   0.774854209931482E+01  0.652499343136653E-03  0.619844923482966E+01
   0.852312064074730E+01  0.775799830244740E+00  0.619825431678568E+01
   0.774889072848184E+01  0.774694781083566E+00  0.697274513757848E+01
   0.852295846476838E+01  0.965963375583290E-03  0.697368965814156E+01
   0.920014465207320E-03  0.154950155605563E+01  0.619808002592144E+01
   0.774648934954508E+00  0.232519849084001E+01  0.619785350766268E+01
  -0.361697335959088E-03  0.232341609294226E+01  0.697404428744617E+01
   0.775459857904254E+00  0.155045964773856E+01  0.697238331464951E+01
   0.154860566935879E+01  0.154874359133619E+01  0.619897224837782E+01
   0.232340685194103E+01  0.232522434651455E+01  0.619939130119890E+01
   0.155024148540888E+01  0.232512742738992E+01  0.697240199257385E+01
   0.232533825527520E+01  0.154888892005865E+01  0.697320729341479E+01
   0.309872294722741E+01  0.154940004729846E+01  0.619786009313212E+01
   0.387475616489119E+01  0.232445268685452E+01  0.619862140324755E+01
   0.309866204418759E+01  0.232531128577694E+01  0.697264151085194E+01
   0.387498848667839E+01  0.155031625990076E+01  0.697220093384532E+01
   0.464853201760064E+01  0.154888305153939E+01  0.619849654522594E+01
   0.542336415310138E+01  0.232536142756117E+01  0.619881948147127E+01
   0.464835414833701E+01  0.232384434302721E+01  0.697295626295216E+01
   0.542272053030037E+01  0.154904867223788E+01  0.697348834455170E+01
   0.619828361448757E+01  0.155011991174488E+01  0.619908258744028E+01
   0.697415228336592E+01  0.232455589745342E+01  0.619927243417172E+01
   0.619895422288756E+01  0.232369519343680E+01  0.697281316634438E+01
   0.697248146317386E+01  0.154936433447717E+01  0.697344435639808E+01
   0.774759530002954E+01  0.154933261546176E+01  0.619771491590043E+01
   0.852244833186113E+01  0.232503047100595E+01  0.619780326258878E+01
   0.774776933597866E+01  0.232468373644020E+01  0.697229134828134E+01
   0.852309470117887E+01  0.154990265352685E+01  0.697296725085041E+01
  -0.303834146345847E-03  0.309840668378734E+01  0.619764421011253E+01
   0.773867428891047E+00  0.387438728928517E+01  0.619831307784967E+01
  -0.105458330409484E-03  0.387348754478445E+01  0.697373004021200E+01
   0.774834114321652E+00  0.309901693049511E+01  0.697311133333504E+01
   0.154890198146572E+01  0.309961100417598E+01  0.619845157655689E+01
   0.232455237220676E+01  0.387344342438594E+01  0.619839843696463E+01
   0.155027046068409E+01  0.387324630291509E+01  0.697226203196393E+01
   0.232397433127737E+01  0.309956758166801E+01  0.697357420623207E+01
   0.309940697230588E+01  0.309901648822025E+01  0.619799231347139E+01
   0.387443644503323E+01  0.387325667686362E+01  0.619900217150537E+01
   0.309991719423338E+01  0.387425368368577E+01  0.697271664767657E+01
   0.387381534171076E+01  0.309972001109975E+01  0.697351234196004E+01
   0.464979997347815E+01  0.309956481204206E+01  0.619863829516133E+01
   0.542300784617585E+01  0.387351866743047E+01  0.619811108917817E+01
   0.464793200409640E+01  0.387460262529405E+01  0.697287955438808E+01
   0.542325051200895E+01  0.309902687103516E+01  0.697342565671408E+01
   0.619878277521634E+01  0.309890709987995E+01  0.619744573457488E+01
   0.697257834740812E+01  0.387354868580875E+01  0.619781117658487E+01
   0.619881424274429E+01  0.387459564466794E+01  0.697269644707032E+01
   0.697393413822950E+01  0.309889370020949E+01  0.697225832132728E+01
   0.774722544225409E+01  0.309978791217653E+01  0.619828500543831E+01
   0.852211029719393E+01  0.387478590463773E+01  0.619882932719957E+01
   0.774814680145064E+01  0.387470832148051E+01  0.697314799450831E+01
   0.852305541246112E+01  0.309861479338311E+01  0.697328943619561E+01
  -0.146589026442467E-05  0.464858186809454E+01  0.619792405910786E+01
   0.774307080684281E+00  0.542293895123691E+01  0.619786484193565E+01
   0.566005784301481E-03  0.542332210676196E+01  0.697302572051051E+01
   0.773826011714846E+00  0.464865237936996E+01  0.697304839215480E+01
   0.154904671671436E+01  0.464930313011774E+01  0.619767023629038E+01
   0.232380672753130E+01  0.542373180313001E+01  0.619859365016954E+01
   0.154916758040460E+01  0.542351105176183E+01  0.697410910064275E+01
   0.232490039776399E+01  0.464931403682331E+01  0.697300742784297E+01
   0.309987232797515E+01  0.464911015219977E+01  0.619864753818004E+01
   0.387334163974180E+01  0.542303932863092E+01  0.619754448135280E+01
   0.309877189319961E+01  0.542356817331592E+01  0.697251899872457E+01
   0.387426510889944E+01  0.464963134035326E+01  0.697268681988456E+01
   0.464850159858585E+01  0.464845951999447E+01  0.619900578112567E+01
   0.542364572524084E+01  0.542343837586785E+01  0.619814192778004E+01
   0.464828466181447E+01  0.542307057845623E+01  0.697260162365107E+01
   0.542311309724268E+01  0.464866547086662E+01  0.697270021239082E+01
   0.619854458105206E+01  0.464936281662771E+01  0.619840558339110E+01
   0.697348469694450E+01  0.542397431556410E+01  0.619759940509839E+01
   0.619891116200291E+01  0.542439445962033E+01  0.697309845026254E+01
   0.697387122248793E+01  0.464967299289941E+01  0.697269190102330E+01
   0.774758064635548E+01  0.464938785480539E+01  0.619813042925228E+01
   0.852239252734851E+01  0.542390567958652E+01  0.619888232762719E+01
   0.774826490402754E+01  0.542280042839234E+01  0.697223456905582E+01
   0.852377130712246E+01  0.464927568897542E+01  0.697315633691679E+01
   0.746981525562677E-03  0.619929906629070E+01  0.619751822708521E+01
   0.774278064996236E+00  0.697319796512520E+01  0.619794089171955E+01
   0.636959217375600E-03  0.697244635960256E+01  0.697367317238153E+01
   0.774822366076833E+00  0.619932038724255E+01  0.697275382076747E+01
   0.154909106478184E+01  0.619785874596255E+01  0.619933885207275E+01
   0.232410886219645E+01  0.697230691332390E+01  0.619886543202504E+01
   0.155039181125275E+01  0.697387433975267E+01  0.697264194401029E+01
   0.232357972092232E+01  0.619922823419075E+01  0.697232210880834E+01
   0.309868722263375E+01  0.619842747806609E+01  0.619916710280539E+01
   0.387456159714885E+01  0.697295565415109E+01  0.619826547223107E+01
   0.309895445095540E+01  0.697268318982060E+01  0.697233086540791E+01
   0.387363718759942E+01  0.619802028138081E+01  0.697388183173918E+01
   0.464898618707958E+01  0.619911009433116E+01  0.619834832523294E+01
   0.542438828911046E+01  0.697378856689924E+01  0.619867512115868E+01
   0.464806776037072E+01  0.697301557746402E+01  0.697410494502498E+01
   0.542399209397919E+01  0.619929986355106E+01  0.697290632032319E+01
   0.619768928143675E+01  0.619889140658787E+01  0.619777753688296E+01
   0.697248546339945E+01  0.697276805356907E+01  0.619793522362678E+01
   0.619911504699534E+01  0.697362141477121E+01  0.697378329810405E+01
   0.697227956035694E+01  0.619761773346458E+01  0.697367035007054E+01
   0.774804099526537E+01  0.619836996997076E+01  0.619753647662610E+01
   0.852340802834573E+01  0.697293704977584E+01  0.619925308371320E+01
   0.774840730885816E+01  0.697365040048959E+01  0.697275777904699E+01
   0.852229884165982E+01  0.619791754188259E+01  0.697252351820634E+01
   0.431264798811977E-04  0.774898334581868E+01  0.619834359192089E+01
   0.775504333276375E+00  0.852347792630958E+01  0.619742125368569E+01
  -0.649514702501495E-03  0.852269742586365E+01  0.697314334085184E+01
   0.775165377222929E+00  0.774830176095612E+01  0.697416258622029E+01
   0.155038442387930E+01  0.774792506582115E+01  0.619845846331404E+01
   0.232369301270383E+01  0.852205250199479E+01  0.619906225971391E+01
   0.155039122126877E+01  0.852240172220956E+01  0.697322802812067E+01
   0.232372334238276E+01  0.774706227142990E+01  0.697233783152301E+01
   0.309858971263420E+01  0.774858983089638E+01  0.619770816918063E+01
   0.387388801792902E+01  0.852196262426852E+01  0.619800314389709E+01
   0.309832379109110E+01  0.852277787673099E+01  0.697304914440046E+01
   0.387434078094848E+01  0.774818359395927E+01  0.697318588327395E+01
   0.464950361843409E+01  0.774741669401656E+01  0.619787592207587E+01
   0.542368853382894E+01  0.852342425355068E+01  0.619914740563908E+01
   0.464901216387233E+01  0.852246676827976E+01  0.697273600628945E+01
   0.542268323079178E+01  0.774890934365698E+01  0.697228691622159E+01
   0.619926603785872E+01  0.774837536959147E+01  0.619881854554885E+01
   0.697314676245488E+01  0.852317652659286E+01  0.619850870916185E+01
   0.619880063002771E+01  0.852206494816844E+01  0.697324311485790E+01
   0.697327130181857E+01  0.774870545825367E+01  0.697315368260773E+01
   0.774733881943912E+01  0.774707037898033E+01  0.619864594544054E+01
   0.852184445944295E+01  0.852245554565962E+01  0.619853381893943E+01
   0.774877357495576E+01  0.852372267197076E+01  0.697318165842846E+01
   0.852230847084937E+01  0.774875618341955E+01  0.697239892594978E+01
   0.709151522333473E-03  0.363051561778484E-03  0.774749880650840E+01
   0.775341292046042E+00  0.774837770610748E+00  0.774801270202684E+01
  -0.382269800769273E-03  0.774714102830068E+00  0.852217565041646E+01
   0.774532737225465E+00  0.332510439303822E-03  0.852363182996138E+01
   0.155009297394448E+01  0.263324939804005E-03  0.774712551548150E+01
   0.232422173436930E+01  0.775312624791700E+00  0.774895283262280E+01
   0.154991210489982E+01  0.774359022883151E+00  0.852273425801111E+01
   0.232435872756738E+01  0.320241621176019E-03  0.852210693831258E+01
   0.309850932564254E+01  0.124456492301618E-03  0.774739488844204E+01
   0.387393503026485E+01  0.775176084715590E+00  0.774718698498990E+01
   0.309926521661303E+01  0.774462603882579E+00  0.852189226234245E+01
   0.387389248776859E+01 -0.888666314982494E-03  0.852265807317684E+01
   0.464786837962939E+01  0.682647743885804E-03  0.774718655141198E+01
   0.542421826392031E+01  0.775303370440521E+00  0.774800535854262E+01
   0.464879179731190E+01  0.774818905105966E+00  0.852308568466743E+01
   0.542296511713521E+01  0.660343164305336E-03  0.852284347224070E+01
   0.619829591128810E+01  0.290603185031409E-03  0.774853918596635E+01
   0.697222952590298E+01  0.775134578796994E+00  0.774829266522304E+01
   0.619858186388371E+01  0.775740775230724E+00  0.852193715132610E+01
   0.697319185132859E+01  0.264515404391894E-03  0.852210091739337E+01
   0.774895513708308E+01  0.893598636542996E-03  0.774726345564903E+01
   0.852259522661683E+01  0.775628518250722E+00  0.774723084254974E+01
   0.774805599506332E+01  0.774069689542877E+00  0.852321130351767E+01
   0.852275727283493E+01 -0.630908582747678E-04  0.852352960269213E+01
  -0.933248000021909E-04  0.155017480877872E+01  0.774826288489917E+01
   0.775591520388084E+00  0.232510552554340E+01  0.774731913537175E+01
   0.974761066231721E-03  0.232527261999792E+01  0.852269292870549E+01
   0.774363895657644E+00  0.154966988485893E+01  0.852280595976813E+01
   0.154942038351123E+01  0.155043260516614E+01  0.774820736088641E+01
   0.232459146322056E+01  0.232381541233664E+01  0.774865290396133E+01
   0.155029537020780E+01  0.232443031016992E+01  0.852229000316910E+01
   0.232530130546397E+01  0.155031363918257E+01  0.852256057663213E+01
   0.309891754201618E+01  0.154908661387799E+01  0.774830020103228E+01
   0.387398745338262E+01  0.232371497888509E+01  0.774795090139448E+01
   0.309895383583884E+01  0.232520045322469E+01  0.852226317828773E+01
   0.387326889162218E+01  0.154960241163031E+01  0.852322646627492E+01
   0.464875836256140E+01  0.154890541218197E+01  0.774899943606003E+01
   0.542399934618355E+01  0.232531314568648E+01  0.774768807893064E+01
   0.464970159693655E+01  0.232463492614234E+01  0.852257088462948E+01
   0.542413813215794E+01  0.154867171022455E+01  0.852229555804522E+01
   0.619878081679923E+01  0.154894767252064E+01  0.774877446803918E+01
   0.697419183055550E+01  0.232456348586720E+01  0.774725357408717E+01
   0.619763497271693E+01  0.232431507013163E+01  0.852364040199763E+01
   0.697305484842567E+01  0.154866008264498E+01  0.852222590767424E+01
   0.774805652907187E+01  0.154942094791117E+01  0.774814468140177E+01
   0.852329765098381E+01  0.232394596605506E+01  0.774722527976805E+01
   0.774802387831941E+01  0.232415561161932E+01  0.852191288145523E+01
   0.852194650180988E+01  0.155042930195684E+01  0.852276519082871E+01
   0.946173920836822E-03  0.309897046065811E+01  0.774711639441062E+01
   0.775255174221309E+00  0.387412983822930E+01  0.774771738347392E+01
   0.167825826991235E-03  0.387413119118028E+01  0.852220280766034E+01
   0.774270426313656E+00  0.309920198835610E+01  0.852255818919458E+01
   0.154952663749395E+01  0.309987150344209E+01  0.774878374064926E+01
   0.232451689800903E+01  0.387351352236004E+01  0.774805417888585E+01
   0.154894681292561E+01  0.387489193912055E+01  0.852347835649210E+01
   0.232393114618501E+01  0.309915115983513E+01  0.852341479145860E+01
   0.309889128885992E+01  0.309838672745347E+01  0.774798935389294E+01
   0.387495894259696E+01  0.387352247287827E+01  0.774741814786869E+01
   0.309845949756287E+01  0.387472386319498E+01  0.852241582026906E+01
   0.387424335356014E+01  0.309948291227288E+01  0.852279260071231E+01
   0.464913072440784E+01  0.309987277939127E+01  0.774753477590784E+01
   0.542438087399309E+01  0.387302045711267E+01  0.774852724434581E+01
   0.464803077119901E+01  0.387370280178523E+01  0.852240005660185E+01
   0.542457246495860E+01  0.309936694516790E+01  0.852205483524261E+01
   0.619867862061389E+01  0.310002739817888E+01  0.774774693403847E+01
   0.697266231378043E+01  0.387318173693768E+01  0.774782064717805E+01
   0.619937496423028E+01  0.387362673896581E+01  0.852190623764216E+01
   0.697299161768859E+01  0.309923639316984E+01  0.852356788911004E+01
   0.774887438213701E+01  0.309958115897716E+01  0.774778889681703E+01
   0.852184210308043E+01  0.387379338729282E+01  0.774764968680438E+01
   0.774738983613000E+01  0.387329870867798E+01  0.852235303739748E+01
   0.852378302960680E+01  0.309834039771478E+01  0.852259482450636E+01
  -0.211019452757506E-04  0.464951741265119E+01  0.774843212231206E+01
   0.774919732649517E+00  0.542454137676845E+01  0.774783511057812E+01
  -0.804654153845896E-03  0.542339847859083E+01  0.852270260295579E+01
   0.775656645112142E+00  0.464943039426638E+01  0.852352563681860E+01
   0.155031213117994E+01  0.464930557299203E+01  0.774746068281229E+01
   0.232385217754652E+01  0.542440718197300E+01  0.774750109062010E+01
   0.154890205345348E+01  0.542441717958357E+01  0.852242867769595E+01
   0.232447853011680E+01  0.464807009630442E+01  0.852340360184661E+01
   0.309981626231119E+01  0.464783631305737E+01  0.774851427744595E+01
   0.387402247744462E+01  0.542374056861171E+01  0.774761707758399E+01
   0.309918416582883E+01  0.542261164156633E+01  0.852327287138692E+01
   0.387400686353629E+01  0.464857082440425E+01  0.852369538747595E+01
   0.464862103977452E+01  0.464907395229645E+01  0.774800392069510E+01
   0.542421537063742E+01  0.542310092375732E+01  0.774799516689586E+01
   0.464978295992810E+01  0.542290865005711E+01  0.852210611625279E+01
   0.542308065128680E+01  0.464885535938834E+01  0.852275113063971E+01
   0.619839931709408E+01  0.464888493700890E+01  0.774802056758604E+01
   0.697368125865715E+01  0.542413623599270E+01  0.774856990888437E+01
   0.619843454591285E+01  0.542434481195863E+01  0.852359235005158E+01
   0.697383530345662E+01  0.464970032689414E+01  0.852249259189189E+01
   0.774734580283025E+01  0.464965176217096E+01  0.774845070955401E+01
   0.852371672171207E+01  0.542408085018571E+01  0.774845613020377E+01
   0.774705222841053E+01  0.542363944434900E+01  0.852263369988070E+01
   0.852312106664157E+01  0.464936556615725E+01  0.852315978958139E+01
   0.985585045468204E-03  0.619811496790336E+01  0.774783054548428E+01
   0.775304321441244E+00  0.697344788441771E+01  0.774833737800753E+01
   0.748877346900731E-03  0.697346468808833E+01  0.852202912224964E+01
   0.775248304306660E+00  0.619923473823429E+01  0.852213249720552E+01
   0.155012778773610E+01  0.619740420570139E+01  0.774896113755225E+01
   0.232433799716758E+01  0.697347910124301E+01  0.774844249319224E+01
   0.154977264738090E+01  0.697398413423657E+01  0.852193759844659E+01
   0.232462665732498E+01  0.619873888254523E+01  0.852355519391874E+01
   0.309948778830976E+01  0.619870665938596E+01  0.774747842939546E+01
   0.387364255483366E+01  0.697370315993919E+01  0.774839904175629E+01
   0.309884033447784E+01  0.697273351596236E+01  0.852239374391475E+01
   0.387373041748279E+01  0.619794185839997E+01  0.852304531033872E+01
   0.464861282979154E+01  0.619913703496982E+01  0.774816114026415E+01
   0.542387500500359E+01  0.697303141600591E+01  0.774887108713760E+01
   0.464876779147621E+01  0.697392879839876E+01  0.852199978642726E+01
   0.542344273352680E+01  0.619939625359240E+01  0.852267696369775E+01
   0.619932455956676E+01  0.619827973832884E+01  0.774800983697933E+01
   0.697241207288576E+01  0.697400152906304E+01  0.774802813905769E+01
   0.619854620385436E+01  0.697293476228451E+01  0.852356326559968E+01
   0.697281780960429E+01  0.619792019839323E+01  0.852348160094859E+01
   0.774754218183425E+01  0.619795188085415E+01  0.774761585734993E+01
   0.852232161774651E+01  0.697284289992671E+01  0.774786956706249E+01
   0.774721552044033E+01  0.697359762379324E+01  0.852264249708976E+01
   0.852299310848901E+01  0.619751343716253E+01  0.852362728404774E+01
   0.574974920751372E-03  0.774782137421805E+01  0.774816902674069E+01
   0.773806117507275E+00  0.852279219636394E+01  0.774778540812333E+01
   0.223750448389896E-03  0.852287197574344E+01  0.852223496699247E+01
   0.775482016286848E+00  0.774849665120892E+01  0.852338607899396E+01
   0.154886277756837E+01  0.774793104220833E+01  0.774821439080368E+01
   0.232384883457097E+01  0.852231772346992E+01  0.774898647277311E+01
   0.154895796824370E+01  0.852344518837386E+01  0.852316011567586E+01
   0.232484781964364E+01  0.774884896135671E+01  0.852218581841345E+01
   0.309926031738332E+01  0.774738207621746E+01  0.774795765660740E+01
   0.387310933149762E+01  0.852254814816634E+01  0.774812697293174E+01
   0.309996496431747E+01  0.852235858761405E+01  0.852367316124811E+01
   0.387445551010498E+01  0.774843002911183E+01  0.852209344402609E+01
   0.464882141847267E+01  0.774718651670824E+01  0.774860057111025E+01
   0.542269557913619E+01  0.852287125683425E+01  0.774802753498177E+01
   0.464829775008181E+01  0.852274136946691E+01  0.852320826604177E+01
   0.542374016375304E+01  0.774885316317043E+01  0.852320853014534E+01
   0.619786825267755E+01  0.774742568377881E+01  0.774860001545622E+01
   0.697334512562544E+01  0.852266062991210E+01  0.774822559031650E+01
   0.619877034531394E+01  0.852367312328032E+01  0.852337127171518E+01
   0.697278540188749E+01  0.774726156137239E+01  0.852320981692965E+01
   0.774817438808525E+01  0.774706323036723E+01  0.774720955079854E+01
   0.852377231847552E+01  0.852338287510976E+01  0.774854393056920E+01
   0.774792435885901E+01  0.852221339999329E+01  0.852343194366931E+01
   0.852261565048843E+01  0.774739173949110E+01  0.852375084516969E+01
