% F   1372  0.108472000000000E+02  0.108472000000000E+02  0.108472000000000E+02
   0.135189382879296E-03 -0.599239995777034E-04  0.364851108852563E-03
   0.773981258033712E+00  0.775356019849867E+00 -0.578640192513815E-03
  -0.905170916153812E-03  0.774713365217530E+00  0.774357455865981E+00
   0.774799092509215E+00 -0.217929440380408E-03  0.775012678301126E+00
   0.154973039397580E+01 -0.869893519649009E-03  0.754149297308098E-03
   0.232390922968618E+01  0.775529289089466E+00  0.392095666393654E-03
   0.154967696759728E+01  0.775321111239259E+00  0.774463913489009E+00
   0.232381044417806E+01  0.537022594681976E-03  0.774297172832122E+00
   0.309933214535461E+01  0.718820834941918E-03  0.999492298674460E-04
   0.387387727370958E+01  0.773923796751711E+00 -0.571016467232092E-03
   0.309868566964592E+01  0.773952257618973E+00  0.773807008029754E+00
   0.387367037216622E+01 -0.247097474401699E-03  0.775277639848873E+00
   0.464791652859434E+01 -0.389205818633034E-03  0.367036281353613E-03
   0.542300244953974E+01  0.775180788000220E+00 -0.860349526348339E-03
   0.464926609861785E+01  0.773857874231393E+00  0.774346850988825E+00
   0.542393034767525E+01 -0.611323030583277E-03  0.775787853168455E+00
   0.619782379928774E+01 -0.858255529158363E-03 -0.281294854134746E-03
   0.697347339339429E+01  0.774246552199901E+00  0.261070010774439E-03
   0.619912347947426E+01  0.773950708048348E+00  0.774389051993796E+00
   0.697240845971677E+01 -0.160389410699845E-03  0.775306519727592E+00
   0.774792711737466E+01  0.727044670193844E-04  0.572572997529002E-03
   0.852368239924329E+01  0.775427304259002E+00  0.928696914280938E-03
   0.774705810351302E+01  0.775032131113064E+00  0.774959720676351E+00
   0.852296928478057E+01  0.206737964722309E-03  0.775555790862602E+00
   0.929812716961123E+01  0.107019850231091E-03 -0.311689963111093E-04
   0.100732765843730E+02  0.774497766514948E+00 -0.555514808769037E-03
   0.929687581959601E+01  0.774713049064394E+00  0.773967159761253E+00
   0.100726417979596E+02  0.844041914384340E-03  0.774395628023365E+00
   0.931451997015912E-03  0.154959978583219E+01  0.906579183308840E-03
   0.774434720692888E+00  0.232355750710442E+01 -0.308902683875900E-03
   0.182059150024335E-03  0.232380366823513E+01  0.774275487142975E+00
   0.775334252671068E+00  0.154960063239700E+01  0.774435185183166E+00
   0.155009908076906E+01  0.155020560928140E+01  0.855673208647761E-03
   0.232519891062056E+01  0.232530506792136E+01 -0.627973725808920E-03
   0.155026782549950E+01  0.232428431807545E+01  0.775149820645787E+00
   0.232360072884876E+01  0.155039375131567E+01  0.774263333855513E+00
   0.309897606173249E+01  0.154909146782648E+01  0.813278680557993E-03
   0.387352974508217E+01  0.232413668259650E+01 -0.976995602858646E-03
   0.309844973083889E+01  0.232471123978587E+01  0.775324988141091E+00
   0.387369716592581E+01  0.155022063393266E+01  0.775078218937155E+00
   0.464820005368446E+01  0.154896912255751E+01 -0.163792107265838E-03
   0.542374068632779E+01  0.232362248194551E+01  0.477774784248973E-03
   0.464817013456435E+01  0.232367177062781E+01  0.775265918630666E+00
   0.542331707329912E+01  0.154881060580033E+01  0.774600955529288E+00
   0.619852988806186E+01  0.154964623761544E+01  0.457508428198294E-03
   0.697354261219471E+01  0.232347972733286E+01 -0.709514829470639E-03
   0.619884384358189E+01  0.232360065780129E+01  0.775780183525412E+00
   0.697248645774692E+01  0.155051449770397E+01  0.775295887615690E+00
   0.774742140788740E+01  0.155013237625765E+01 -0.424395520569018E-03
   0.852263430643542E+01  0.232461462126799E+01 -0.887854601958702E-03
   0.774812979356965E+01  0.232450169532971E+01  0.774414889172384E+00
   0.852330208560722E+01  0.154905567302198E+01  0.774992542399669E+00
   0.929684345607990E+01  0.154967471762756E+01 -0.574711311441501E-03
   0.100717510006909E+02  0.232507813262041E+01 -0.792907698471329E-03
   0.929780810102308E+01  0.232444134490679E+01  0.774090448472249E+00
   0.100722830803767E+02  0.155027605166026E+01  0.775750375782765E+00
  -0.504647712200699E-03  0.309940251692773E+01  0.989859930708538E-03
   0.775228336400582E+00  0.387451710038383E+01  0.266901244225121E-03
  -0.135355682894734E-03  0.387455111774540E+01  0.775414434858038E+00
   0.775613470791880E+00  0.309899408404590E+01  0.774746857174608E+00
   0.155002439687983E+01  0.310001364671083E+01  0.329795071268694E-03
   0.232526080226199E+01  0.387486426237074E+01  0.676468726522255E-04
   0.155024278289664E+01  0.387406873070425E+01  0.775146242489824E+00
   0.232471334533070E+01  0.309877884371268E+01  0.775137215229925E+00
   0.309894146212617E+01  0.309909061006172E+01 -0.225642843394051E-03
   0.387432874335668E+01  0.387404628087838E+01 -0.640077105868262E-03
   0.309952194045018E+01  0.387387743804726E+01  0.775783623637347E+00
   0.387433271503472E+01  0.310009161330662E+01  0.775280896808398E+00
   0.464842623706073E+01  0.310003462795969E+01 -0.862256831700641E-03
   0.542449682808333E+01  0.387440932967377E+01 -0.305218174672787E-03
   0.464856029207796E+01  0.387312360637637E+01  0.774254528168845E+00
   0.542339403235739E+01  0.310019503979335E+01  0.774660798401426E+00
   0.619785653808377E+01  0.309912666267099E+01  0.686729286906026E-03
   0.697302476593328E+01  0.387488554571954E+01 -0.741337311816982E-03
   0.619910170650652E+01  0.387470374289375E+01  0.774132142186169E+00
   0.697390770076648E+01  0.309926100165977E+01  0.775025917990273E+00
   0.774876605987185E+01  0.310013479834122E+01  0.695739886868855E-03
   0.852299821189945E+01  0.387430389742885E+01  0.960462107930448E-03
   0.774763368869752E+01  0.387456919301949E+01  0.775012671121711E+00
   0.852189592873024E+01  0.309996547917767E+01  0.775644264930689E+00
   0.929735141015628E+01  0.309908722420812E+01  0.879012873012258E-03
   0.100723911548694E+02  0.387433932275227E+01 -0.765026880627266E-03
   0.929764499533987E+01  0.387387547539835E+01  0.773951699785673E+00
   0.100721694701307E+02  0.309954536489500E+01  0.774023935486856E+00
  -0.252422208146279E-03  0.464801568456735E+01 -0.373844264674155E-03
   0.774185967927103E+00  0.542313350866570E+01 -0.244396511586899E-03
  -0.642103688378547E-03  0.542364668146760E+01  0.775057882125182E+00
   0.774602957489474E+00  0.464836859539291E+01  0.773822665054579E+00
   0.155001158735905E+01  0.464847329114946E+01  0.460730867450979E-03
   0.232509942762035E+01  0.542261662637532E+01  0.172396410998592E-03
   0.155046355267470E+01  0.542422304763885E+01  0.775774118021728E+00
   0.232457422586682E+01  0.464945616963623E+01  0.774053708626658E+00
   0.309883731570201E+01  0.464955127898814E+01 -0.220672118528195E-03
   0.387312375892330E+01  0.542367219815331E+01 -0.864017762458760E-03
   0.309965442436036E+01  0.542404342701398E+01  0.775304822146689E+00
   0.387357505739731E+01  0.464837995261912E+01  0.775799641169314E+00
   0.464933722829378E+01  0.464922841770310E+01  0.934857330284561E-03
   0.542325082311648E+01  0.542290210669465E+01  0.413520171277884E-03
   0.464909182625057E+01  0.542393880133640E+01  0.774536350420534E+00
   0.542365754901385E+01  0.464796931869409E+01  0.775276228476874E+00
   0.619817549175047E+01  0.464880847540868E+01 -0.401106574042376E-03
   0.697294717620844E+01  0.542319658331273E+01 -0.464190224762646E-03
   0.619754187219064E+01  0.542433621710665E+01  0.775029145812459E+00
   0.697331652924448E+01  0.464813133322246E+01  0.774696716583514E+00
   0.774732494487896E+01  0.464845414495719E+01  0.461178472878164E-03
   0.852323436661539E+01  0.542313735091083E+01 -0.723216802255870E-03
   0.774806101211017E+01  0.542309055794898E+01  0.774940854260054E+00
   0.852189368923412E+01  0.464907724873091E+01  0.774389857692832E+00
   0.929748767611223E+01  0.464789111562712E+01  0.259396900430510E-03
   0.100718446682132E+02  0.542286719417071E+01  0.567401079171376E-03
   0.929761027718137E+01  0.542399135846062E+01  0.775359381107693E+00
   0.100725963570376E+02  0.464793651631011E+01  0.775122381954631E+00
   0.491053936478829E-04  0.619901243833359E+01  0.769066691987054E-03
   0.773853035968545E+00  0.697407708441974E+01  0.115293528407971E-03
  -0.979474558906811E-03  0.697260476859912E+01  0.773960768885108E+00
   0.775786339963487E+00  0.619865182575468E+01  0.774385400059058E+00
   0.154866595826659E+01  0.619769575702684E+01  0.312556785900121E-03
   0.232521421445411E+01  0.697280426406955E+01 -0.343876658781713E-03
   0.154883823148943E+01  0.697272750568976E+01  0.774896142817521E+00
   0.232416354589325E+01  0.619893963397998E+01  0.774318149479373E+00
   0.309904814989605E+01  0.619880974502550E+01  0.863159119162673E-03
   0.387442678312054E+01  0.697331467650651E+01  0.607327067390392E-03
   0.309875273822448E+01  0.697324267350425E+01  0.775513036060838E+00
   0.387439163602030E+01  0.619825333928293E+01  0.775603280265380E+00
   0.464841539924401E+01  0.619767674318541E+01 -0.312941525212609E-04
   0.542360618840677E+01  0.697410226326672E+01 -0.858829825222477E-03
   0.464907974305936E+01  0.697329517541917E+01  0.773928195525791E+00
   0.542399093449784E+01  0.619867559085495E+01  0.775114169109559E+00
   0.619893921984916E+01  0.619869612435182E+01 -0.503891909444180E-03
   0.697308281268555E+01  0.697384768619885E+01  0.629678816572824E-03
   0.619865828283380E+01  0.697414719324628E+01  0.775728433337178E+00
   0.697360109657869E+01  0.619817379083095E+01  0.774790005334441E+00
   0.774766137492077E+01  0.619850333120828E+01  0.688849405494464E-03
   0.852292954166773E+01  0.697283824391006E+01 -0.702665716551164E-03
   0.774887091140848E+01  0.697309549196170E+01  0.773853011481094E+00
   0.852337666360689E+01  0.619854611747162E+01  0.774810163727977E+00
   0.929833489389261E+01  0.619789412461023E+01  0.106501638265578E-03
   0.100720457077703E+02  0.697360680497591E+01 -0.225478281029520E-03
   0.929837370054461E+01  0.697368281570682E+01  0.774894552033026E+00
   0.100716849355337E+02  0.619784658496647E+01  0.774300981939031E+00
  -0.935097297093209E-03  0.774769747437572E+01 -0.345916213289377E-03
   0.774494413199177E+00  0.852181096804813E+01  0.961211912982566E-03
   0.680027142318741E-03  0.852344092735870E+01  0.774936115179351E+00
   0.774192268882965E+00  0.774704105144412E+01  0.775448843602114E+00
   0.155029029300376E+01  0.774780529929944E+01  0.932936895597090E-03
   0.232536184385190E+01  0.852323356602900E+01 -0.281851624530121E-03
   0.154994349817541E+01  0.852331493969692E+01  0.774626525704772E+00
   0.232427889860473E+01  0.774871066802924E+01  0.775087441747970E+00
   0.309895694907406E+01  0.774770351384082E+01 -0.683477734058451E-03
   0.387373763282837E+01  0.852354217719734E+01 -0.185704164800654E-03
   0.309891881646453E+01  0.852214928066294E+01  0.774504879709472E+00
   0.387386858095147E+01  0.774854863070578E+01  0.774071406262501E+00
   0.464952253568021E+01  0.774738428519131E+01 -0.939970885138460E-03
   0.542312874968105E+01  0.852265183046318E+01 -0.560310239681899E-03
   0.464879950049943E+01  0.852290607269797E+01  0.775514623068258E+00
   0.542412984137218E+01  0.774874074130795E+01  0.774912229923518E+00
   0.619825212019069E+01  0.774849002163893E+01 -0.652613738151250E-03
   0.697384624337072E+01  0.852241765047284E+01  0.239845684105248E-03
   0.619818588356227E+01  0.852315720679947E+01  0.775577952051612E+00
   0.697383270957456E+01  0.774894851614912E+01  0.774388503502132E+00
   0.774833706388000E+01  0.774772143290564E+01 -0.748146953058577E-04
   0.852294656988817E+01  0.852196687022828E+01  0.135451527483161E-04
   0.774895729883568E+01  0.852241278729726E+01  0.775322091739035E+00
   0.852246562580368E+01  0.774854802394034E+01  0.773973088360314E+00
   0.929780660458644E+01  0.774859711568549E+01 -0.531809322554453E-03
   0.100732999940931E+02  0.852276251124105E+01 -0.807895314918792E-03
   0.929673452965030E+01  0.852311019329497E+01  0.775006630911531E+00
   0.100731970294097E+02  0.774727624345672E+01  0.775012304528051E+00
  -0.853726363806754E-03  0.929849051179328E+01  0.737007933504756E-03
   0.775319383303871E+00  0.100732306126819E+02 -0.661346471629242E-03
  -0.377837453129428E-03  0.100724591876620E+02  0.774800217069236E+00
   0.775727335522250E+00  0.929807205155371E+01  0.774398006747856E+00
   0.154994761694640E+01  0.929769000890018E+01 -0.333464420109675E-03
   0.232346952557908E+01  0.100716719996288E+02  0.291103453331300E-03
   0.154937216605296E+01  0.100721524049471E+02  0.773981932738518E+00
   0.232388818842878E+01  0.929832546787475E+01  0.775726654065270E+00
   0.309999884364468E+01  0.929668009013604E+01 -0.123844359280294E-03
   0.387302442636616E+01  0.100724247607612E+02 -0.479859379663826E-03
   0.309823651289847E+01  0.100731331239430E+02  0.775700347197072E+00
   0.387404449231988E+01  0.929818706017442E+01  0.775559439718909E+00
   0.464892530815616E+01  0.929795377918872E+01  0.358196008014029E-03
   0.542358976744713E+01  0.100723423460719E+02  0.512871345592975E-03
   0.464794362731425E+01  0.100716194015041E+02  0.775486959763582E+00
   0.542398039916349E+01  0.929793906954365E+01  0.774506379476198E+00
   0.619939659983902E+01  0.929696599908405E+01 -0.821587897945010E-03
   0.697300895879243E+01  0.100728737820243E+02  0.776606414000676E-04
   0.619896730054340E+01  0.100733849420727E+02  0.774969539475344E+00
   0.697372217289034E+01  0.929749634323327E+01  0.775176239195500E+00
   0.774808599770210E+01  0.929815912219799E+01  0.565190233130356E-03
   0.852307023605502E+01  0.100731364257118E+02 -0.956001777929514E-04
   0.774757022321248E+01  0.100725534568705E+02  0.775037901389950E+00
   0.852320624254330E+01  0.929764567269521E+01  0.774884729422853E+00
   0.929689076766590E+01  0.929810211396660E+01  0.737990474451891E-03
   0.100718101154422E+02  0.100728038224208E+02 -0.677223943773125E-03
   0.929710513898932E+01  0.100728368820732E+02  0.775664898858231E+00
   0.100720856147708E+02  0.929753678477268E+01  0.775344040250838E+00
  -0.914404578708534E-03 -0.998356508869434E-04  0.154990869045600E+01
   0.773901564342663E+00  0.775421206368267E+00  0.154996432588908E+01
  -0.263403553683343E-03  0.775480225104279E+00  0.232399953441940E+01
   0.775486443785328E+00 -0.526941604805241E-03  0.232377066377705E+01
   0.154888955870146E+01  0.337888319439389E-03  0.155055246127032E+01
   0.232388912235551E+01  0.774358700654359E+00  0.154976193204318E+01
   0.155006942198308E+01  0.774719215348200E+00  0.232493228726862E+01
   0.232479067942556E+01  0.505361423199192E-03  0.232373081117878E+01
   0.309974567354768E+01 -0.957975776786893E-03  0.154944428144642E+01
   0.387499883216707E+01  0.774385193231043E+00  0.154942884542714E+01
   0.309829165310257E+01  0.774681677452688E+00  0.232492493539757E+01
   0.387375404921260E+01  0.242681775890218E-03  0.232362254267644E+01
   0.464838173378025E+01  0.161430009102712E-03  0.154864073838600E+01
   0.542321249357583E+01  0.775224155329046E+00  0.154925276241061E+01
   0.464796775141831E+01  0.775308816740807E+00  0.232365080991983E+01
   0.542442401876403E+01  0.125416610018751E-03  0.232491150855331E+01
   0.619741982774155E+01 -0.526899598781405E-03  0.154900773258625E+01
   0.697232531766282E+01  0.773832608511229E+00  0.154885858839894E+01
   0.619862400590210E+01  0.774429443960598E+00  0.232401870257600E+01
   0.697339869825868E+01  0.942713338850628E-03  0.232504160131594E+01
   0.774763032601633E+01 -0.527026759767053E-03  0.155037108562696E+01
   0.852227514332455E+01  0.775661806931887E+00  0.154933404040177E+01
   0.774894620353102E+01  0.774179433888473E+00  0.232528149428523E+01
   0.852314932323954E+01  0.444408140904651E-03  0.232414145635832E+01
   0.929665473058112E+01 -0.493939067026615E-03  0.154966452554879E+01
   0.100729407394422E+02  0.775596833746749E+00  0.154953203364031E+01
   0.929804402156438E+01  0.773976952758631E+00  0.232462649865596E+01
   0.100722942883244E+02  0.134096084351056E-03  0.232510480370468E+01
  -0.803156517127691E-03  0.155026868857676E+01  0.155018365805809E+01
   0.774241654069257E+00  0.232415707644434E+01  0.155014601131346E+01
   0.688291895427158E-03  0.232449665537716E+01  0.232476833784743E+01
   0.774645732469379E+00  0.155049734980367E+01  0.232432381780257E+01
   0.154975207569648E+01  0.155024544751916E+01  0.154881645141262E+01
   0.232362843368544E+01  0.232474086271661E+01  0.154891960085619E+01
   0.155053454876048E+01  0.232493549800359E+01  0.232435372558971E+01
   0.232443238322146E+01  0.154937906419760E+01  0.232369603496598E+01
   0.309965886678284E+01  0.154869301810220E+01  0.154886563133163E+01
   0.387401114286738E+01  0.232360078814753E+01  0.154920175413636E+01
   0.309831336407798E+01  0.232368730741376E+01  0.232472218725131E+01
   0.387307005997281E+01  0.154882324193573E+01  0.232349013592541E+01
   0.464932661236109E+01  0.154922793106648E+01  0.154945450216273E+01
   0.542322303435890E+01  0.232405960044487E+01  0.155033095492007E+01
   0.464800630873747E+01  0.232344614519236E+01  0.232470523346942E+01
   0.542409054808564E+01  0.155018936808263E+01  0.232477330874756E+01
   0.619744853635565E+01  0.154884728475929E+01  0.154907781174834E+01
   0.697415146564588E+01  0.232433677468421E+01  0.154884801693365E+01
   0.619888391710200E+01  0.232427916968640E+01  0.232473936403548E+01
   0.697351699837662E+01  0.155040162498633E+01  0.232421543575151E+01
   0.774711621489614E+01  0.155001374119995E+01  0.154979032523749E+01
   0.852256639656038E+01  0.232539811782541E+01  0.154904880158846E+01
   0.774732489642027E+01  0.232420107874513E+01  0.232493244208870E+01
   0.852256198702031E+01  0.154936268485401E+01  0.232448096065147E+01
   0.929717202792124E+01  0.154871794938642E+01  0.155017074369754E+01
   0.100723869913375E+02  0.232392881973920E+01  0.155048996017909E+01
   0.929851644362687E+01  0.232375261501596E+01  0.232414331489771E+01
   0.100724055761224E+02  0.155047980929974E+01  0.232405099278449E+01
   0.158370239224796E-03  0.309895555992910E+01  0.155019791139761E+01
   0.774397780593107E+00  0.387355305883733E+01  0.154897423911571E+01
  -0.761892376248017E-03  0.387402418869394E+01  0.232488799130064E+01
   0.774426420296254E+00  0.309847300434814E+01  0.232358415095398E+01
   0.155015051015908E+01  0.309943409850960E+01  0.154907160338406E+01
   0.232406138485260E+01  0.387354731625076E+01  0.154879494611488E+01
   0.154935709715783E+01  0.387322949265773E+01  0.232447671891143E+01
   0.232438816213634E+01  0.309965270549254E+01  0.232411914057472E+01
   0.309912142924561E+01  0.309831045506776E+01  0.154863511658213E+01
   0.387407801334600E+01  0.387328369001246E+01  0.154966497738657E+01
   0.309961882947135E+01  0.387337754329888E+01  0.232468785395486E+01
   0.387376462113702E+01  0.309831853288234E+01  0.232384541508511E+01
   0.464844123132507E+01  0.309826902146790E+01  0.155027239134453E+01
   0.542353713447838E+01  0.387481374167199E+01  0.154953247215626E+01
   0.464917027986785E+01  0.387453506270000E+01  0.232495489975435E+01
   0.542428003373612E+01  0.309849424419109E+01  0.232484636181195E+01
   0.619921226221695E+01  0.309842874973375E+01  0.154934313807463E+01
   0.697378918417051E+01  0.387366004575151E+01  0.154864145078123E+01
   0.619903467649795E+01  0.387309468357391E+01  0.232488053657561E+01
   0.697294483071494E+01  0.309836649248618E+01  0.232494722871725E+01
   0.774722279485997E+01  0.309847481576518E+01  0.154925706459839E+01
   0.852212610993732E+01  0.387345764663239E+01  0.155008602861144E+01
   0.774732489966667E+01  0.387457080640517E+01  0.232489985123507E+01
   0.852197893352166E+01  0.309968163667678E+01  0.232529883739326E+01
   0.929834317812860E+01  0.309926128753920E+01  0.154998702961051E+01
   0.100715654563926E+02  0.387323224427946E+01  0.154926595298674E+01
   0.929731406862896E+01  0.387400842667244E+01  0.232449495531095E+01
   0.100731330500787E+02  0.309968260004326E+01  0.232512730359383E+01
   0.376274399813061E-03  0.464846009292528E+01  0.155012393033927E+01
   0.774666874104902E+00  0.542449182339026E+01  0.154917528022409E+01
   0.327169562048821E-03  0.542324614510672E+01  0.232360600604051E+01
   0.774786535879709E+00  0.464904913845495E+01  0.232349501116448E+01
   0.154941116405918E+01  0.464910941517614E+01  0.154985889496829E+01
   0.232362645407501E+01  0.542393871793224E+01  0.155041753268850E+01
   0.155055698245830E+01  0.542344870869875E+01  0.232459084173850E+01
   0.232475594108360E+01  0.464816832633719E+01  0.232434503837491E+01
   0.309893988618259E+01  0.464820848426217E+01  0.154945430300083E+01
   0.387439264599095E+01  0.542393740286635E+01  0.155005343914412E+01
   0.309980833029066E+01  0.542274533979085E+01  0.232536127890462E+01
   0.387315116964301E+01  0.464830147221607E+01  0.232524197575535E+01
   0.464839934523179E+01  0.464835861762385E+01  0.154919813428313E+01
   0.542301278920199E+01  0.542266765975203E+01  0.154935665342655E+01
   0.464805042038056E+01  0.542451440855040E+01  0.232532831037942E+01
   0.542368767881300E+01  0.464916762806135E+01  0.232526726550555E+01
   0.619882470923952E+01  0.464813892235733E+01  0.155009041863048E+01
   0.697318360306133E+01  0.542295821836368E+01  0.154913632394213E+01
   0.619898994672425E+01  0.542396713996229E+01  0.232423068800827E+01
   0.697398889764090E+01  0.464814722689005E+01  0.232488374854273E+01
   0.774853623874382E+01  0.464963081353700E+01  0.154999337621381E+01
   0.852335255866787E+01  0.542368929638041E+01  0.154880762401009E+01
   0.774877956060850E+01  0.542292434877250E+01  0.232496857964875E+01
   0.852310547427496E+01  0.464814922420098E+01  0.232497471977029E+01
   0.929674014332370E+01  0.464804763328994E+01  0.154905141610583E+01
   0.100733230893816E+02  0.542438169352762E+01  0.154920337477923E+01
   0.929856484380156E+01  0.542362405995797E+01  0.232411768770823E+01
   0.100717585578284E+02  0.464840411979778E+01  0.232406194475484E+01
   0.217304453807177E-03  0.619851742200271E+01  0.154969430279100E+01
   0.774088816262449E+00  0.697286045141461E+01  0.154871936030212E+01
  -0.885103061373782E-04  0.697335843255908E+01  0.232365853975321E+01
   0.775082145942066E+00  0.619806158839813E+01  0.232346395118601E+01
   0.154940181796991E+01  0.619800444952938E+01  0.155043458842732E+01
   0.232470213260813E+01  0.697328477864383E+01  0.154953359873258E+01
   0.154976200246957E+01  0.697310734796524E+01  0.232448479567582E+01
   0.232398094095882E+01  0.619863661895241E+01  0.232459352633584E+01
   0.309973659481172E+01  0.619802601148881E+01  0.154993440569928E+01
   0.387402138210993E+01  0.697320323014026E+01  0.154974241572852E+01
   0.309999951495031E+01  0.697265415372438E+01  0.232514820928295E+01
   0.387470685604393E+01  0.619818973924662E+01  0.232424262595092E+01
   0.464807504309309E+01  0.619794879988189E+01  0.154907916881368E+01
   0.542405013355552E+01  0.697277594103698E+01  0.154973017805691E+01
   0.464942232438614E+01  0.697405857750005E+01  0.232348966744757E+01
   0.542316583904769E+01  0.619858470901351E+01  0.232526352612852E+01
   0.619876780216134E+01  0.619760098491463E+01  0.155007574878973E+01
   0.697390036738018E+01  0.697249081332649E+01  0.154922212333249E+01
   0.619936215268453E+01  0.697264660991075E+01  0.232523208274510E+01
   0.697406341096135E+01  0.619900086647322E+01  0.232501734992523E+01
   0.774717898548244E+01  0.619864739211249E+01  0.154895743066573E+01
   0.852212759420343E+01  0.697383422527322E+01  0.154900606701668E+01
   0.774800619292109E+01  0.697234978298246E+01  0.232451609401211E+01
   0.852262567793838E+01  0.619836541708568E+01  0.232483845781508E+01
   0.929714272961230E+01  0.619934748311591E+01  0.154941558394575E+01
   0.100718959054113E+02  0.697311126873185E+01  0.154992557735918E+01
   0.929834538099737E+01  0.697285354020736E+01  0.232345819354468E+01
   0.100716134942975E+02  0.619866179426184E+01  0.232525699435819E+01
   0.256048885339843E-03  0.774842481225474E+01  0.154982508458392E+01
   0.775424622860328E+00  0.852199651408015E+01  0.155058645473973E+01
   0.856235069998793E-03  0.852265399139406E+01  0.232415063669520E+01
   0.774571451452932E+00  0.774739625954425E+01  0.232519906802903E+01
   0.154956359467558E+01  0.774746251371336E+01  0.155017686346784E+01
   0.232414330413573E+01  0.852275123557367E+01  0.155057935005987E+01
   0.154978315503536E+01  0.852373411916860E+01  0.232365943626621E+01
   0.232371333345026E+01  0.774740214018622E+01  0.232405209028591E+01
   0.309970276544312E+01  0.774893251977324E+01  0.155053864173873E+01
   0.387400327671636E+01  0.852319124592738E+01  0.154865165788314E+01
   0.309936807609028E+01  0.852294897347395E+01  0.232395179117215E+01
   0.387333012707911E+01  0.774881473010312E+01  0.232424850896829E+01
   0.464840182745452E+01  0.774757927083073E+01  0.155023453694059E+01
   0.542410155916471E+01  0.852254017638136E+01  0.154861196831951E+01
   0.464856031900148E+01  0.852247589149417E+01  0.232404121692505E+01
   0.542367841379351E+01  0.774803257175586E+01  0.232485055709124E+01
   0.619818730957836E+01  0.774822091765339E+01  0.155039657416623E+01
   0.697230039937023E+01  0.852296977966768E+01  0.155037502563681E+01
   0.619755874843649E+01  0.852256680687951E+01  0.232483548403097E+01
   0.697374815601889E+01  0.774723094361984E+01  0.232381615539822E+01
   0.774748164108592E+01  0.774783637406700E+01  0.155020481940986E+01
   0.852255485422646E+01  0.852356185863004E+01  0.155000083982696E+01
   0.774795736540564E+01  0.852320984663951E+01  0.232459654154073E+01
   0.852339965194999E+01  0.774735166656372E+01  0.232430854026257E+01
   0.929811891370692E+01  0.774744819964856E+01  0.154964164693759E+01
   0.100722965378253E+02  0.852212240741837E+01  0.155059261896729E+01
   0.929705181570232E+01  0.852328907527452E+01  0.232512524147297E+01
   0.100724119191225E+02  0.774725493980375E+01  0.232435195849884E+01
   0.797898736014399E-03  0.929683060306045E+01  0.155023396375623E+01
   0.775226286657665E+00  0.100729643632879E+02  0.154868772637692E+01
  -0.803281516677203E-03  0.100731662462211E+02  0.232432795321179E+01
   0.774822097253877E+00  0.929849222540226E+01  0.232369873369415E+01
   0.155013969165555E+01  0.929683569971151E+01  0.154939638534646E+01
   0.232452713974428E+01  0.100728924128881E+02  0.154869461313209E+01
   0.154974646095403E+01  0.100731249633782E+02  0.232408465405809E+01
   0.232379634956150E+01  0.929755046215997E+01  0.232472611225383E+01
   0.309929489458359E+01  0.929768804205476E+01  0.154990055466489E+01
   0.387368705466320E+01  0.100715036789231E+02  0.154925290167921E+01
   0.309902476268913E+01  0.100720071235457E+02  0.232392888583991E+01
   0.387454428362944E+01  0.929784850116093E+01  0.232535072436075E+01
   0.464926973553664E+01  0.929692473804046E+01  0.154920314576175E+01
   0.542387461031065E+01  0.100731324363098E+02  0.154895352718897E+01
   0.464929258655558E+01  0.100724105716688E+02  0.232365527860442E+01
   0.542374928564407E+01  0.929773068715311E+01  0.232458665536976E+01
   0.619786558540263E+01  0.929844646047106E+01  0.154975130532449E+01
   0.697405953062385E+01  0.100722855239333E+02  0.154958037354402E+01
   0.619787210864003E+01  0.100714598558977E+02  0.232440225735308E+01
   0.697282871523477E+01  0.929838915991594E+01  0.232447960663877E+01
   0.774731530062255E+01  0.929737252663409E+01  0.154886140328130E+01
   0.852367485416439E+01  0.100719557509186E+02  0.154881595715874E+01
   0.774822903592158E+01  0.100718282460122E+02  0.232367851935298E+01
   0.852306227682963E+01  0.929764649580848E+01  0.232478393867292E+01
   0.929798996011250E+01  0.929696401509356E+01  0.154861396241952E+01
   0.100727003957983E+02  0.100726515453259E+02  0.154862187987710E+01
   0.929706685715048E+01  0.100733391313003E+02  0.232407178733045E+01
   0.100718538548047E+02  0.929752264920005E+01  0.232408710362160E+01
   0.510983763301927E-04 -0.922082263806079E-03  0.309895792309508E+01
   0.775432305001019E+00  0.775632352120316E+00  0.309897674308620E+01
  -0.856864182030351E-03  0.775469795576084E+00  0.387380415155545E+01
   0.774024848204307E+00 -0.447960333349180E-03  0.387389682547295E+01
   0.154991756990952E+01 -0.152819613024629E-03  0.309876022863264E+01
   0.232398071837466E+01  0.775218513274174E+00  0.309906887883157E+01
   0.154917932812361E+01  0.774259867718792E+00  0.387403048658471E+01
   0.232534046299429E+01 -0.665043362129173E-03  0.387443984016985E+01
   0.309946847592242E+01 -0.525191168607828E-03  0.309949276928353E+01
   0.387321270840734E+01  0.774475502251433E+00  0.309982288033940E+01
   0.309980647636929E+01  0.774058907175944E+00  0.387349324765187E+01
   0.387468126532316E+01  0.862916053233542E-03  0.387396385086092E+01
   0.464829897330205E+01  0.849592854168437E-03  0.309985332178604E+01
   0.542459198852163E+01  0.775494771050352E+00  0.310007267032699E+01
   0.464894793872501E+01  0.774668520390693E+00  0.387423489834602E+01
   0.542262338713320E+01 -0.132429440573616E-03  0.387464348484195E+01
   0.619934631029532E+01  0.370169858267305E-03  0.309937228647060E+01
   0.697268650964592E+01  0.774693931261093E+00  0.309940282535955E+01
   0.619789275953045E+01  0.774150399035340E+00  0.387332100379975E+01
   0.697340725345885E+01  0.822349852716426E-03  0.387356080512442E+01
   0.774871560180900E+01  0.587763990487722E-03  0.309918239957110E+01
   0.852283606083863E+01  0.774202398878716E+00  0.309866528064948E+01
   0.774865625518294E+01  0.775168820572498E+00  0.387469227227752E+01
   0.852266143629185E+01  0.919519228425161E-04  0.387303196589510E+01
   0.929763152722965E+01 -0.620188460722067E-03  0.309828170499080E+01
   0.100721964405162E+02  0.774083063221878E+00  0.309963907641130E+01
   0.929799798987375E+01  0.775650773205862E+00  0.387343471109977E+01
   0.100722834708789E+02 -0.308303025392279E-03  0.387355091618787E+01
  -0.681936645592084E-03  0.154997554963297E+01  0.309945054627427E+01
   0.775606876377448E+00  0.232457156520562E+01  0.310002735945063E+01
  -0.701668827663466E-03  0.232514450547823E+01  0.387462282867032E+01
   0.775284308315353E+00  0.154928790398326E+01  0.387474243501451E+01
   0.154919378052465E+01  0.154899811417608E+01  0.309877656693391E+01
   0.232418442115627E+01  0.232445437559028E+01  0.309919317626925E+01
   0.154876486997308E+01  0.232435913326405E+01  0.387393821037484E+01
   0.232459778258599E+01  0.154912997630035E+01  0.387446407265248E+01
   0.309902600656756E+01  0.154914500590495E+01  0.310012921783451E+01
   0.387366632648091E+01  0.232405334994682E+01  0.309914873130516E+01
   0.309999802787426E+01  0.232489851420277E+01  0.387378489061712E+01
   0.387456797674714E+01  0.154959158137952E+01  0.387485233664368E+01
   0.464890867559744E+01  0.154982747430447E+01  0.309890825473995E+01
   0.542267150497712E+01  0.232403099592705E+01  0.309869847148751E+01
   0.464890947451063E+01  0.232383202405357E+01  0.387400562508669E+01
   0.542364252408842E+01  0.154965531611725E+01  0.387380995924568E+01
   0.619805046988501E+01  0.154940168878656E+01  0.309872423832585E+01
   0.697357960170722E+01  0.232498995316475E+01  0.309905843297904E+01
   0.619848104181350E+01  0.232479533046932E+01  0.387435313963661E+01
   0.697301630747246E+01  0.155040920112122E+01  0.387439020615645E+01
   0.774787220300895E+01  0.154877060377304E+01  0.309942696326475E+01
   0.852220181850369E+01  0.232508879947444E+01  0.309822352743200E+01
   0.774825564896965E+01  0.232426071725672E+01  0.387338002584442E+01
   0.852234684448759E+01  0.154949837301188E+01  0.387446115714392E+01
   0.929707699375446E+01  0.154964792434891E+01  0.309887160135621E+01
   0.100728431100909E+02  0.232445258768052E+01  0.309972890692930E+01
   0.929852624096922E+01  0.232513500340347E+01  0.387350269996677E+01
   0.100718096758251E+02  0.155059746756323E+01  0.387321080355697E+01
  -0.594270468964899E-03  0.309970411149686E+01  0.309972581691069E+01
   0.774723344551688E+00  0.387431934427456E+01  0.310015528620376E+01
  -0.198265090987242E-03  0.387419965289214E+01  0.387370950554906E+01
   0.773990437223458E+00  0.309827271125239E+01  0.387319934285700E+01
   0.154922961177105E+01  0.309864350612568E+01  0.309835005870987E+01
   0.232456782734743E+01  0.387362310982366E+01  0.309908493575838E+01
   0.154896687442187E+01  0.387492248176434E+01  0.387370276082183E+01
   0.232345672903293E+01  0.309872106698440E+01  0.387424364681564E+01
   0.310004745388968E+01  0.309949217380716E+01  0.309955693802553E+01
   0.387376800562039E+01  0.387300511396123E+01  0.309838529642687E+01
   0.309824693143848E+01  0.387415839495665E+01  0.387355412341689E+01
   0.387436757851284E+01  0.310003971076913E+01  0.387436546209321E+01
   0.464947584194867E+01  0.309969958750462E+01  0.309993171358342E+01
   0.542380650319717E+01  0.387322873778397E+01  0.310013658405743E+01
   0.464892273540600E+01  0.387475669609098E+01  0.387497017590042E+01
   0.542323571998394E+01  0.309892256391840E+01  0.387424167125407E+01
   0.619934606430856E+01  0.309848356912231E+01  0.309926730814793E+01
   0.697334202796640E+01  0.387428486834854E+01  0.309989430051743E+01
   0.619895048492473E+01  0.387361873126998E+01  0.387376460347770E+01
   0.697312790568904E+01  0.309902367576086E+01  0.387441120817727E+01
   0.774809295860857E+01  0.309965045189359E+01  0.309909224135221E+01
   0.852232875508900E+01  0.387302753964248E+01  0.309856570980102E+01
   0.774892884441629E+01  0.387435510411481E+01  0.387311302842423E+01
   0.852369447860216E+01  0.309863523786126E+01  0.387371456118849E+01
   0.929751538246539E+01  0.309972878124648E+01  0.309989634848889E+01
   0.100722255599071E+02  0.387470204974462E+01  0.309986527859209E+01
   0.929791822195116E+01  0.387424483911358E+01  0.387448765361699E+01
   0.100732707059556E+02  0.309957396861518E+01  0.387420379612348E+01
  -0.762706781840736E-03  0.464839063341418E+01  0.309966703769353E+01
   0.775054297363471E+00  0.542285348919199E+01  0.309886251590737E+01
  -0.682519705085321E-03  0.542366992230256E+01  0.387415384132761E+01
   0.774838029428491E+00  0.464953986395042E+01  0.387479408963279E+01
   0.154911855155956E+01  0.464953699236958E+01  0.309859342614496E+01
   0.232345136969793E+01  0.542403694125082E+01  0.309858170254961E+01
   0.154967400514830E+01  0.542442176644478E+01  0.387470587401356E+01
   0.232380263049823E+01  0.464933289903161E+01  0.387318644502655E+01
   0.309830074447276E+01  0.464840026704280E+01  0.309907268457821E+01
   0.387349496756352E+01  0.542430505385028E+01  0.309978575343290E+01
   0.309977303948114E+01  0.542299753897069E+01  0.387476413226371E+01
   0.387426231881813E+01  0.464915603840570E+01  0.387454090504512E+01
   0.464912851270309E+01  0.464861577124127E+01  0.309823005777922E+01
   0.542370089885904E+01  0.542429017075040E+01  0.310002103095634E+01
   0.464934823401444E+01  0.542323642073924E+01  0.387476832908289E+01
   0.542372888128858E+01  0.464825230366903E+01  0.387339179478544E+01
   0.619808660729368E+01  0.464945323959482E+01  0.309902764477002E+01
   0.697382866572642E+01  0.542288026319817E+01  0.309865695413386E+01
   0.619907322241674E+01  0.542331326444964E+01  0.387372903316395E+01
   0.697338158035170E+01  0.464975321384672E+01  0.387471429071782E+01
   0.774741998465855E+01  0.464966540579311E+01  0.310010657443662E+01
   0.852358536041282E+01  0.542269618157353E+01  0.309895745674363E+01
   0.774812077660110E+01  0.542291388603447E+01  0.387348523989711E+01
   0.852229246008494E+01  0.464849723121175E+01  0.387475705245625E+01
   0.929730171184983E+01  0.464891049494901E+01  0.309897009077904E+01
   0.100719566184641E+02  0.542395992449961E+01  0.309942589050850E+01
   0.929700598372363E+01  0.542356637083034E+01  0.387413995406681E+01
   0.100723767961369E+02  0.464785811237871E+01  0.387375204975388E+01
   0.485701155450389E-03  0.619908524929274E+01  0.309866467943122E+01
   0.775503998863810E+00  0.697402695631219E+01  0.309862626696024E+01
  -0.687164458977203E-03  0.697365197319021E+01  0.387436129737947E+01
   0.774013833150082E+00  0.619922220632543E+01  0.387422739767663E+01
   0.154893773727041E+01  0.619933273447348E+01  0.309913092865105E+01
   0.232532517173837E+01  0.697297106198724E+01  0.309839624168025E+01
   0.154882497522500E+01  0.697266667663776E+01  0.387420352005837E+01
   0.232477996323316E+01  0.619843247947431E+01  0.387337540522677E+01
   0.309936789184172E+01  0.619883773731418E+01  0.309968231408667E+01
   0.387427788664371E+01  0.697245952595642E+01  0.309841562593455E+01
   0.309895340562785E+01  0.697366128093995E+01  0.387342439327183E+01
   0.387346475868971E+01  0.619761005888704E+01  0.387354007067328E+01
   0.464839952143987E+01  0.619778357408179E+01  0.309986648085173E+01
   0.542271780284334E+01  0.697365219613649E+01  0.309948318386551E+01
   0.464958789593955E+01  0.697358997386124E+01  0.387404191655988E+01
   0.542363941640091E+01  0.619790394045543E+01  0.387371060316259E+01
   0.619810658320398E+01  0.619885967223576E+01  0.309895040844609E+01
   0.697286012024908E+01  0.697295370986506E+01  0.309894282515021E+01
   0.619912152318776E+01  0.697279100499333E+01  0.387388950779765E+01
   0.697342178666738E+01  0.619742279752373E+01  0.387305312379253E+01
   0.774756549250011E+01  0.619875428155110E+01  0.309901145819255E+01
   0.852279511757990E+01  0.697302485789759E+01  0.309885289533324E+01
   0.774829167451810E+01  0.697268284284621E+01  0.387327439905722E+01
   0.852350486800542E+01  0.619854502367075E+01  0.387398408088268E+01
   0.929739809428002E+01  0.619791191631715E+01  0.310009270287964E+01
   0.100725982150608E+02  0.697388307471341E+01  0.309976924948796E+01
   0.929765750778241E+01  0.697298363140541E+01  0.387452570629301E+01
   0.100720746309692E+02  0.619769151423090E+01  0.387313151994731E+01
   0.950255790664604E-03  0.774814437734888E+01  0.309962536764552E+01
   0.774632055673756E+00  0.852228916521553E+01  0.309832879745573E+01
  -0.933204327659643E-04  0.852242664132277E+01  0.387323702846870E+01
   0.774150079783221E+00  0.774859615613658E+01  0.387373189840281E+01
   0.155045438056803E+01  0.774848522439342E+01  0.309846869363842E+01
   0.232349578061481E+01  0.852328759173897E+01  0.309962023060171E+01
   0.154966178767351E+01  0.852315344423849E+01  0.387358463812061E+01
   0.232457442470848E+01  0.774830875451719E+01  0.387334140874299E+01
   0.309824470282711E+01  0.774760443045458E+01  0.309883216993990E+01
   0.387376079133785E+01  0.852218413169431E+01  0.309934771153347E+01
   0.309872379854086E+01  0.852374224494364E+01  0.387468597683895E+01
   0.387372313447974E+01  0.774871779263269E+01  0.387448862191641E+01
   0.464914824088931E+01  0.774729176200913E+01  0.309923195242540E+01
   0.542326764184155E+01  0.852283929972079E+01  0.309912666899901E+01
   0.464931663902210E+01  0.852197982337524E+01  0.387458707329546E+01
   0.542402172561375E+01  0.774861950677293E+01  0.387386794223007E+01
   0.619883856829885E+01  0.774793935666687E+01  0.309824809460590E+01
   0.697261279419916E+01  0.852293338123555E+01  0.309868485105783E+01
   0.619762449129858E+01  0.852272794502219E+01  0.387413654964471E+01
   0.697261623965616E+01  0.774803715942768E+01  0.387430145636208E+01
   0.774763442939555E+01  0.774764264843420E+01  0.309984654085624E+01
   0.852192305711118E+01  0.852362981407963E+01  0.309832051629033E+01
   0.774883593860217E+01  0.852258272172082E+01  0.387488676779331E+01
   0.852239841733730E+01  0.774835949499531E+01  0.387349188422651E+01
   0.929836561403493E+01  0.774716877252659E+01  0.309940909872448E+01
   0.100731078794934E+02  0.852235820630713E+01  0.309843584034342E+01
   0.929775890390164E+01  0.852237043021860E+01  0.387340946756250E+01
   0.100722932691261E+02  0.774799215636113E+01  0.387480131805584E+01
  -0.488567186433313E-03  0.929790395191275E+01  0.310013993007559E+01
   0.774462606963771E+00  0.100725766089352E+02  0.309893139181769E+01
   0.308511445148654E-03  0.100723700706814E+02  0.387336961684779E+01
   0.774346371913691E+00  0.929850455063223E+01  0.387461440022712E+01
   0.154902816054473E+01  0.929729731382547E+01  0.309941293343436E+01
   0.232521293247552E+01  0.100730781378438E+02  0.309916653228219E+01
   0.154924017191701E+01  0.100719169383775E+02  0.387317238931181E+01
   0.232484711988405E+01  0.929792441320815E+01  0.387341756983150E+01
   0.309899093793562E+01  0.929662292698034E+01  0.309857991310372E+01
   0.387452623509151E+01  0.100726040372198E+02  0.309947590736419E+01
   0.309932046081932E+01  0.100716494988943E+02  0.387490432244925E+01
   0.387407781238707E+01  0.929842927292051E+01  0.387438706940715E+01
   0.464915525133656E+01  0.929837535882607E+01  0.309956666390043E+01
   0.542269211507720E+01  0.100733353319174E+02  0.310007330942413E+01
   0.464796863680885E+01  0.100725556629646E+02  0.387404709437151E+01
   0.542370971822101E+01  0.929669990401564E+01  0.387408414940645E+01
   0.619910301540912E+01  0.929816248763622E+01  0.309865471178273E+01
   0.697250564638474E+01  0.100724492733484E+02  0.309902355775369E+01
   0.619860769939566E+01  0.100727106715757E+02  0.387437212088665E+01
   0.697265344577729E+01  0.929833606828497E+01  0.387432101263109E+01
   0.774844390003675E+01  0.929849657240467E+01  0.309941597308186E+01
   0.852230485210577E+01  0.100714554450506E+02  0.310013405006030E+01
   0.774777261193313E+01  0.100716336023732E+02  0.387342530546367E+01
   0.852341032083853E+01  0.929700790124202E+01  0.387450954617997E+01
   0.929850762598435E+01  0.929720087475587E+01  0.309992832512705E+01
   0.100733957166027E+02  0.100722716742441E+02  0.309897334770003E+01
   0.929813264740484E+01  0.100714485381322E+02  0.387425713729984E+01
   0.100733383132608E+02  0.929788306086179E+01  0.387392917244631E+01
  -0.632849970883151E-03 -0.180674357280163E-03  0.464780016224655E+01
   0.774830347201287E+00  0.775050937609524E+00  0.464931765553868E+01
   0.260452751242902E-03  0.774942185754427E+00  0.542349747793360E+01
   0.775709958289595E+00  0.150140079976297E-03  0.542332977537620E+01
   0.154879365915752E+01  0.693642637328878E-03  0.464965722370769E+01
   0.232416600918975E+01  0.774325878791799E+00  0.464877845497224E+01
   0.154923782989620E+01  0.774514430100447E+00  0.542261488975393E+01
   0.232455522588329E+01 -0.174520400288760E-04  0.542260572484196E+01
   0.309968243524154E+01 -0.566020833259153E-03  0.464919815178931E+01
   0.387431167067794E+01  0.775502293595055E+00  0.464876864722794E+01
   0.310000879710313E+01  0.775217607418601E+00  0.542283894983718E+01
   0.387451668089973E+01  0.353471267259885E-03  0.542410305761630E+01
   0.464838589441036E+01 -0.256989075428796E-03  0.464971604811243E+01
   0.542267204145815E+01  0.774724390729414E+00  0.464875135174261E+01
   0.464972951211933E+01  0.775571707554129E+00  0.542338048077505E+01
   0.542333669645438E+01 -0.372042758361782E-03  0.542414196843710E+01
   0.619857015226650E+01 -0.722878990163017E-03  0.464932570733447E+01
   0.697332148786140E+01  0.774147980468216E+00  0.464957247510355E+01
   0.619841104359895E+01  0.774799336629483E+00  0.542319526333441E+01
   0.697279793008905E+01  0.384475569074229E-03  0.542291279518219E+01
   0.774831011472488E+01  0.744323093056752E-03  0.464964809952047E+01
   0.852224037982120E+01  0.774151124133408E+00  0.464820362454135E+01
   0.774730631947834E+01  0.775584169257635E+00  0.542383844939106E+01
   0.852365654075223E+01  0.959730645139554E-03  0.542363360452348E+01
   0.929691452465120E+01 -0.823285671365494E-03  0.464886917439476E+01
   0.100729768940786E+02  0.775001008962157E+00  0.464795525961761E+01
   0.929698326787457E+01  0.773807811851901E+00  0.542296128653979E+01
   0.100730036805704E+02  0.570805878525405E-03  0.542454397198157E+01
   0.798694025778320E-03  0.154912121088004E+01  0.464797186397523E+01
   0.775388143688384E+00  0.232458992232874E+01  0.464837274150569E+01
   0.330127647626739E-03  0.232350723613609E+01  0.542373374221068E+01
   0.774780069538570E+00  0.154992655583833E+01  0.542418406537157E+01
   0.154921421257776E+01  0.154956976907356E+01  0.464846550549160E+01
   0.232374202819412E+01  0.232393885727622E+01  0.464807865040471E+01
   0.155012965371413E+01  0.232471444821996E+01  0.542457581492192E+01
   0.232434250329039E+01  0.154869375275459E+01  0.542385021597121E+01
   0.310014897097641E+01  0.154860522389070E+01  0.464958766818103E+01
   0.387343799622062E+01  0.232527384141950E+01  0.464940312567276E+01
   0.309977239278060E+01  0.232372803218836E+01  0.542286834244115E+01
   0.387440284030995E+01  0.155007956022817E+01  0.542374544503634E+01
   0.464786742024941E+01  0.154883484803623E+01  0.464971089477772E+01
   0.542276113236872E+01  0.232449707432465E+01  0.464790987094599E+01
   0.464836729342300E+01  0.232448918358464E+01  0.542265724587224E+01
   0.542329542179273E+01  0.155041623929006E+01  0.542284188030052E+01
   0.619891794604767E+01  0.155035510977243E+01  0.464939417112757E+01
   0.697379809703088E+01  0.232459510465597E+01  0.464865796663282E+01
   0.619756422342177E+01  0.232476108412444E+01  0.542310351634560E+01
   0.697302980656405E+01  0.154896743931247E+01  0.542411920996395E+01
   0.774830232051220E+01  0.155043248108326E+01  0.464872102080236E+01
   0.852201516452916E+01  0.232390263530630E+01  0.464848045174355E+01
   0.774794350007434E+01  0.232346680154600E+01  0.542416080338039E+01
   0.852260039538303E+01  0.154898978779395E+01  0.542394326808168E+01
   0.929719013965049E+01  0.154907669229291E+01  0.464840472518497E+01
   0.100730851279806E+02  0.232467475523542E+01  0.464970902477512E+01
   0.929698197892147E+01  0.232519391989381E+01  0.542261875340345E+01
   0.100727064648467E+02  0.155055011532250E+01  0.542413817478468E+01
  -0.355776676537732E-03  0.309947987533754E+01  0.464962704195436E+01
   0.775729839064035E+00  0.387486302150861E+01  0.464881198051937E+01
  -0.866739548166232E-03  0.387382896429635E+01  0.542325930372141E+01
   0.775572886135539E+00  0.309979719823720E+01  0.542260143151906E+01
   0.154921503495627E+01  0.310003879995836E+01  0.464822002528818E+01
   0.232382879596061E+01  0.387419318017026E+01  0.464840013297963E+01
   0.155030954831785E+01  0.387383923447095E+01  0.542340424587210E+01
   0.232360343027747E+01  0.309937989105378E+01  0.542406660275212E+01
   0.309859158505753E+01  0.309960598824186E+01  0.464825080742790E+01
   0.387371155618225E+01  0.387386914439652E+01  0.464817923278263E+01
   0.309922310169639E+01  0.387364464728025E+01  0.542276776037777E+01
   0.387396830328639E+01  0.309972430877508E+01  0.542308616076783E+01
   0.464953368674818E+01  0.309946783079842E+01  0.464862614849293E+01
   0.542406685759319E+01  0.387388601596816E+01  0.464856525391875E+01
   0.464953888892929E+01  0.387386408367345E+01  0.542320451841678E+01
   0.542426225969199E+01  0.310010149302228E+01  0.542353865029306E+01
   0.619833055661624E+01  0.309936825860666E+01  0.464884242876674E+01
   0.697379863004816E+01  0.387321967472164E+01  0.464816015780669E+01
   0.619819284272282E+01  0.387499098471873E+01  0.542456332655277E+01
   0.697246482204834E+01  0.309955647572284E+01  0.542399237448073E+01
   0.774888701299764E+01  0.309841921479286E+01  0.464944569413529E+01
   0.852186624860275E+01  0.387353810022535E+01  0.464791500668713E+01
   0.774816161088570E+01  0.387381111775611E+01  0.542316069441122E+01
   0.852254038505857E+01  0.309874450990130E+01  0.542280240258326E+01
   0.929721272265717E+01  0.309981809377570E+01  0.464817078344694E+01
   0.100723183306456E+02  0.387394712019249E+01  0.464903373162554E+01
   0.929853347952623E+01  0.387399161903175E+01  0.542260145878366E+01
   0.100724201739463E+02  0.309920881065331E+01  0.542342800302436E+01
  -0.777506421490270E-03  0.464939471312071E+01  0.464924187453981E+01
   0.773951882872932E+00  0.542303698694237E+01  0.464884431776842E+01
   0.597228401565805E-03  0.542439238307514E+01  0.542358389295745E+01
   0.775604760166671E+00  0.464842021249841E+01  0.542444624228856E+01
   0.154867640400048E+01  0.464811764323370E+01  0.464875973018409E+01
   0.232481007724418E+01  0.542278768556848E+01  0.464877926612906E+01
   0.155039042401715E+01  0.542401538244553E+01  0.542449329161150E+01
   0.232386022374847E+01  0.464904712705426E+01  0.542325224190667E+01
   0.309866950955118E+01  0.464900682069056E+01  0.464911994639943E+01
   0.387459701515885E+01  0.542452554132810E+01  0.464937041190878E+01
   0.309918914526263E+01  0.542337818203964E+01  0.542439018979645E+01
   0.387313470426689E+01  0.464861983149740E+01  0.542302805883164E+01
   0.464800524131630E+01  0.464892470187826E+01  0.464911950809550E+01
   0.542382350288700E+01  0.542396211540201E+01  0.464808866244675E+01
   0.464971071772409E+01  0.542270187011113E+01  0.542397099505529E+01
   0.542338157910988E+01  0.464945259548572E+01  0.542347047729228E+01
   0.619892700992895E+01  0.464784245084186E+01  0.464960193427779E+01
   0.697365419239146E+01  0.542291990014204E+01  0.464852609600493E+01
   0.619751379139505E+01  0.542407834791785E+01  0.542364856910391E+01
   0.697233672803478E+01  0.464871687211945E+01  0.542354226505682E+01
   0.774765584673824E+01  0.464783403127762E+01  0.464847068226202E+01
   0.852273485034146E+01  0.542354751807623E+01  0.464787218443526E+01
   0.774861408120427E+01  0.542327572563690E+01  0.542365604925896E+01
   0.852206756437125E+01  0.464842656106166E+01  0.542313196305029E+01
   0.929812548867540E+01  0.464962110485514E+01  0.464966043559543E+01
   0.100716818843656E+02  0.542328558099367E+01  0.464951471608284E+01
   0.929813366810505E+01  0.542391830901437E+01  0.542388911650798E+01
   0.100727048031438E+02  0.464828677446108E+01  0.542447568713027E+01
  -0.403348527227156E-03  0.619772729807170E+01  0.464824346232569E+01
   0.774816553022430E+00  0.697373581374073E+01  0.464905967467559E+01
   0.192480545114684E-03  0.697386699607344E+01  0.542440843036665E+01
   0.774859250520382E+00  0.619907122937494E+01  0.542267557719970E+01
   0.155033359894704E+01  0.619793474697738E+01  0.464882123770796E+01
   0.232430739085575E+01  0.697396073472287E+01  0.464798270379381E+01
   0.154912510318120E+01  0.697250387473501E+01  0.542294622588705E+01
   0.232457106894769E+01  0.619896090819000E+01  0.542457209778975E+01
   0.310014427690139E+01  0.619888785501226E+01  0.464918627805578E+01
   0.387487688951904E+01  0.697392924986577E+01  0.464854752317409E+01
   0.309899717056891E+01  0.697344599968180E+01  0.542264265645799E+01
   0.387355675340627E+01  0.619828718967524E+01  0.542397796776984E+01
   0.464805911140413E+01  0.619811606103283E+01  0.464827048523692E+01
   0.542343983450367E+01  0.697315253538806E+01  0.464850846590279E+01
   0.464927295277980E+01  0.697313993214378E+01  0.542271169721913E+01
   0.542401647378651E+01  0.619852091723154E+01  0.542377882451828E+01
   0.619864060174227E+01  0.619873826167098E+01  0.464889969047141E+01
   0.697327432706229E+01  0.697330422147885E+01  0.464809118737015E+01
   0.619863804878282E+01  0.697336356860381E+01  0.542300611944441E+01
   0.697393921409015E+01  0.619845833369088E+01  0.542296758474110E+01
   0.774775807126301E+01  0.619792948837709E+01  0.464959752953387E+01
   0.852263674147930E+01  0.697392815716567E+01  0.464906439477790E+01
   0.774740553378297E+01  0.697237749292822E+01  0.542348388590525E+01
   0.852329695326027E+01  0.619810690170621E+01  0.542301291982787E+01
   0.929723890167647E+01  0.619901043664987E+01  0.464946975735631E+01
   0.100717746503219E+02  0.697351671775721E+01  0.464958804724446E+01
   0.929789385088568E+01  0.697249283707825E+01  0.542381133143725E+01
   0.100731723167814E+02  0.619768698555682E+01  0.542315921400486E+01
  -0.556203486195280E-03  0.774786735902487E+01  0.464838730366538E+01
   0.775623295767565E+00  0.852272268951186E+01  0.464951631045032E+01
   0.139474987224840E-03  0.852328451887648E+01  0.542324661646340E+01
   0.774737154893277E+00  0.774757356160242E+01  0.542285988720917E+01
   0.155040481280365E+01  0.774768318636280E+01  0.464836117036048E+01
   0.232377748058752E+01  0.852198717649293E+01  0.464807558161383E+01
   0.155057382459480E+01  0.852232607272229E+01  0.542302419978289E+01
   0.232363224380243E+01  0.774732638541743E+01  0.542384756520168E+01
   0.309875135308982E+01  0.774891734285475E+01  0.464789495969964E+01
   0.387480741158245E+01  0.852302037243674E+01  0.464906985718117E+01
   0.309915010172108E+01  0.852345571462301E+01  0.542282867630540E+01
   0.387487148647000E+01  0.774768839579922E+01  0.542459892355832E+01
   0.464808250808002E+01  0.774886914097655E+01  0.464929557730619E+01
   0.542325179607831E+01  0.852188738691889E+01  0.464815969794842E+01
   0.464810689532806E+01  0.852233420180275E+01  0.542260094886260E+01
   0.542317380023778E+01  0.774771733128332E+01  0.542285982979524E+01
   0.619902740405649E+01  0.774711517080933E+01  0.464786958246573E+01
   0.697388038317509E+01  0.852280730299692E+01  0.464875500822649E+01
   0.619902394309201E+01  0.852330313964063E+01  0.542362566157498E+01
   0.697359195723994E+01  0.774762052613767E+01  0.542441629771320E+01
   0.774848481835341E+01  0.774826944050122E+01  0.464933214670240E+01
   0.852362971022831E+01  0.852182165249832E+01  0.464802552670727E+01
   0.774716492643904E+01  0.852181472206531E+01  0.542407778781194E+01
   0.852331718530370E+01  0.774718221959595E+01  0.542376364471556E+01
   0.929796451802173E+01  0.774835383436290E+01  0.464972844391931E+01
   0.100726044342893E+02  0.852296467018716E+01  0.464861417892719E+01
   0.929773178690526E+01  0.852326149924060E+01  0.542454295383757E+01
   0.100720340599889E+02  0.774753422534544E+01  0.542267654213792E+01
   0.983690124577478E-03  0.929758144361014E+01  0.464856012619968E+01
   0.774241845413987E+00  0.100733412177346E+02  0.464961819639366E+01
  -0.814861033905416E-03  0.100726289580885E+02  0.542434150064473E+01
   0.775538887005829E+00  0.929746752885926E+01  0.542422026479939E+01
   0.154908778580252E+01  0.929849340873274E+01  0.464962408806752E+01
   0.232406488435037E+01  0.100726990680452E+02  0.464929942378703E+01
   0.154939065880294E+01  0.100732553667865E+02  0.542293067999400E+01
   0.232488604709862E+01  0.929760844290481E+01  0.542314593800984E+01
   0.309859663236195E+01  0.929845079942430E+01  0.464875729442752E+01
   0.387302468460779E+01  0.100721486817960E+02  0.464828553485097E+01
   0.309882645609719E+01  0.100730862214709E+02  0.542417849769401E+01
   0.387498480394481E+01  0.929737029873348E+01  0.542282872370413E+01
   0.464868322117284E+01  0.929669003727747E+01  0.464895722039900E+01
   0.542343907877864E+01  0.100733088608361E+02  0.464904893257469E+01
   0.464801463580580E+01  0.100718875308099E+02  0.542449360940337E+01
   0.542368005659906E+01  0.929784885595150E+01  0.542265794270198E+01
   0.619836975718123E+01  0.929668834487761E+01  0.464867148223055E+01
   0.697338415993508E+01  0.100718754723521E+02  0.464809111336185E+01
   0.619939880385893E+01  0.100718503388759E+02  0.542428412011774E+01
   0.697349919957790E+01  0.929715029813256E+01  0.542293095131068E+01
   0.774848813603033E+01  0.929821412424764E+01  0.464821821343465E+01
   0.852314378498851E+01  0.100714722295848E+02  0.464884844761668E+01
   0.774808233634424E+01  0.100726942380498E+02  0.542374047607706E+01
   0.852223987875236E+01  0.929821635261460E+01  0.542297926668975E+01
   0.929740588000863E+01  0.929790685036708E+01  0.464934431945837E+01
   0.100723111028220E+02  0.100716072607739E+02  0.464938965192838E+01
   0.929831575727154E+01  0.100714651753484E+02  0.542357176258817E+01
   0.100716326752659E+02  0.929781987759648E+01  0.542414865690054E+01
  -0.166442896201248E-03  0.585387080233049E-03  0.619918653964679E+01
   0.775344945237422E+00  0.774741407997047E+00  0.619758278863457E+01
  -0.272064791251136E-03  0.774204034438230E+00  0.697220214568352E+01
   0.774686187212737E+00  0.407721439051608E-03  0.697300315405404E+01
   0.155031836930154E+01 -0.247699202882470E-04  0.619807757818244E+01
   0.232529106091652E+01  0.774655983201496E+00  0.619813664365512E+01
   0.154946432114573E+01  0.775671688524118E+00  0.697285593169638E+01
   0.232420069936226E+01 -0.890736306990099E-03  0.697340038572628E+01
   0.309852482789717E+01  0.360353293124979E-03  0.619741921260009E+01
   0.387375200053540E+01  0.774368908348046E+00  0.619790572076072E+01
   0.309857089973208E+01  0.774660083934070E+00  0.697254091013883E+01
   0.387467725968278E+01 -0.465556370612617E-03  0.697340332860289E+01
   0.464850503393633E+01 -0.624143063664348E-03  0.619886482657277E+01
   0.542357024812109E+01  0.775359850067342E+00  0.619790841217581E+01
   0.464841701463212E+01  0.775224687488385E+00  0.697404965887768E+01
   0.542452995502929E+01 -0.391781996782812E-03  0.697411030874283E+01
   0.619906427734942E+01 -0.635312605945659E-03  0.619770945418600E+01
   0.697282878975979E+01  0.775078342763055E+00  0.619921181328171E+01
   0.619843903267996E+01  0.775691537893124E+00  0.697383010610631E+01
   0.697361888854287E+01  0.730161483210499E-03  0.697343429627878E+01
   0.774843142549046E+01  0.686418411148142E-03  0.619886520628622E+01
   0.852203145752776E+01  0.775627866445204E+00  0.619753139610824E+01
   0.774834442666569E+01  0.774941297317716E+00  0.697256168778826E+01
   0.852370934106185E+01 -0.457547908168682E-03  0.697348354033476E+01
   0.929786757973821E+01 -0.628055207409027E-03  0.619855178589179E+01
   0.100725191784316E+02  0.773817378557763E+00  0.619801042115646E+01
   0.929722038726864E+01  0.773985494615123E+00  0.697409837640759E+01
   0.100725850854070E+02  0.893635895442511E-03  0.697376380432085E+01
  -0.419151266138531E-03  0.154929640542106E+01  0.619911509234296E+01
   0.774898004595379E+00  0.232373777607772E+01  0.619813187347639E+01
  -0.351096851362751E-03  0.232396159956772E+01  0.697330717100659E+01
   0.775158433154369E+00  0.154885679073934E+01  0.697225843216137E+01
   0.154968523423418E+01  0.154972269102668E+01  0.619771572078091E+01
   0.232344037449627E+01  0.232439416339793E+01  0.619824746341175E+01
   0.154914864782891E+01  0.232361469740960E+01  0.697288098814468E+01
   0.232464275740784E+01  0.154875964137199E+01  0.697243520578732E+01
   0.309917956753590E+01  0.154913895249366E+01  0.619898550861376E+01
   0.387456451938706E+01  0.232421690288203E+01  0.619905535988623E+01
   0.309924220748749E+01  0.232421346884542E+01  0.697325121231201E+01
   0.387394700891813E+01  0.154940141800226E+01  0.697234211595774E+01
   0.464939983902777E+01  0.154981904715319E+01  0.619852243894150E+01
   0.542441034980091E+01  0.232394756063165E+01  0.619841526741042E+01
   0.464962940331154E+01  0.232360175974592E+01  0.697269849898895E+01
   0.542403361319264E+01  0.154935942149905E+01  0.697288666770603E+01
   0.619866693676318E+01  0.155037122968179E+01  0.619811824466889E+01
   0.697319685062024E+01  0.232355972221297E+01  0.619743011959811E+01
   0.619832587161143E+01  0.232474559766644E+01  0.697291643762756E+01
   0.697231723448785E+01  0.154866292627336E+01  0.697352391406139E+01
   0.774845811006012E+01  0.154922207409929E+01  0.619746039384628E+01
   0.852272622526296E+01  0.232462876604717E+01  0.619882408867219E+01
   0.774823638191989E+01  0.232412168116081E+01  0.697382594359365E+01
   0.852298578259208E+01  0.154910306417308E+01  0.697241410357777E+01
   0.929692993391373E+01  0.154943610959924E+01  0.619778054144349E+01
   0.100729304389406E+02  0.232453048080030E+01  0.619865662168838E+01
   0.929679197377437E+01  0.232344598643297E+01  0.697353039481763E+01
   0.100724151126573E+02  0.154896520024480E+01  0.697396503464707E+01
  -0.401159483677833E-03  0.309971145351767E+01  0.619880090841366E+01
   0.774770300562744E+00  0.387357402451582E+01  0.619812222041000E+01
  -0.516471586421327E-03  0.387324229529561E+01  0.697288708891519E+01
   0.775326769939179E+00  0.309834394558379E+01  0.697244551750456E+01
   0.154865031463536E+01  0.309945628469733E+01  0.619778219945424E+01
   0.232472225904617E+01  0.387320306807679E+01  0.619906966824532E+01
   0.154894362847805E+01  0.387433498288765E+01  0.697227812036134E+01
   0.232535490512723E+01  0.309857290407136E+01  0.697226418822003E+01
   0.309948958042121E+01  0.309948868665739E+01  0.619796045079877E+01
   0.387324319561229E+01  0.387459990067441E+01  0.619840691298836E+01
   0.309851232854859E+01  0.387424104867350E+01  0.697300602186059E+01
   0.387408463050398E+01  0.309824786993159E+01  0.697361158552557E+01
   0.464885456767293E+01  0.309840155563261E+01  0.619849819431512E+01
   0.542453810877027E+01  0.387409692523804E+01  0.619754723476999E+01
   0.464898986156447E+01  0.387323631533320E+01  0.697377491859129E+01
   0.542402070724195E+01  0.309846435719995E+01  0.697344974871023E+01
   0.619752584092024E+01  0.309940389885580E+01  0.619784713648769E+01
   0.697318646581904E+01  0.387410675753660E+01  0.619743740836719E+01
   0.619931195400144E+01  0.387464229976630E+01  0.697361855883852E+01
   0.697369518262126E+01  0.309926827805333E+01  0.697359086650993E+01
   0.774817894354524E+01  0.309949666286431E+01  0.619898169995056E+01
   0.852278630583663E+01  0.387352566167172E+01  0.619818555397429E+01
   0.774712423471076E+01  0.387444253328412E+01  0.697271801305255E+01
   0.852363366610564E+01  0.309890816880222E+01  0.697229570661747E+01
   0.929794766688709E+01  0.309973508977479E+01  0.619919641895346E+01
   0.100721087668893E+02  0.387306194846922E+01  0.619858783382075E+01
   0.929715977981417E+01  0.387448950979456E+01  0.697271078473289E+01
   0.100729607202615E+02  0.309856080678683E+01  0.697404227668505E+01
  -0.347333383631962E-03  0.464946773986122E+01  0.619855458544535E+01
   0.774815905272787E+00  0.542396722796954E+01  0.619785240030590E+01
  -0.700688222201500E-04  0.542320409007387E+01  0.697417002720331E+01
   0.774728267819080E+00  0.464976834962514E+01  0.697332859630847E+01
   0.154978218881011E+01  0.464972847140077E+01  0.619823174248436E+01
   0.232468377128311E+01  0.542409635019489E+01  0.619758358458795E+01
   0.154975962445945E+01  0.542292862805380E+01  0.697409436911593E+01
   0.232495048624031E+01  0.464813205425002E+01  0.697331402212728E+01
   0.309836802435583E+01  0.464883681375378E+01  0.619814797115777E+01
   0.387365104770039E+01  0.542413558278619E+01  0.619863371427569E+01
   0.310014480111156E+01  0.542415420265759E+01  0.697374793612803E+01
   0.387370369731977E+01  0.464869985366501E+01  0.697235105894930E+01
   0.464814087402388E+01  0.464895061028154E+01  0.619776071044653E+01
   0.542270710789488E+01  0.542349900132035E+01  0.619777687778544E+01
   0.464964997759610E+01  0.542412198439627E+01  0.697264680153890E+01
   0.542373286070928E+01  0.464977822615420E+01  0.697269338793404E+01
   0.619876715069251E+01  0.464894585567603E+01  0.619823040791295E+01
   0.697233178127211E+01  0.542430408390070E+01  0.619877996903189E+01
   0.619933757793852E+01  0.542415872944391E+01  0.697381909762088E+01
   0.697360129933324E+01  0.464810294973298E+01  0.697328460494065E+01
   0.774884269300175E+01  0.464935864505754E+01  0.619868995221392E+01
   0.852206409760685E+01  0.542305380311774E+01  0.619751126730787E+01
   0.774783735569358E+01  0.542417605282772E+01  0.697319194443898E+01
   0.852338574191986E+01  0.464819655156524E+01  0.697412804980893E+01
   0.929708466434337E+01  0.464903867668346E+01  0.619792911906938E+01
   0.100725713846759E+02  0.542385849948017E+01  0.619816698604527E+01
   0.929660655666982E+01  0.542403464498227E+01  0.697262799344097E+01
   0.100725232373145E+02  0.464877475768970E+01  0.697320299202051E+01
   0.528430650778195E-03  0.619851074332877E+01  0.619937117153644E+01
   0.774328882445387E+00  0.697243859472194E+01  0.619782158738441E+01
  -0.945541514475722E-03  0.697323848425520E+01  0.697268555094559E+01
   0.775538867060814E+00  0.619859180582164E+01  0.697315730107359E+01
   0.154877749976231E+01  0.619834448578194E+01  0.619912719800771E+01
   0.232408502603565E+01  0.697250790065457E+01  0.619833339691706E+01
   0.155021869705128E+01  0.697305857162035E+01  0.697321343488948E+01
   0.232424102952789E+01  0.619743321262009E+01  0.697393932043315E+01
   0.309941906750138E+01  0.619875277572472E+01  0.619820570498865E+01
   0.387359081648691E+01  0.697322200743047E+01  0.619905322133530E+01
   0.309883194719926E+01  0.697359804627526E+01  0.697266544057312E+01
   0.387315278512256E+01  0.619771988634871E+01  0.697389437237347E+01
   0.464821243343980E+01  0.619826436688934E+01  0.619787404440978E+01
   0.542407315287632E+01  0.697262915373849E+01  0.619808471697776E+01
   0.464844441915502E+01  0.697332595339256E+01  0.697271547784453E+01
   0.542362748918882E+01  0.619923545774459E+01  0.697236275925003E+01
   0.619834184473315E+01  0.619838713564778E+01  0.619743522741956E+01
   0.697404019743452E+01  0.697281707322348E+01  0.619832724566237E+01
   0.619859782740957E+01  0.697373521078346E+01  0.697378570217283E+01
   0.697301869368280E+01  0.619902254490611E+01  0.697263604855037E+01
   0.774819242475095E+01  0.619823601814786E+01  0.619740736333943E+01
   0.852195926652940E+01  0.697337803643584E+01  0.619915120985382E+01
   0.774839169246562E+01  0.697413507542445E+01  0.697368268259830E+01
   0.852231219874887E+01  0.619752872422078E+01  0.697355714678037E+01
   0.929789132092269E+01  0.619891615415756E+01  0.619740030895076E+01
   0.100730899240681E+02  0.697222186946397E+01  0.619919167741752E+01
   0.929790155990196E+01  0.697243175208196E+01  0.697259908527861E+01
   0.100726971101091E+02  0.619934121909793E+01  0.697353219882666E+01
  -0.505427731335720E-03  0.774820052856295E+01  0.619834283237735E+01
   0.774989975840221E+00  0.852304802192789E+01  0.619774935882271E+01
   0.381159315953464E-03  0.852258102436306E+01  0.697289241723291E+01
   0.774331895195910E+00  0.774813515247204E+01  0.697391342108141E+01
   0.154998547799073E+01  0.774889696072072E+01  0.619770233939790E+01
   0.232484476930334E+01  0.852267648801343E+01  0.619938901848754E+01
   0.154996503083782E+01  0.852338217694208E+01  0.697317889171122E+01
   0.232356963249321E+01  0.774781736368072E+01  0.697415436648681E+01
   0.310017211236606E+01  0.774814760635808E+01  0.619838813835237E+01
   0.387367664093125E+01  0.852231984070695E+01  0.619896464421865E+01
   0.309906057380462E+01  0.852214579002171E+01  0.697229976639706E+01
   0.387444211650585E+01  0.774894138209348E+01  0.697361380818327E+01
   0.464835961154293E+01  0.774850617094249E+01  0.619897703103607E+01
   0.542342337935619E+01  0.852248749124848E+01  0.619900690863954E+01
   0.464836615107487E+01  0.852190526211685E+01  0.697361929204172E+01
   0.542300508141924E+01  0.774897687649781E+01  0.697277865611980E+01
   0.619853407940418E+01  0.774754504727268E+01  0.619882560979509E+01
   0.697294794741925E+01  0.852228922664849E+01  0.619935547577079E+01
   0.619825374563569E+01  0.852314336084688E+01  0.697253020755808E+01
   0.697225025182063E+01  0.774811463162253E+01  0.697293753342293E+01
   0.774731081980869E+01  0.774745055837401E+01  0.619818177942609E+01
   0.852278967600302E+01  0.852184515863181E+01  0.619748149754714E+01
   0.774729689261842E+01  0.852345172796430E+01  0.697291494906870E+01
   0.852328206168389E+01  0.774831651634492E+01  0.697321234219821E+01
   0.929684006812470E+01  0.774797801634252E+01  0.619934295960627E+01
   0.100720307816009E+02  0.852208389508692E+01  0.619761344924955E+01
   0.929736766032818E+01  0.852301763801725E+01  0.697317025617965E+01
   0.100721041980740E+02  0.774802999443971E+01  0.697307271487959E+01
  -0.597907518703844E-03  0.929859479981868E+01  0.619885230731664E+01
   0.775645334756749E+00  0.100718140937329E+02  0.619911039380230E+01
   0.490937316648436E-03  0.100722429540618E+02  0.697369231340961E+01
   0.775207763838269E+00  0.929801455710766E+01  0.697417069916387E+01
   0.154912867612641E+01  0.929766063560338E+01  0.619785212925638E+01
   0.232519450900524E+01  0.100715906149386E+02  0.619784920809341E+01
   0.155024091464178E+01  0.100714708225964E+02  0.697334768489182E+01
   0.232496025982003E+01  0.929776130006779E+01  0.697346340562368E+01
   0.309820326468188E+01  0.929731370059313E+01  0.619937889386139E+01
   0.387350811050680E+01  0.100723748627538E+02  0.619869384282752E+01
   0.309849712052944E+01  0.100727330960170E+02  0.697317918399460E+01
   0.387392762712489E+01  0.929762015872022E+01  0.697294542460510E+01
   0.464924455226725E+01  0.929751117869339E+01  0.619906692194028E+01
   0.542440247649555E+01  0.100718633195774E+02  0.619843285173648E+01
   0.464803414823010E+01  0.100732894271982E+02  0.697409437333462E+01
   0.542379970076683E+01  0.929843516017451E+01  0.697339093001268E+01
   0.619922016880072E+01  0.929662593557413E+01  0.619777028381646E+01
   0.697362183341334E+01  0.100724953933672E+02  0.619802629582250E+01
   0.619876466630417E+01  0.100717683586048E+02  0.697384313102389E+01
   0.697279079582398E+01  0.929748715496424E+01  0.697352584477231E+01
   0.774865841153871E+01  0.929763279794231E+01  0.619759885143053E+01
   0.852308779278425E+01  0.100731939685241E+02  0.619809070632195E+01
   0.774725400137571E+01  0.100718308420959E+02  0.697372928902332E+01
   0.852277021715988E+01  0.929782620904785E+01  0.697276420904212E+01
   0.929714243795067E+01  0.929765297151276E+01  0.619826475528137E+01
   0.100727882465500E+02  0.100716861046083E+02  0.619912112989932E+01
   0.929778965018255E+01  0.100716241819720E+02  0.697334507320914E+01
   0.100730741610028E+02  0.929788495504880E+01  0.697341007956692E+01
  -0.596791651886511E-03  0.947663148037953E-03  0.774744244274348E+01
   0.775203798071366E+00  0.775307379049754E+00  0.774798808248870E+01
  -0.135347939582969E-03  0.774609832228154E+00  0.852282900519941E+01
   0.774590174711418E+00  0.467028821469335E-03  0.852343124498166E+01
   0.154892887732856E+01 -0.866251327217229E-03  0.774753492388340E+01
   0.232434425279106E+01  0.775172506502903E+00  0.774791403543403E+01
   0.154894526947603E+01  0.775731189250939E+00  0.852233093304551E+01
   0.232357897338540E+01 -0.230121847125409E-03  0.852374499183903E+01
   0.309993905386068E+01 -0.800679633287257E-03  0.774893285682432E+01
   0.387340782851318E+01  0.774032360922285E+00  0.774774974415478E+01
   0.309889817204869E+01  0.775107472180727E+00  0.852349846732351E+01
   0.387376789251732E+01 -0.682513939145199E-03  0.852324430203493E+01
   0.464803270844654E+01 -0.127978339215420E-03  0.774757710466635E+01
   0.542325603513817E+01  0.774108699409645E+00  0.774743665304257E+01
   0.464877376422611E+01  0.775636825364623E+00  0.852303857626055E+01
   0.542424958893188E+01 -0.750306563412535E-04  0.852221004837026E+01
   0.619759839930040E+01  0.457212978338860E-03  0.774779717813324E+01
   0.697348380593803E+01  0.774249351632572E+00  0.774796147155629E+01
   0.619920445479850E+01  0.773974931309372E+00  0.852305114817836E+01
   0.697288855586269E+01 -0.712380219775984E-03  0.852373196504004E+01
   0.774819409487683E+01  0.176817473533968E-03  0.774852548437405E+01
   0.852254215571189E+01  0.775795388528086E+00  0.774868317530236E+01
   0.774772517186437E+01  0.775727543966685E+00  0.852271904308921E+01
   0.852212778654913E+01  0.215063522746487E-03  0.852340491616867E+01
   0.929669336399437E+01 -0.815272961643279E-03  0.774871621738356E+01
   0.100719901654700E+02  0.775472242262109E+00  0.774820304989175E+01
   0.929849231727671E+01  0.774327021050924E+00  0.852248252739873E+01
   0.100725157247603E+02 -0.858981197269660E-03  0.852261964121792E+01
   0.333916041288298E-03  0.155014776505390E+01  0.774854054949218E+01
   0.774110249129288E+00  0.232453524213940E+01  0.774785404105209E+01
  -0.274309141387121E-04  0.232398059586798E+01  0.852259450403162E+01
   0.775377416878316E+00  0.154987789481760E+01  0.852196038312740E+01
   0.155020552572451E+01  0.154938395237677E+01  0.774753048559210E+01
   0.232434954647618E+01  0.232347533321030E+01  0.774718765525787E+01
   0.155000133846151E+01  0.232389177511988E+01  0.852203799875035E+01
   0.232433097014429E+01  0.155056101353108E+01  0.852294907313986E+01
   0.309872383290813E+01  0.154874225216615E+01  0.774898187675429E+01
   0.387360277454565E+01  0.232431052398885E+01  0.774829228694183E+01
   0.309852991179400E+01  0.232358903107079E+01  0.852265567363278E+01
   0.387474627268434E+01  0.154940939554394E+01  0.852353915267595E+01
   0.464862186722833E+01  0.154861988774845E+01  0.774843295712084E+01
   0.542287212562976E+01  0.232475085979989E+01  0.774877419762690E+01
   0.464915682297426E+01  0.232390019800238E+01  0.852280224874493E+01
   0.542279528092067E+01  0.155004338179965E+01  0.852312561142429E+01
   0.619829055436432E+01  0.155008706413326E+01  0.774706379170788E+01
   0.697254057906714E+01  0.232451853574788E+01  0.774733375134949E+01
   0.619774920496859E+01  0.232521283872226E+01  0.852239706801913E+01
   0.697382950991137E+01  0.154921312911173E+01  0.852265769659381E+01
   0.774721635354592E+01  0.154892773349873E+01  0.774727456650099E+01
   0.852264978701979E+01  0.232469628617767E+01  0.774865467824113E+01
   0.774896868523805E+01  0.232472232344780E+01  0.852295308008334E+01
   0.852211690650755E+01  0.155016161780730E+01  0.852270599005191E+01
   0.929824739451452E+01  0.155047672064877E+01  0.774798609646251E+01
   0.100724704146250E+02  0.232354965521819E+01  0.774721253702268E+01
   0.929729616489224E+01  0.232507595762038E+01  0.852370035406478E+01
   0.100717309678110E+02  0.155052366267092E+01  0.852336639218002E+01
   0.720275159758159E-04  0.309983229524398E+01  0.774832407044440E+01
   0.774450214854523E+00  0.387470430931821E+01  0.774883053773846E+01
  -0.515859282850201E-03  0.387410604317838E+01  0.852312082456506E+01
   0.774881670605344E+00  0.310015386903750E+01  0.852223618515448E+01
   0.154908355931577E+01  0.309980883355251E+01  0.774705785391549E+01
   0.232409007522459E+01  0.387354927071256E+01  0.774843346524003E+01
   0.154884426646203E+01  0.387385514762069E+01  0.852280600624912E+01
   0.232418476381572E+01  0.309957882679107E+01  0.852333669595335E+01
   0.309930916260151E+01  0.309944793927853E+01  0.774800641861246E+01
   0.387325167915515E+01  0.387344135062456E+01  0.774812836578422E+01
   0.309987278395141E+01  0.387454799289002E+01  0.852254620668141E+01
   0.387408553788445E+01  0.310013003622062E+01  0.852360954912695E+01
   0.464821968654410E+01  0.309949888886234E+01  0.774828778193669E+01
   0.542352348114629E+01  0.387353940835001E+01  0.774798999974325E+01
   0.464823773671221E+01  0.387398900863611E+01  0.852304731366109E+01
   0.542348124768989E+01  0.309943510202550E+01  0.852334896570942E+01
   0.619842591538229E+01  0.309838946309368E+01  0.774823733573036E+01
   0.697419612104793E+01  0.387310384813488E+01  0.774725683063903E+01
   0.619872748563712E+01  0.387493098322287E+01  0.852333851267371E+01
   0.697238521453395E+01  0.309980733327281E+01  0.852291672606057E+01
   0.774840389366981E+01  0.309951919107646E+01  0.774794696375339E+01
   0.852326940849862E+01  0.387365739981302E+01  0.774764651421367E+01
   0.774827692063479E+01  0.387310061571349E+01  0.852306503897995E+01
   0.852375412409701E+01  0.309980506103791E+01  0.852319554534395E+01
   0.929728734916660E+01  0.310004520077581E+01  0.774768129828674E+01
   0.100723879593364E+02  0.387400842372761E+01  0.774895742736633E+01
   0.929797292746287E+01  0.387402132691528E+01  0.852187993749207E+01
   0.100714002723143E+02  0.309851611984030E+01  0.852347553070734E+01
   0.484877311044316E-04  0.464934097772818E+01  0.774760853944912E+01
   0.775607588335045E+00  0.542425720253635E+01  0.774875788207176E+01
   0.487299835779696E-03  0.542270038370085E+01  0.852253409419512E+01
   0.775494108881596E+00  0.464799654572681E+01  0.852302887721684E+01
   0.154907458197894E+01  0.464909922877946E+01  0.774774995731889E+01
   0.232348767001047E+01  0.542403943811926E+01  0.774751487535312E+01
   0.155058788184496E+01  0.542269582769701E+01  0.852238325763301E+01
   0.232438146813058E+01  0.464972262288644E+01  0.852332291683102E+01
   0.309922396875517E+01  0.464909158361013E+01  0.774875874374125E+01
   0.387360711495712E+01  0.542385153065676E+01  0.774821018379913E+01
   0.309963514495358E+01  0.542394727916445E+01  0.852258518825033E+01
   0.387410782596095E+01  0.464826928716399E+01  0.852269584991544E+01
   0.464839744081288E+01  0.464925180414138E+01  0.774759116431767E+01
   0.542422104085487E+01  0.542448586805727E+01  0.774827129038370E+01
   0.464879279125466E+01  0.542297263506415E+01  0.852207103061235E+01
   0.542456058262228E+01  0.464795374692613E+01  0.852187029451897E+01
   0.619790736610457E+01  0.464829651539215E+01  0.774791225033089E+01
   0.697257390663976E+01  0.542380720254691E+01  0.774889171177528E+01
   0.619829617931454E+01  0.542364449816850E+01  0.852356939270314E+01
   0.697295117184879E+01  0.464795932327758E+01  0.852289077528240E+01
   0.774862064351392E+01  0.464803570702845E+01  0.774786511494370E+01
   0.852377253858417E+01  0.542402750178744E+01  0.774877573294172E+01
   0.774815797426297E+01  0.542350891740744E+01  0.852312204206003E+01
   0.852296108277678E+01  0.464804258133585E+01  0.852260222694191E+01
   0.929818577245451E+01  0.464862605660014E+01  0.774716812925793E+01
   0.100720636445933E+02  0.542387359158565E+01  0.774764533665038E+01
   0.929790156497225E+01  0.542417683498833E+01  0.852293793735395E+01
   0.100719800085882E+02  0.464941633469847E+01  0.852191912661329E+01
   0.184273125050639E-03  0.619757459392011E+01  0.774700027456204E+01
   0.774286327447835E+00  0.697342411835957E+01  0.774836926722913E+01
   0.153045053675051E-03  0.697404976313670E+01  0.852229006443896E+01
   0.774480552028168E+00  0.619908963304500E+01  0.852276325514012E+01
   0.154951517436643E+01  0.619860447674706E+01  0.774780244400273E+01
   0.232398847674848E+01  0.697398016442617E+01  0.774810920250046E+01
   0.155019745818467E+01  0.697237375149936E+01  0.852341055590339E+01
   0.232491665046765E+01  0.619773184297615E+01  0.852247644134645E+01
   0.309964585640093E+01  0.619829357438599E+01  0.774828266015508E+01
   0.387498297764904E+01  0.697317158396317E+01  0.774768681784582E+01
   0.310018218544487E+01  0.697245094799084E+01  0.852230971520462E+01
   0.387395313384768E+01  0.619746491155485E+01  0.852362713641979E+01
   0.464780637947812E+01  0.619793348523688E+01  0.774853642614963E+01
   0.542392928496488E+01  0.697405643956312E+01  0.774870516573655E+01
   0.464931186033321E+01  0.697245182678012E+01  0.852256738384590E+01
   0.542411593399773E+01  0.619904026918949E+01  0.852210762402386E+01
   0.619852820408588E+01  0.619851296073584E+01  0.774747557716945E+01
   0.697408875590426E+01  0.697226728145811E+01  0.774788495266104E+01
   0.619911819836176E+01  0.697362131744331E+01  0.852345451883988E+01
   0.697287691125055E+01  0.619756724847460E+01  0.852309470338670E+01
   0.774733808635465E+01  0.619882078809881E+01  0.774811175634720E+01
   0.852326129077538E+01  0.697350855682402E+01  0.774732322697229E+01
   0.774792342129697E+01  0.697320977892123E+01  0.852263157420665E+01
   0.852185515514510E+01  0.619928151148628E+01  0.852376446008575E+01
   0.929699763434495E+01  0.619854724643782E+01  0.774735249441164E+01
   0.100726866159715E+02  0.697391100205165E+01  0.774866657870153E+01
   0.929723387991750E+01  0.697221899948117E+01  0.852245693774078E+01
   0.100726998731137E+02  0.619749605068438E+01  0.852218720736939E+01
   0.868540493364864E-03  0.774853570792718E+01  0.774711833417936E+01
   0.774464041470267E+00  0.852304899492134E+01  0.774831615428426E+01
  -0.516532461259861E-03  0.852352116366773E+01  0.852339276689638E+01
   0.775541885085032E+00  0.774872647044241E+01  0.852363865918697E+01
   0.155014121424079E+01  0.774798321103996E+01  0.774778821890802E+01
   0.232475506505233E+01  0.852332041339720E+01  0.774782030183219E+01
   0.154959959711139E+01  0.852366271159829E+01  0.852241097335131E+01
   0.232487877075204E+01  0.774746673180957E+01  0.852306026698872E+01
   0.309977680444747E+01  0.774787926714548E+01  0.774875787934144E+01
   0.387467967883738E+01  0.852347883913610E+01  0.774740597072970E+01
   0.309853332441997E+01  0.852357916066870E+01  0.852293448167567E+01
   0.387420978664170E+01  0.774759484106880E+01  0.852374311747874E+01
   0.464821057348189E+01  0.774896462560959E+01  0.774821318877032E+01
   0.542445331456790E+01  0.852284617312394E+01  0.774753308707010E+01
   0.464920536701684E+01  0.852297085866781E+01  0.852197849379497E+01
   0.542278122671844E+01  0.774758793602406E+01  0.852322545756705E+01
   0.619774631283730E+01  0.774742936547326E+01  0.774751441693250E+01
   0.697233597296894E+01  0.852315019755001E+01  0.774770547900207E+01
   0.619802467513147E+01  0.852366353687851E+01  0.852367373158277E+01
   0.697376441515156E+01  0.774808806500762E+01  0.852216365800761E+01
   0.774843930778383E+01  0.774872717979406E+01  0.774710292487726E+01
   0.852199760107044E+01  0.852261060927917E+01  0.774873426493227E+01
   0.774777201195117E+01  0.852207186390018E+01  0.852326048852261E+01
   0.852283403994944E+01  0.774817279643697E+01  0.852345373652154E+01
   0.929726179014467E+01  0.774704399129596E+01  0.774835610494369E+01
   0.100729362919567E+02  0.852198418627278E+01  0.774748013801000E+01
   0.929707331477723E+01  0.852262242973622E+01  0.852281245643099E+01
   0.100714285720708E+02  0.774747190982878E+01  0.852364755396038E+01
   0.314645573050371E-03  0.929687115493968E+01  0.774774312905362E+01
   0.775531048130492E+00  0.100728342013047E+02  0.774744809201708E+01
   0.644773330772552E-03  0.100716756630882E+02  0.852258898486889E+01
   0.774324911941470E+00  0.929667523543371E+01  0.852369554637780E+01
   0.154925171659582E+01  0.929796276395531E+01  0.774896474966099E+01
   0.232413564940848E+01  0.100715819646529E+02  0.774730976206727E+01
   0.154872983217526E+01  0.100725067648609E+02  0.852201316180396E+01
   0.232429472812529E+01  0.929820011915101E+01  0.852190856377908E+01
   0.309865565157972E+01  0.929675552378998E+01  0.774892322519051E+01
   0.387452313746344E+01  0.100724120914498E+02  0.774874018990697E+01
   0.309991307593809E+01  0.100731204157499E+02  0.852352759562814E+01
   0.387385509966986E+01  0.929812549556214E+01  0.852311919091402E+01
   0.464819359748163E+01  0.929805990628842E+01  0.774887819304382E+01
   0.542437483691747E+01  0.100722081002025E+02  0.774856648411623E+01
   0.464853319733068E+01  0.100723099543508E+02  0.852333984784856E+01
   0.542295618101259E+01  0.929753701894366E+01  0.852217301771745E+01
   0.619840803495935E+01  0.929742970208473E+01  0.774797492032557E+01
   0.697257622963470E+01  0.100727368339128E+02  0.774898453374820E+01
   0.619853594126835E+01  0.100727877579227E+02  0.852327079131204E+01
   0.697313214398126E+01  0.929776028555318E+01  0.852303441241392E+01
   0.774883748583923E+01  0.929668476229369E+01  0.774861601588355E+01
   0.852229166985933E+01  0.100724239755968E+02  0.774819057536271E+01
   0.774722952557793E+01  0.100716348415668E+02  0.852345448100381E+01
   0.852274433545540E+01  0.929709605321533E+01  0.852298895581961E+01
   0.929758834443053E+01  0.929695362422546E+01  0.774776249087785E+01
   0.100718723391177E+02  0.100733628319085E+02  0.774815758663249E+01
   0.929807561442060E+01  0.100720353211409E+02  0.852202418244826E+01
   0.100729641960001E+02  0.929728427769062E+01  0.852352200259368E+01
  -0.677375098803574E-03  0.403229491508605E-03  0.929858275073052E+01
   0.774883324409270E+00  0.774598401087021E+00  0.929811951586173E+01
   0.848084183026092E-03  0.774411865609364E+00  0.100714996712447E+02
   0.775176607196106E+00  0.281211105180856E-03  0.100715383051242E+02
   0.154905093692932E+01 -0.526399178171494E-03  0.929666855214861E+01
   0.232521439649720E+01  0.775506657120829E+00  0.929774406367082E+01
   0.155015179489615E+01  0.774116458932407E+00  0.100726817621224E+02
   0.232402030818199E+01  0.402832297224038E-03  0.100716401545269E+02
   0.309829823428682E+01  0.904067458241131E-03  0.929831360071806E+01
   0.387357069443209E+01  0.774029585292436E+00  0.929690417559288E+01
   0.309961950083451E+01  0.773861069450958E+00  0.100714871539463E+02
   0.387413966396632E+01 -0.112086563789643E-03  0.100733436844725E+02
   0.464897940052906E+01  0.774513500968817E-03  0.929757607907652E+01
   0.542362515012702E+01  0.773855816471129E+00  0.929738730560398E+01
   0.464908671483527E+01  0.773807545428656E+00  0.100729947058120E+02
   0.542303301288956E+01  0.918918075091071E-04  0.100726899490911E+02
   0.619760331730550E+01  0.965421628406911E-03  0.929677750685977E+01
   0.697293916878441E+01  0.774430461660990E+00  0.929670537435269E+01
   0.619897982914541E+01  0.775739724710673E+00  0.100716964514448E+02
   0.697386627102907E+01 -0.259045051073243E-03  0.100722173584947E+02
   0.774710374016031E+01 -0.328414805508325E-03  0.929737425100537E+01
   0.852276345061610E+01  0.774990958965328E+00  0.929825429168856E+01
   0.774878908446648E+01  0.775696370390134E+00  0.100717104820214E+02
   0.852262681010773E+01 -0.306640525095171E-03  0.100725795641055E+02
   0.929809516383974E+01  0.692813971601929E-04  0.929746909765604E+01
   0.100720475424130E+02  0.774111938909820E+00  0.929727280250897E+01
   0.929752025217124E+01  0.774387183541607E+00  0.100719014014484E+02
   0.100730464299214E+02  0.575234792110474E-03  0.100729784938703E+02
   0.461036293267355E-03  0.155025924497029E+01  0.929736210198741E+01
   0.775234394273849E+00  0.232392275833590E+01  0.929718820814290E+01
  -0.488552655332264E-04  0.232483532049342E+01  0.100733594354108E+02
   0.774708458201167E+00  0.154977700582252E+01  0.100716697924446E+02
   0.154917890888738E+01  0.154978745229342E+01  0.929758836639776E+01
   0.232538348465136E+01  0.232519219416306E+01  0.929660476237760E+01
   0.154970905269965E+01  0.232421599403451E+01  0.100717231523363E+02
   0.232477499412024E+01  0.154876878132674E+01  0.100729057012525E+02
   0.309901047040783E+01  0.154918226768943E+01  0.929774798103040E+01
   0.387463192286533E+01  0.232413541633676E+01  0.929838967059583E+01
   0.309935086397747E+01  0.232385975899701E+01  0.100714965356265E+02
   0.387454812437862E+01  0.154957978129492E+01  0.100730458166947E+02
   0.464945967893242E+01  0.155006906282830E+01  0.929708361415636E+01
   0.542289773756729E+01  0.232385739447891E+01  0.929737100557493E+01
   0.464977186105002E+01  0.232469132157503E+01  0.100724480404167E+02
   0.542373549297665E+01  0.154958751271644E+01  0.100727249653265E+02
   0.619861898726519E+01  0.155031533196960E+01  0.929795819219986E+01
   0.697281129334027E+01  0.232442005595514E+01  0.929800835742640E+01
   0.619769755628892E+01  0.232454981432920E+01  0.100731805378825E+02
   0.697257286078152E+01  0.154985035972206E+01  0.100726723204424E+02
   0.774805288912110E+01  0.155019311177401E+01  0.929673543756330E+01
   0.852212253899558E+01  0.232504362642774E+01  0.929741625227647E+01
   0.774753645574351E+01  0.232412443809973E+01  0.100726223124463E+02
   0.852289889573575E+01  0.155039887624752E+01  0.100719533340885E+02
   0.929790827067291E+01  0.155005642313225E+01  0.929854933994863E+01
   0.100716752435126E+02  0.232375021874384E+01  0.929674358002519E+01
   0.929723030652002E+01  0.232515690988541E+01  0.100720584770704E+02
   0.100718729544219E+02  0.154958553974800E+01  0.100733845757150E+02
   0.795204200858050E-03  0.309876811460853E+01  0.929804727350784E+01
   0.775542379106050E+00  0.387497723008751E+01  0.929783337747423E+01
   0.697593992919386E-03  0.387316617471736E+01  0.100727328079985E+02
   0.774282614389067E+00  0.309966221892064E+01  0.100732845174689E+02
   0.154891218871295E+01  0.309920179418108E+01  0.929814284881173E+01
   0.232384069121997E+01  0.387334033682113E+01  0.929822470792359E+01
   0.155058782630609E+01  0.387441157201034E+01  0.100716924612615E+02
   0.232494227136338E+01  0.310016120253497E+01  0.100723258584374E+02
   0.309958001589203E+01  0.310004003871613E+01  0.929840093090289E+01
   0.387453824884939E+01  0.387485180653427E+01  0.929736927410144E+01
   0.309835118298258E+01  0.387357815392739E+01  0.100718185386965E+02
   0.387495526261255E+01  0.309838167839667E+01  0.100725339897354E+02
   0.464878433987236E+01  0.309938804514212E+01  0.929759827663204E+01
   0.542381634923450E+01  0.387357284044076E+01  0.929800688476481E+01
   0.464931112715285E+01  0.387375507513175E+01  0.100717482806133E+02
   0.542289441845766E+01  0.309871185867263E+01  0.100717516818878E+02
   0.619824390825027E+01  0.309936276785927E+01  0.929662633522686E+01
   0.697327438774065E+01  0.387455411188773E+01  0.929838599445017E+01
   0.619767697207857E+01  0.387301017985260E+01  0.100731310011463E+02
   0.697413593743188E+01  0.309898237098908E+01  0.100718469110206E+02
   0.774780639997041E+01  0.309947105212975E+01  0.929819003436525E+01
   0.852199974169958E+01  0.387448380881398E+01  0.929701773125874E+01
   0.774757950991374E+01  0.387451749075097E+01  0.100724014372807E+02
   0.852213414564892E+01  0.309834296077947E+01  0.100715112242178E+02
   0.929693512147603E+01  0.309962484719676E+01  0.929773518941551E+01
   0.100720617443491E+02  0.387404894450901E+01  0.929739823710462E+01
   0.929792074075257E+01  0.387349629304366E+01  0.100732885691866E+02
   0.100729860819116E+02  0.309858110873781E+01  0.100733940616945E+02
   0.171495757554424E-03  0.464975769145726E+01  0.929711800005049E+01
   0.775770397074926E+00  0.542452218914347E+01  0.929778207041173E+01
   0.164545033014477E-03  0.542277215695380E+01  0.100714819794118E+02
   0.774057304681725E+00  0.464881317592447E+01  0.100721342906560E+02
   0.154986408322989E+01  0.464844222175509E+01  0.929779937516077E+01
   0.232407575336595E+01  0.542446331500248E+01  0.929824217825521E+01
   0.154996677665232E+01  0.542372755864826E+01  0.100724637965536E+02
   0.232384502726686E+01  0.464944707010564E+01  0.100728156175216E+02
   0.309864682961062E+01  0.464781638440053E+01  0.929789773165469E+01
   0.387441434053443E+01  0.542440216315969E+01  0.929736427364126E+01
   0.309905235026059E+01  0.542302869595634E+01  0.100720115684583E+02
   0.387320369010422E+01  0.464975361451570E+01  0.100715693345282E+02
   0.464967066427958E+01  0.464849522412865E+01  0.929778788998225E+01
   0.542264570091359E+01  0.542287005766237E+01  0.929745791183567E+01
   0.464939590020597E+01  0.542394756953853E+01  0.100730109624110E+02
   0.542341359814635E+01  0.464966498733801E+01  0.100719980960846E+02
   0.619773772077712E+01  0.464841769506927E+01  0.929739737984727E+01
   0.697400970418940E+01  0.542400531016148E+01  0.929732901395668E+01
   0.619859171825126E+01  0.542299008068878E+01  0.100720380247768E+02
   0.697310525860494E+01  0.464917630695339E+01  0.100715476300567E+02
   0.774899505882411E+01  0.464833486208470E+01  0.929774247026919E+01
   0.852268929111875E+01  0.542353688252645E+01  0.929848803089472E+01
   0.774736102776207E+01  0.542358137558433E+01  0.100722375057274E+02
   0.852232627888505E+01  0.464818239075260E+01  0.100725206784339E+02
   0.929751846912542E+01  0.464829447430189E+01  0.929697505599369E+01
   0.100722278250891E+02  0.542319911724075E+01  0.929719766340091E+01
   0.929809370665129E+01  0.542350194654828E+01  0.100733428102383E+02
   0.100714696814342E+02  0.464953241319448E+01  0.100730650320835E+02
   0.349470991612657E-03  0.619795528175120E+01  0.929818920206149E+01
   0.774804669963327E+00  0.697340798952974E+01  0.929743851694391E+01
  -0.538200929021079E-03  0.697390640288633E+01  0.100724253832452E+02
   0.774302204490938E+00  0.619932317734268E+01  0.100731428195098E+02
   0.155040145322742E+01  0.619848353295932E+01  0.929726993951511E+01
   0.232378979914193E+01  0.697367898901141E+01  0.929799276561494E+01
   0.154907750983288E+01  0.697234654848746E+01  0.100715750568033E+02
   0.232427753341927E+01  0.619807883089428E+01  0.100730365323840E+02
   0.309945264331288E+01  0.619920148562035E+01  0.929770035151997E+01
   0.387345241809507E+01  0.697226799646684E+01  0.929664697419449E+01
   0.309845087857632E+01  0.697352208954779E+01  0.100720187649089E+02
   0.387487561594216E+01  0.619760178426450E+01  0.100715398763666E+02
   0.464827846729788E+01  0.619770997510658E+01  0.929796748295360E+01
   0.542424525378897E+01  0.697320028151301E+01  0.929844998145549E+01
   0.464813251967009E+01  0.697307492316029E+01  0.100722815793714E+02
   0.542365023940994E+01  0.619775972284595E+01  0.100718371049453E+02
   0.619939320987265E+01  0.619867173485497E+01  0.929705308390383E+01
   0.697232598963210E+01  0.697262179918550E+01  0.929746859315532E+01
   0.619788871002806E+01  0.697278080212362E+01  0.100724309122411E+02
   0.697370642262789E+01  0.619838336356927E+01  0.100730943984302E+02
   0.774770348058858E+01  0.619814747719674E+01  0.929756493172751E+01
   0.852221049110026E+01  0.697299051005976E+01  0.929748760047160E+01
   0.774886088245577E+01  0.697264335664687E+01  0.100718710920731E+02
   0.852361024293870E+01  0.619861715263959E+01  0.100731702214089E+02
   0.929687448471916E+01  0.619921187260379E+01  0.929856446493858E+01
   0.100722660814620E+02  0.697377229294806E+01  0.929749711290193E+01
   0.929720998148906E+01  0.697412016196917E+01  0.100724688966813E+02
   0.100731563891714E+02  0.619856463751379E+01  0.100724229905747E+02
   0.108044637764438E-03  0.774773072492137E+01  0.929781578817500E+01
   0.774300299659035E+00  0.852250405409374E+01  0.929826435744766E+01
  -0.238112397531300E-03  0.852229775131180E+01  0.100730832918450E+02
   0.774552513073231E+00  0.774831167545607E+01  0.100724140286448E+02
   0.155000621095031E+01  0.774832684243756E+01  0.929830651815732E+01
   0.232447402848536E+01  0.852349525507262E+01  0.929841730665697E+01
   0.154930367919419E+01  0.852256063410938E+01  0.100718208639826E+02
   0.232387425836093E+01  0.774784157271866E+01  0.100718420331131E+02
   0.309984093560272E+01  0.774814448762743E+01  0.929814285320581E+01
   0.387356956081479E+01  0.852183092798873E+01  0.929841571811068E+01
   0.309894114140744E+01  0.852240784324731E+01  0.100717820997689E+02
   0.387351070737204E+01  0.774823981614557E+01  0.100716008033796E+02
   0.464944373714657E+01  0.774871517492572E+01  0.929673802910764E+01
   0.542378086410348E+01  0.852267220894463E+01  0.929855376113895E+01
   0.464796634208479E+01  0.852338223083435E+01  0.100726758651498E+02
   0.542315211774026E+01  0.774884708799110E+01  0.100715919616867E+02
   0.619812736573225E+01  0.774710688649100E+01  0.929705557546949E+01
   0.697375353230909E+01  0.852261027936807E+01  0.929858971539864E+01
   0.619823741268973E+01  0.852319076559451E+01  0.100728396130108E+02
   0.697289364404623E+01  0.774851197848822E+01  0.100716571449742E+02
   0.774761116023382E+01  0.774795262542847E+01  0.929660427396296E+01
   0.852247959161967E+01  0.852369167212050E+01  0.929843421277841E+01
   0.774719827622730E+01  0.852325491648415E+01  0.100728128624791E+02
   0.852257791014044E+01  0.774778625563017E+01  0.100732134410786E+02
   0.929813030354200E+01  0.774873633230476E+01  0.929804536475414E+01
   0.100727734590671E+02  0.852314440873745E+01  0.929848859875186E+01
   0.929759499787116E+01  0.852202187808185E+01  0.100714664211456E+02
   0.100726188492568E+02  0.774796294849340E+01  0.100717080559952E+02
  -0.202483721734952E-03  0.929826251857641E+01  0.929665447886354E+01
   0.775062675778855E+00  0.100722146970847E+02  0.929740751726567E+01
   0.701285371728464E-03  0.100723239490872E+02  0.100718325467751E+02
   0.773921858404932E+00  0.929675907334911E+01  0.100715828465497E+02
   0.154860447712783E+01  0.929660258465151E+01  0.929793528213992E+01
   0.232377408382671E+01  0.100721968247701E+02  0.929688349487309E+01
   0.154992522123316E+01  0.100733831875982E+02  0.100715949892682E+02
   0.232371278184510E+01  0.929700078555343E+01  0.100728106567822E+02
   0.309872975017171E+01  0.929807077368590E+01  0.929722402896621E+01
   0.387471506673993E+01  0.100715233930078E+02  0.929852266168223E+01
   0.309998778070460E+01  0.100723696673086E+02  0.100719029606865E+02
   0.387312789224087E+01  0.929821841050218E+01  0.100723875788218E+02
   0.464976707245016E+01  0.929667094455115E+01  0.929680442427933E+01
   0.542275174754603E+01  0.100723389186180E+02  0.929827671171547E+01
   0.464801545991715E+01  0.100715501103971E+02  0.100727859061573E+02
   0.542372505600539E+01  0.929856854471218E+01  0.100724930682584E+02
   0.619884255130140E+01  0.929787792550571E+01  0.929718102535248E+01
   0.697398613627673E+01  0.100728097147960E+02  0.929786649931918E+01
   0.619809736824635E+01  0.100723743663154E+02  0.100717229835666E+02
   0.697299142674550E+01  0.929780222660659E+01  0.100722979854170E+02
   0.774870923929489E+01  0.929711732880775E+01  0.929806001758472E+01
   0.852317369445063E+01  0.100722972236099E+02  0.929834747527834E+01
   0.774813924499875E+01  0.100727235116545E+02  0.100730073059725E+02
   0.852289873901353E+01  0.929782133274946E+01  0.100733543036473E+02
   0.929718304943067E+01  0.929679303456538E+01  0.929669105867273E+01
   0.100727262370162E+02  0.100727752991994E+02  0.929742139964182E+01
   0.929832796139818E+01  0.100728379161156E+02  0.100729344435832E+02
   0.100727164244298E+02  0.929794590735312E+01  0.100714678113845E+02
