% T      4  0.154960000000000E+01  0.154960000000000E+01  0.154960000000000E+01
  -0.387095967663144E+00 -0.387730876908144E+00 -0.387354977579158E+00
   0.386996895526482E+00  0.388444617816464E+00 -0.386921871259107E+00
  -0.387419638859917E+00  0.387032597867876E+00  0.386942813552262E+00
   0.387518710996582E+00 -0.387746338776196E+00  0.387334035286002E+00
% -0.177604831484231E-01 -0.184028574470947E-01  0.566060483639831E-01
% -0.449100691037815E-01  0.375628735426946E-01  0.306703367803721E-01
%  0.772007620224954E-02 -0.521753699822479E-01 -0.447663670628914E-01
%  0.549504760499551E-01  0.330153538866480E-01 -0.425100180814637E-01
% -0.289608254821981E+01  0.716538193361659E-01 -0.282387881491664E+01
%  0.294404219561036E+01 -0.296895408262851E+01 -0.293632308922813E+01
% -0.553632657837178E-01  0.281491856604608E+01  0.286953404036582E+01
%  0.740361839317462E-02  0.823816972462581E-01  0.289066786377895E+01
