% T     32  0.309920000000000E+01  0.309920000000000E+01  0.309920000000000E+01
  -0.117059626439523E+01 -0.117409131536487E+01 -0.116153879792443E+01
  -0.394075376496051E+00 -0.393621688796042E+00 -0.116485678271623E+01
  -0.117092756136097E+01 -0.404412483983997E+00 -0.390198111078067E+00
  -0.377622238937311E+00 -0.115745066834552E+01 -0.392343153702390E+00
   0.392977289701790E+00 -0.116946027155356E+01 -0.117305803854651E+01
   0.116099562406293E+01 -0.383512519006146E+00 -0.114699627749925E+01
   0.391981219061936E+00 -0.372289729907798E+00 -0.388468154605913E+00
   0.114401843547380E+01 -0.116753295481893E+01 -0.392817446761165E+00
  -0.115524100591746E+01  0.387184533456586E+00 -0.117314653401955E+01
  -0.384461198787758E+00  0.116495452685498E+01 -0.117667733578188E+01
  -0.115694595977134E+01  0.117914502172073E+01 -0.378769224438937E+00
  -0.392997869133757E+00  0.383151813487267E+00 -0.379487823413180E+00
   0.373543492844148E+00  0.390685217699437E+00 -0.115262830859766E+01
   0.115409773615679E+01  0.115831971315610E+01 -0.115554331191500E+01
   0.374081629567352E+00  0.115551049501681E+01 -0.393284974455373E+00
   0.118239362139034E+01  0.402041290030547E+00 -0.390100099089506E+00
  -0.116059387840807E+01 -0.117240870078903E+01  0.387675259664625E+00
  -0.387605430689618E+00 -0.401902097642655E+00  0.375222914579859E+00
  -0.117638183764790E+01 -0.393334236038863E+00  0.116252964012927E+01
  -0.391924353632575E+00 -0.114156448685523E+01  0.117160161978108E+01
   0.398395279131370E+00 -0.115507186289707E+01  0.396481562123468E+00
   0.118250260205416E+01 -0.382481319489115E+00  0.379552378205576E+00
   0.407847097559323E+00 -0.389250548308430E+00  0.116996420861060E+01
   0.116676147324117E+01 -0.116546548188481E+01  0.116383271422312E+01
  -0.116217387657335E+01  0.399642850567112E+00  0.390191421008432E+00
  -0.377159795750024E+00  0.116958325482667E+01  0.401297984071143E+00
  -0.116669431949306E+01  0.116607372064953E+01  0.116699634414057E+01
  -0.384778432921871E+00  0.372534928515506E+00  0.115622996353956E+01
   0.398561303152594E+00  0.379380821831451E+00  0.379318665429524E+00
   0.114760479293477E+01  0.116619349603459E+01  0.380736165426686E+00
   0.381390870166009E+00  0.116021780074642E+01  0.115372583739799E+01
   0.115302693341784E+01  0.389230881088305E+00  0.117455769621352E+01
% -0.960858420966681E-01 -0.179520849744441E-01  0.355017494169914E-02
%  0.995409592650671E-02  0.722220261163924E-01 -0.333864797279920E-01
% -0.722454852194063E-01  0.720198893796604E-01  0.492696357131755E-01
%  0.347886516229585E-01 -0.272028621193113E-02 -0.192465539596328E-01
%  0.822236367433197E-01  0.342736778865513E-01 -0.750730287122070E-01
%  0.518035459590979E-01  0.135780340181953E+00  0.264793616037481E-01
%  0.240078221940769E-01  0.215984090874586E-01  0.855468742058440E-01
% -0.496075124273885E-01 -0.876256058774062E-01 -0.573640742151577E-01
%  0.487156045612886E-01 -0.144511319312335E-01 -0.101223616405490E+00
% -0.160846489397773E+00 -0.114687767057044E+00  0.858599245119201E-01
%  0.830091714479368E-01 -0.644223162125632E-01  0.844203662148332E-01
% -0.944661399860994E-01 -0.673229991425823E-01 -0.602357273142600E-01
% -0.110337781252512E-01  0.132146140826800E-01  0.287336156718321E-01
% -0.256874852657234E-01 -0.615862575868530E-03  0.349358164118767E-01
% -0.154388388784035E+00  0.167166365922555E-01 -0.817428768021682E-01
%  0.230247756607258E+00  0.869623305862551E-01  0.181081687398934E-01
%  0.254705420918373E-01 -0.327374728278522E-01 -0.117099289440453E+00
% -0.119056148558790E+00 -0.197705641957123E-01  0.156161024172645E+00
%  0.156874018557952E+00 -0.416609010529401E-01  0.528870805253129E-02
%  0.983761725201756E-01 -0.436234537962996E-02 -0.481083471314720E-01
%  0.768361121735201E-01  0.946421019577866E-01  0.118705775101068E+00
% -0.292463693977703E-01  0.678838978203912E-01 -0.225674236938229E-01
% -0.668909176781085E-02  0.132637950280425E+00  0.381230539591947E-01
%  0.978415098891546E-01 -0.246093779123650E-01 -0.326067317281133E-01
% -0.371526965016697E-02 -0.411482468812518E-01 -0.181426937136328E-01
% -0.364179821281891E-01 -0.252304593248334E-01 -0.450884900632983E-01
%  0.246583902825988E-01  0.197619682698205E-01  0.809528744799895E-01
% -0.532677388953656E-01  0.509801103646609E-02 -0.134386093308010E-01
% -0.374193522299701E-01 -0.579913099785831E-01 -0.399550177548617E-01
% -0.127297738221070E-01 -0.108178612004305E+00  0.431855491769760E-01
% -0.107729519539187E-02 -0.139417959577780E-01 -0.129828179299170E-01
% -0.808268876297746E-01 -0.333827137797724E-01 -0.810591450339477E-01
% -0.457746038585687E+00  0.139138554162724E+01  0.211622844046241E+01
%  0.620281811941391E+00  0.449486797760221E+00  0.276304717817253E+01
%  0.220452455590314E+01  0.157336031568778E+01 -0.173934727592300E+01
%  0.150570916269921E+01 -0.699230752187004E+00 -0.150119152190658E+01
% -0.867136999271654E-01  0.116714000813693E+01  0.895483751908951E+00
%  0.127445771611563E+01  0.104569961485727E+01 -0.133565397155857E+01
%  0.120662866010158E+01 -0.262545352497357E+01 -0.169390726804594E+01
%  0.638032374129629E+00 -0.739455313366003E+00  0.487342418442622E+00
%  0.912504116580229E+00  0.180312015296981E+01  0.223756892805814E+01
% -0.120146003785794E+01  0.605754705469610E+00  0.102970118942598E+01
%  0.191466050210348E+01 -0.215554267371812E+01 -0.198225842181617E+01
% -0.331821044820521E+01  0.895153609440217E+00  0.189936766936656E+00
%  0.889513981230437E+00 -0.528811731902766E+00 -0.139825812960745E+01
% -0.381168751548005E+00 -0.113799453220824E+01 -0.800614819376102E+00
% -0.755115813647452E+00  0.371410048340997E+00  0.308450648889434E+01
% -0.122165503230476E+01 -0.744091167394661E+00 -0.142815807301572E+01
% -0.197295622010849E+01  0.569879136278740E+00 -0.300481972221775E+00
% -0.126921272268182E+01  0.213616826092933E+01  0.230558487643264E+01
%  0.646775685701848E+00  0.305249881367561E+00  0.123175651512482E+01
%  0.472169116368738E+00 -0.275753068247117E+01 -0.163956964215695E+01
% -0.929737376301747E+00  0.213188512966585E+01 -0.106228165322659E+01
% -0.293018322507147E+01  0.340909268503055E+00  0.325059235599398E+00
% -0.231196874008177E+01  0.182313841408422E+01 -0.710435331784265E+00
%  0.472784436159290E+00 -0.161621317987407E+01  0.123976441391034E+01
% -0.235712492729027E+00 -0.443938928354934E+00  0.194486645608441E+01
% -0.609022045696084E+00  0.602700975041532E+00 -0.949196356294336E+00
%  0.125626509352334E+01 -0.873783163479005E+00 -0.264637814076933E+01
%  0.154765245733252E+01 -0.117610630161405E+01 -0.300348001328403E+01
% -0.417884023140599E+00 -0.111007445244513E+01  0.126654219632247E+01
%  0.161120078365613E+01 -0.166314828263064E+01  0.125175635322762E+01
%  0.606310051243678E+00 -0.119620719592716E+01  0.801261596234899E+00
%  0.319276163096952E+00  0.225514002238617E+01 -0.979194214251413E+00
