% T    108  0.464880000000000E+01  0.464880000000000E+01  0.464880000000000E+01
  -0.193602889160975E+01 -0.193784160573074E+01 -0.193748971705121E+01
  -0.116167186873228E+01 -0.116177468697837E+01 -0.193932204574697E+01
  -0.193550260931446E+01 -0.116422446826301E+01 -0.116455643518407E+01
  -0.115823469481459E+01 -0.193615215476308E+01 -0.116477733607463E+01
  -0.386072677912770E+00 -0.193821813672768E+01 -0.193870152719537E+01
   0.386664657286489E+00 -0.116181667994655E+01 -0.193548303776471E+01
  -0.389300505781955E+00 -0.116085935650620E+01 -0.116501841094590E+01
   0.383295303469397E+00 -0.193953437517662E+01 -0.116148698637150E+01
   0.116086149064182E+01 -0.194080732523498E+01 -0.193508767514429E+01
   0.193723450658214E+01 -0.116451487494429E+01 -0.193701465973025E+01
   0.116035062656589E+01 -0.116300564675260E+01 -0.116425952663103E+01
   0.193713773897290E+01 -0.193809487000908E+01 -0.116287659754064E+01
  -0.193856490602410E+01 -0.386828352163757E+00 -0.193796373744183E+01
  -0.116391319669778E+01  0.389798866256522E+00 -0.194103967544917E+01
  -0.193659055829359E+01  0.388850690912302E+00 -0.116091705324240E+01
  -0.116413872913596E+01 -0.385828205212111E+00 -0.116393868747373E+01
  -0.388955218164628E+00 -0.383877782017411E+00 -0.193798119943106E+01
   0.389437792248728E+00  0.388588688180166E+00 -0.193549755758421E+01
  -0.390288648788071E+00  0.386573960060436E+00 -0.116092417401505E+01
   0.385907512450059E+00 -0.385192738699089E+00 -0.116218690401213E+01
   0.116418008411848E+01 -0.385720844702516E+00 -0.193492128251505E+01
   0.193955322426384E+01  0.388920750399593E+00 -0.193625701029963E+01
   0.116567742146383E+01  0.389307026095762E+00 -0.116013294975184E+01
   0.193993574887616E+01 -0.389187691817060E+00 -0.116124861040604E+01
  -0.193776940778118E+01  0.116393802908602E+01 -0.193842088238003E+01
  -0.115998692443387E+01  0.193503877756970E+01 -0.193885990497304E+01
  -0.193305807711315E+01  0.193864838474036E+01 -0.116293210806984E+01
  -0.116207276508078E+01  0.116010859666612E+01 -0.116241621543127E+01
  -0.388531453699074E+00  0.115960034547110E+01 -0.193784813495433E+01
   0.384755939969184E+00  0.193285899631324E+01 -0.193475470961866E+01
  -0.387486444697605E+00  0.193471238734630E+01 -0.116122907792759E+01
   0.384320327835152E+00  0.115846603791643E+01 -0.115931229744732E+01
   0.116290858834967E+01  0.116359002816894E+01 -0.193500440839933E+01
   0.193442522799519E+01  0.193738553549179E+01 -0.193431100613270E+01
   0.115894273261572E+01  0.193583297989291E+01 -0.115979113286876E+01
   0.194018567112910E+01  0.116430798188587E+01 -0.115885067921926E+01
  -0.193410223681476E+01 -0.193569189370888E+01 -0.388860568751224E+00
  -0.116016925327097E+01 -0.116056030151529E+01 -0.387980981696931E+00
  -0.193705924016334E+01 -0.116621021494359E+01  0.386589124474415E+00
  -0.115985817119259E+01 -0.193517716616425E+01  0.388084071577660E+00
  -0.388314103625191E+00 -0.193522869396187E+01 -0.388984967038162E+00
   0.384892831267297E+00 -0.116129148649309E+01 -0.389807383873151E+00
  -0.386480141758213E+00 -0.116072431538935E+01  0.388348233675596E+00
   0.385518376153265E+00 -0.193556124560609E+01  0.385871965476168E+00
   0.116016748291072E+01 -0.193586811059843E+01 -0.390241603346049E+00
   0.193793417619109E+01 -0.116323831636157E+01 -0.389779352846477E+00
   0.116148378729563E+01 -0.116365524076888E+01  0.385545288488999E+00
   0.193671029659034E+01 -0.193631415817450E+01  0.383631009381451E+00
  -0.193698855832891E+01 -0.388919464164152E+00 -0.385263082569347E+00
  -0.116488054486890E+01  0.386288453183331E+00 -0.384762627364477E+00
  -0.193818933261960E+01  0.386471027065812E+00  0.390467364274027E+00
  -0.116236061642369E+01 -0.391030758447034E+00  0.389883372032603E+00
  -0.389811832554623E+00 -0.387092482583681E+00 -0.388481612961216E+00
   0.386678670021403E+00  0.386289818951864E+00 -0.385389385052641E+00
  -0.389331630888812E+00  0.386925560961924E+00  0.388775232659003E+00
   0.388637618171609E+00 -0.387883370188352E+00  0.386407550160299E+00
   0.116348582415089E+01 -0.388149691966765E+00 -0.388431181903791E+00
   0.193951705351448E+01  0.386944998408226E+00 -0.385053275649973E+00
   0.116397453442111E+01  0.386270720315684E+00  0.385853448456491E+00
   0.193705373373284E+01 -0.389404910437961E+00  0.386564292878184E+00
  -0.193486015927270E+01  0.116343026050258E+01 -0.386410321759243E+00
  -0.115987647155938E+01  0.193799804143272E+01 -0.388066031824925E+00
  -0.193531394013394E+01  0.194110026448485E+01  0.388325332806097E+00
  -0.116315064185002E+01  0.116290210034259E+01  0.390408656086237E+00
  -0.390067481737382E+00  0.116057947942334E+01 -0.384556512682526E+00
   0.383493953941876E+00  0.193500948939291E+01 -0.386510768825386E+00
  -0.387984997233030E+00  0.193839140541685E+01  0.387926249322593E+00
   0.387346082046407E+00  0.116076520344857E+01  0.386988795806882E+00
   0.116257796102317E+01  0.116328514887795E+01 -0.386318394476727E+00
   0.193943204280329E+01  0.193959640273783E+01 -0.389352928412384E+00
   0.116082680114524E+01  0.194001400908989E+01  0.384574182230398E+00
   0.193871348014728E+01  0.116588450962517E+01  0.385505780156439E+00
  -0.193758111011104E+01 -0.193732539846798E+01  0.116438284961223E+01
  -0.116055721224214E+01 -0.116335871845366E+01  0.116475246912800E+01
  -0.193816072228050E+01 -0.116388673775089E+01  0.193773640185794E+01
  -0.115927647253413E+01 -0.193807349654878E+01  0.193854574781190E+01
  -0.385581564018685E+00 -0.193465532935853E+01  0.116403851345558E+01
   0.388594993600567E+00 -0.116200258179694E+01  0.116266417777791E+01
  -0.385358881113419E+00 -0.116091041176925E+01  0.193877417182736E+01
   0.388664007190693E+00 -0.193772853623225E+01  0.193839357607542E+01
   0.116107689039561E+01 -0.193704419243743E+01  0.116168211888248E+01
   0.193631549472618E+01 -0.116486194492521E+01  0.116417280278958E+01
   0.116096100691284E+01 -0.116261242960515E+01  0.193906263823792E+01
   0.193462250525562E+01 -0.193935793238154E+01  0.193815112839584E+01
  -0.193910725240425E+01 -0.389380842788920E+00  0.116152982943750E+01
  -0.116334725301448E+01  0.387189947973536E+00  0.116273857327971E+01
  -0.193955244443360E+01  0.387657564498666E+00  0.193390768692039E+01
  -0.116281594976415E+01 -0.386393601601789E+00  0.193658865540779E+01
  -0.385438659948103E+00 -0.386837408443681E+00  0.116364391989024E+01
   0.389519050158792E+00  0.386696828672315E+00  0.116064010991624E+01
  -0.386785964131990E+00  0.388255925279419E+00  0.193548453436328E+01
   0.389685054632001E+00 -0.385100368549697E+00  0.193915054576999E+01
   0.116348058584714E+01 -0.388366989092174E+00  0.116178545989483E+01
   0.193418547690630E+01  0.387952618577088E+00  0.116026511412926E+01
   0.116394621183457E+01  0.388782479951376E+00  0.193695929255608E+01
   0.193569454251181E+01 -0.388599314730931E+00  0.193717771234158E+01
  -0.193970239558992E+01  0.116483207287418E+01  0.116208133409311E+01
  -0.116235022702875E+01  0.193924291218656E+01  0.116463136218174E+01
  -0.193776269491177E+01  0.193884761748832E+01  0.193930731993238E+01
  -0.116370239053896E+01  0.116249034503550E+01  0.193381726775367E+01
  -0.386480886794529E+00  0.116119537414083E+01  0.116082427731559E+01
   0.388174384409630E+00  0.193664625879494E+01  0.116047149806731E+01
  -0.384793903567931E+00  0.193428819959542E+01  0.193517900008041E+01
   0.389593418054410E+00  0.116026431131164E+01  0.193482958800838E+01
   0.116429585767059E+01  0.116313995748504E+01  0.115882684014044E+01
   0.193540726727892E+01  0.193986362271551E+01  0.116100437361143E+01
   0.116008171143628E+01  0.193557737807966E+01  0.193838421315044E+01
   0.193680515761618E+01  0.116437948127811E+01  0.193572928142199E+01
%  0.183966979822614E-01 -0.117669655091303E-01 -0.698353752005412E-02
% -0.327198243639574E-02  0.169857926705111E-01 -0.130767410456051E-01
%  0.121762071144735E-01  0.633689474348996E-02 -0.563125972730114E-03
%  0.806024932655904E-04 -0.712917673007997E-02  0.312903553830040E-02
%  0.410625102049948E-02 -0.527380733015525E-02 -0.316510493287809E-02
% -0.147636842548863E-01 -0.632424647832003E-02  0.831387060015530E-02
% -0.190869782988030E-01  0.252404881736147E-01  0.109027174319180E-02
%  0.137613320013038E-01  0.704745432913501E-02  0.766440695139830E-02
% -0.181497838039257E-01 -0.249238230756188E-02 -0.462512393129555E-02
%  0.245995113945200E-02 -0.144086071715994E-01 -0.218908083010665E-02
% -0.269975076444857E-02 -0.505938662381164E-02  0.326995752605042E-02
%  0.124754620494764E-01  0.787266312561178E-03 -0.115458364944162E-01
% -0.515901969810998E-02 -0.113379841839099E-02  0.932323087685539E-02
%  0.224975213129308E-01 -0.282159627657096E-02  0.183719699665128E-02
% -0.161163486310704E-01 -0.187565228687272E-03  0.155923644771730E-02
%  0.636009496075052E-02  0.823451141236022E-02  0.756773711619613E-02
%  0.143406241500613E-01  0.222728194888181E-01  0.162870671880273E-02
%  0.270548821195982E-01  0.225218285762009E-02  0.729276637871604E-02
%  0.194598520704325E-01 -0.370946800652498E-01  0.245701143662993E-02
%  0.428575122321431E-02 -0.947172018857337E-04  0.263967752963645E-01
% -0.942394326604732E-03 -0.838216270872361E-02  0.235676366757288E-02
% -0.120689052216578E-01  0.250202825257274E-01 -0.290988929339488E-02
% -0.742752957230802E-03 -0.237712983717974E-01  0.867750677492504E-02
%  0.330202782697486E-02 -0.691327673951359E-02  0.498608580360040E-02
%  0.233566904204257E-02 -0.742736504874661E-02 -0.913386243169661E-03
%  0.129505203043552E-01  0.813671567460386E-03 -0.398702989826763E-02
%  0.164188526228148E-01  0.559672638603966E-02 -0.564482763292903E-03
%  0.163395978146357E-01 -0.228025696254160E-01 -0.938763243409545E-02
% -0.166247126257092E-01 -0.535985945226287E-02 -0.106614822317877E-01
% -0.196689336175226E-01 -0.503260281047560E-02 -0.381626723502248E-02
% -0.174934541553012E-01 -0.112287184125792E-02 -0.999065939146910E-02
% -0.979095629989097E-02  0.128945427919126E-01 -0.143923831059035E-01
%  0.124331452023129E-01 -0.455597433934177E-02  0.112946664092300E-01
%  0.136451670240953E-02  0.131634712383226E-01 -0.838631151945181E-02
% -0.279001006806660E-02  0.606384291152935E-02  0.812539726343636E-02
%  0.225871553877136E-02  0.234060810779771E-02 -0.121662880244908E-02
%  0.273399870751346E-02  0.184623639304096E-01 -0.160074530837718E-01
% -0.216507740970186E-01  0.491308932271108E-02  0.116988971065982E-02
%  0.387623498119261E-02  0.579843244134121E-02  0.608722514658598E-02
%  0.242571658981843E-01  0.802383442395824E-02 -0.291662023343670E-02
% -0.166505265158258E-03  0.110380588139774E-01  0.131470339648784E-01
% -0.214444168320034E-03  0.592491490181642E-02  0.397847358779976E-03
%  0.165623178525969E-01 -0.735690355904030E-02  0.240478798138721E-02
%  0.137591889061990E-03 -0.115480497846899E-01  0.196165994584430E-02
%  0.260296450087525E-02 -0.614044881487613E-02 -0.134276411173701E-01
% -0.349080365485122E-02 -0.517658486824718E-02 -0.679471671137553E-02
% -0.245234430918453E-02 -0.301985698627210E-01 -0.257323722986811E-01
%  0.136257048530135E-01  0.748903938139859E-02 -0.162043412285083E-01
%  0.993605186862522E-02 -0.856902356320779E-03  0.281689908951194E-03
%  0.101731606633420E-02  0.945818303678270E-03  0.370183704714209E-01
% -0.166602905307135E-01 -0.612381224990660E-02 -0.471087055350047E-02
%  0.175177435503626E-01 -0.801661465315583E-02  0.622870921116686E-03
% -0.160824884194919E-01  0.154145441144162E-01  0.691920239691556E-02
% -0.280337660242864E-02  0.253823805438447E-01  0.221679814588923E-01
%  0.309828407695030E-03 -0.144820539435129E-01  0.329865051351273E-01
%  0.196179909542374E-02  0.105997227838775E-01 -0.153113182060046E-01
%  0.471452405336401E-02  0.136981290766115E-01  0.266663457643142E-01
%  0.445482739809769E-02  0.190217518239561E-01 -0.102966478056714E-01
%  0.201804056728434E-01  0.143578175367219E-02 -0.254022260715915E-02
%  0.140816689539998E-01 -0.891270599813199E-02 -0.563022203426676E-03
%  0.395468276820144E-02 -0.385594547903292E-02  0.740493364616767E-02
% -0.100687210913900E-01 -0.253713951268991E-03  0.159391478242144E-01
% -0.254564447039727E-01  0.134622246352024E-01  0.199508130464725E-01
% -0.198206532279624E-02 -0.759859915648187E-03 -0.145913021738292E-01
% -0.222079264991415E-01 -0.214557161767319E-01 -0.743736602289345E-02
% -0.648505530273640E-02 -0.246867349333904E-02 -0.118180415348377E-02
%  0.845875667772233E-03 -0.148069683947488E-01  0.794153579404782E-02
%  0.152423415491023E-01 -0.499756005105973E-02 -0.134302883991331E-03
% -0.834462802442367E-02 -0.462110085778931E-02 -0.105743686631416E-01
%  0.585741784771191E-02 -0.384840106401678E-02 -0.437472300577664E-02
% -0.101673453470437E-01  0.134691502308599E-01  0.331431845164802E-02
% -0.131818738932301E-01  0.494975169171877E-02 -0.135800014293713E-01
% -0.885681876576846E-02  0.773182031797210E-02 -0.181525257596213E-02
%  0.120406734557722E-01  0.155110596454827E-01 -0.122502830612728E-01
%  0.115162261803989E-02 -0.189459922087612E-01 -0.630366815426977E-02
% -0.654866572223423E-02 -0.303813666215414E-01 -0.140886380985881E-01
% -0.139871188864359E-02  0.122421205378478E-01 -0.376864522219854E-02
% -0.442836023488743E-02 -0.192746119445211E-01  0.397466624429238E-02
%  0.797481905729053E-02  0.536699844227063E-02 -0.154681879309630E-01
% -0.960299769518900E-02  0.602893729029674E-02  0.243286056230475E-01
%  0.878849288132050E-02  0.149015893699360E-01  0.378043743960103E-02
%  0.541457563436997E-03 -0.692775708321223E-02  0.152529225300719E-01
%  0.746687880015111E-03 -0.452370601791979E-02  0.183756044685270E-01
% -0.580787394621151E-02 -0.729751211823162E-02  0.494780350767677E-02
% -0.148200069983886E-02 -0.274365675452162E-01 -0.123896115066496E-02
% -0.307888993196896E-01 -0.536915511564411E-02 -0.115622582161479E-01
% -0.351033376666803E-01  0.464760382342143E-02 -0.764869303982869E-02
% -0.624623531875329E-02  0.149293807024493E-01 -0.139290293264895E-01
% -0.715271132555463E-03  0.422389952910539E-02  0.102440427114651E-01
% -0.210050173871184E-02 -0.139744219167833E-01  0.108286145738658E-01
% -0.979589150870256E-02  0.125425738252670E-01 -0.188126971177435E-01
% -0.888725498263532E-02  0.106701242633747E-01  0.497105679239766E-03
% -0.162148403606475E-02 -0.251454818248528E-01 -0.119752330704462E-01
%  0.811426991471590E-02 -0.237899351434348E-02  0.332412583508746E-02
%  0.223485354018621E-02  0.925606853654217E-02  0.611517175842461E-02
% -0.606386713312031E-02 -0.483246515881805E-02 -0.940803238042631E-02
% -0.589426444554598E-02  0.141429686542813E-01  0.124418054591387E-01
%  0.163089556428120E-01 -0.268142102205662E-02 -0.163512569472072E-01
% -0.147107242711378E-01 -0.688467188133844E-02 -0.605108410285375E-02
% -0.928489308355148E-02 -0.170958127369642E-02  0.535864523538801E-02
%  0.156909503487569E-01  0.233592368516238E-02  0.185083404560210E-01
% -0.151322400280907E-01  0.809566294976825E-02 -0.239516437100225E-02
%  0.826629817178860E-02 -0.198905502138907E-02 -0.564606705097690E-02
%  0.120737457410493E-01 -0.153171572832722E-02 -0.345131453088733E-02
%  0.197462819848989E-01  0.114043987163019E-01 -0.310907846097447E-02
%  0.649895591639768E-02  0.304527543002140E-01 -0.108404467443351E-01
%  0.429384131324775E-02 -0.399639523358959E-02 -0.119684484228843E-01
% -0.794559429420035E-02  0.752938703416301E-03  0.150556400784122E-02
%  0.101082756993198E+00 -0.251921539379976E+00  0.716149376689186E-01
% -0.370816746528190E-01  0.246426056493398E+00 -0.259236580224631E-02
%  0.320371723572016E+00  0.336808215478667E+00  0.215273535151542E+00
% -0.466624776807010E+00 -0.258096398592764E+00 -0.387138528657173E-01
%  0.128960078196090E+00 -0.267369357541330E+00  0.624570822869073E-01
%  0.185780185570349E+00  0.231619162950023E+00  0.302887414542194E-01
%  0.229303190566734E+00  0.393169849596592E+00 -0.500978255307179E-01
%  0.425396568030587E+00  0.391338546872918E+00 -0.253382662627841E+00
% -0.580268792554152E+00  0.523803448357584E+00  0.136839027766664E+00
% -0.340063045531708E+00  0.779128466388393E-01  0.236263399436540E+00
%  0.174009522038095E+00  0.522932935599430E-01  0.167287268875529E+00
%  0.673288718978693E-01  0.265384548423427E-01  0.379382116215757E-01
%  0.223968226021870E+00 -0.676700198006500E-01 -0.221628936165405E+00
% -0.431250495313599E+00 -0.291217272985710E+00  0.436556525041037E+00
%  0.459428871109279E-01 -0.199600146879224E+00 -0.135054222690224E+00
% -0.295843523894371E+00 -0.872185164289440E-01 -0.138069927321209E+00
%  0.196929568867200E+00 -0.147871468034537E+00  0.840717648473626E-02
% -0.160551431559671E+00  0.155642888637166E+00  0.136840591488300E-01
%  0.887571971145965E-02  0.186193434934734E+00 -0.145496668796235E+00
%  0.331783499263961E+00  0.479769697312397E-01 -0.532731420147522E-01
%  0.694429187103360E-01 -0.290235593090073E-02  0.109593711897657E+00
% -0.394040186764293E+00  0.222664269612228E+00  0.549103815954214E-01
% -0.155829023065944E+00 -0.184141532981142E+00  0.155494835912099E+00
% -0.273644369575249E+00  0.248720707327273E+00 -0.151561812685708E+00
%  0.130927377223175E+00 -0.692862168106237E-02  0.195203937410576E+00
%  0.147313240182638E+00 -0.195840337072699E-01  0.166497811714634E+00
% -0.954260495920318E-01 -0.896831939736383E-01 -0.137230150719897E+00
% -0.189687912450087E+00  0.278458433282242E+00 -0.291718323255148E-01
%  0.250595710560467E+00 -0.155346842731585E-02 -0.262599595159038E+00
%  0.209457007981848E+00  0.109284868641529E+00 -0.268307898721401E+00
% -0.492550085971324E+00 -0.269109371085097E+00 -0.333926430294638E+00
%  0.347882600706533E+00  0.218056626647068E+00 -0.337154847860823E-01
%  0.876317304850500E-01 -0.385350822704278E+00  0.245505160260417E+00
%  0.548727372990313E+00 -0.296285884344963E+00 -0.649106390544846E-01
%  0.106498061463153E+00 -0.194932397785127E+00  0.142022867931075E+00
% -0.301962623230982E+00 -0.155415921652905E-01 -0.352323594089393E+00
%  0.289880373937660E+00 -0.148240590649128E+00 -0.348944051285872E+00
% -0.372581686076927E+00 -0.175651592951784E+00 -0.330467801203030E+00
%  0.942177285211388E-01  0.527463876383971E+00  0.563176395294123E+00
% -0.229255879314742E-01 -0.412113401430564E-02  0.238095901240854E+00
% -0.879340315571477E-01 -0.622755244225898E-02  0.351236475481729E+00
%  0.161875439426802E+00  0.197031789810986E+00 -0.644197842800402E-01
%  0.102060877296391E+00  0.598437085019813E-01 -0.398281872602483E-01
%  0.300644801029392E-01  0.244584973731964E-01 -0.239699606045197E-01
% -0.213307370884611E+00 -0.173934680265463E+00  0.340531766370327E-01
% -0.872614073492090E-01 -0.215849168237573E+00 -0.786911718625655E-01
%  0.202616192423488E-01  0.755298645214055E-01 -0.412547617233312E-01
% -0.810411097604778E-01  0.125872719233976E+00  0.558805168493502E+00
%  0.380851114060048E+00 -0.217021595063910E+00 -0.265454562341036E+00
%  0.785626921190887E-01 -0.179212982043673E+00  0.228847701852319E+00
%  0.127770119534738E+00  0.822166277671656E-01 -0.208007142672430E+00
% -0.233509848462310E+00  0.539451036238285E+00  0.100278205929424E+00
%  0.185017544752328E+00  0.114506551028575E+00  0.363904633301984E+00
%  0.302975596465952E-01 -0.360264673233697E-01 -0.283796919275424E+00
%  0.159039213520318E+00 -0.648935445255285E+00 -0.785036138406081E-01
% -0.139644779616694E+00 -0.773191676118159E-01 -0.939012690885406E-01
% -0.138947201615863E+00 -0.756114015159902E-01 -0.384094236497169E+00
% -0.300903489476956E-01  0.137251210887995E+00 -0.261325819983663E+00
%  0.255051067896188E-02  0.121200739137815E+00 -0.148167232848565E+00
% -0.453326838802459E-01 -0.554087891663392E+00  0.226399149439572E+00
%  0.179068874265689E+00  0.262318198279516E+00  0.381223085138435E+00
% -0.296959125750011E+00 -0.386758900341456E-01  0.336351639768511E+00
%  0.156378516679722E+00 -0.248120897695185E+00 -0.293497523096146E+00
% -0.248267754823700E+00  0.202953363070533E+00 -0.127777493938105E+00
% -0.945684562628159E-01 -0.251740842030239E+00 -0.488306988714852E-01
%  0.324253468354532E+00  0.191070161228489E+00  0.530576426729338E-02
% -0.139384319143122E+00 -0.154401762254959E-01  0.358752526653880E+00
%  0.548546072240034E-01  0.178826553583755E+00 -0.237591463830885E-01
%  0.135421387727569E+00 -0.592668993878635E-01  0.241532537818980E-01
% -0.148874531730879E+00 -0.309904727411951E-01  0.177539580798748E+00
%  0.555403131219591E-01 -0.217496480376084E+00 -0.800902045205296E-01
% -0.874592560469352E-01 -0.110581714354022E+00 -0.581745956647984E-01
%  0.108916513687096E+00  0.146165478881543E+00 -0.112171428244905E+00
% -0.317442874449803E+00  0.687611105950554E-01  0.687261656261003E-01
%  0.160331670451389E+00  0.333383632141449E-01 -0.102686337156713E-01
% -0.253272082022667E+00  0.832837318472666E-01 -0.654618491480053E-01
%  0.186375881858437E+00 -0.453559338353975E+00  0.962063127695287E-03
%  0.153979028653276E+00  0.330843750497738E+00  0.249153262442920E+00
%  0.168699094675100E+00  0.296776919510215E+00 -0.534049010260609E-01
% -0.380668915740353E-01 -0.303925899035409E+00  0.613328773572516E-01
% -0.133101820609713E+00  0.177412859858850E-01  0.177042116760319E-01
% -0.336170138450138E+00  0.157603987973574E-01 -0.487919247185686E+00
%  0.171567228307231E-01 -0.158624418640078E+00  0.207894277287644E+00
% -0.137260227560572E+00  0.157406454309479E+00  0.285598305423051E+00
%  0.414137657695485E-01 -0.316725875357763E+00  0.270282559684667E+00
% -0.203979656260689E+00 -0.171614971102543E+00 -0.155775374052473E+00
% -0.118164396670142E+00  0.164266445321423E+00  0.949372021214782E-01
% -0.277347849621461E+00 -0.243213631138628E+00 -0.196244764967619E+00
% -0.155217971975790E-01 -0.140703848604214E+00  0.741721889202113E-01
%  0.188007053421154E+00 -0.786198855661907E-01 -0.542494298875262E-01
%  0.226566394699556E+00  0.656369150268180E-01 -0.820794671214718E-01
%  0.140566081112058E-01 -0.134517351339942E+00 -0.113281995002049E+00
% -0.173100263571231E+00 -0.198194600640366E+00 -0.324593290712863E-01
%  0.495562363271355E+00 -0.421542788910179E-01  0.870025351589502E-01
%  0.214356144442540E+00  0.811941339824225E-01  0.388706094821938E-01
%  0.775662496485381E-01  0.189204936079994E+00 -0.395361356675201E-02
%  0.146569190022406E+00  0.841230032133294E-01 -0.623594053485710E-01
%  0.358770510773514E+00 -0.903718240741462E-01 -0.342637231356757E+00
% -0.189543887221861E+00 -0.126795630558101E+00 -0.350210226290821E+00
%  0.103130196708476E+00  0.491857985808184E-01  0.119211669784627E+00
% -0.599874612949424E-01  0.175591524489572E+00 -0.926756443120010E-02
%  0.240184751647860E-01  0.127626424152345E+00 -0.857290445227599E-01
%  0.897272448615416E-02  0.610168166857522E-01  0.544814144537736E-01
% -0.850957804261077E-01 -0.297060243264232E-02  0.192830235478320E+00
% -0.252672926450431E+00  0.288528455140534E+00  0.781450024807784E-01
% -0.651030969343643E-01 -0.453550201813855E-01 -0.921660904124008E-01
%  0.497289253702813E-01 -0.711676992938162E-01 -0.294902895697725E+00
% -0.311608131283139E+00  0.766909945584953E-01  0.224289799698044E+00
