% T    256  0.619840000000000E+01  0.619840000000000E+01  0.619840000000000E+01
  -0.271219075069421E+01 -0.271121111791626E+01 -0.271107322688621E+01
  -0.193750423814212E+01 -0.193763279756300E+01 -0.271170057207539E+01
  -0.271159228367675E+01 -0.193712263708708E+01 -0.193713302101114E+01
  -0.193627486759331E+01 -0.271221101359833E+01 -0.193641447129795E+01
  -0.116256902344322E+01 -0.271216681175584E+01 -0.271196018865308E+01
  -0.387439416445404E+00 -0.193727030167232E+01 -0.271113975883179E+01
  -0.116296602751036E+01 -0.193712763105957E+01 -0.193690454638003E+01
  -0.387053922525230E+00 -0.271159066786306E+01 -0.193653281115232E+01
   0.387569916660484E+00 -0.271188862993422E+01 -0.271232976358642E+01
   0.116245971123118E+01 -0.193743113063446E+01 -0.271216487971424E+01
   0.387014463321281E+00 -0.193706088042487E+01 -0.193710191466244E+01
   0.116251997524211E+01 -0.271155953262435E+01 -0.193701966707700E+01
   0.193741653665325E+01 -0.271185314500031E+01 -0.271195514447381E+01
   0.271190761643451E+01 -0.193743920286244E+01 -0.271202438705499E+01
   0.193763421866354E+01 -0.193727891266232E+01 -0.193744239001868E+01
   0.271190988970741E+01 -0.271195533347010E+01 -0.193700004244187E+01
  -0.271168538316846E+01 -0.116282644711202E+01 -0.271137443856317E+01
  -0.193680318160713E+01 -0.387453454212646E+00 -0.271122776313558E+01
  -0.271236449414868E+01 -0.387889501420832E+00 -0.193653967311062E+01
  -0.193623415889946E+01 -0.116192132585893E+01 -0.193673582280132E+01
  -0.116151966362063E+01 -0.116202077257715E+01 -0.271171188154300E+01
  -0.387388792315390E+00 -0.386005421383956E+00 -0.271157855492754E+01
  -0.116284595168773E+01 -0.387963374369927E+00 -0.193673595238318E+01
  -0.387459589842866E+00 -0.116270206820640E+01 -0.193728207576272E+01
   0.386615539625631E+00 -0.116183434386443E+01 -0.271212843876761E+01
   0.116208165040790E+01 -0.387551077496156E+00 -0.271276676100349E+01
   0.387447940597911E+00 -0.387285820636131E+00 -0.193725210201555E+01
   0.116252346180901E+01 -0.116256250559545E+01 -0.193669486811443E+01
   0.193690170983476E+01 -0.116252411817117E+01 -0.271215102791411E+01
   0.271148613146960E+01 -0.387815713208756E+00 -0.271171878288094E+01
   0.193710470265132E+01 -0.387556444018430E+00 -0.193682656200749E+01
   0.271187003968824E+01 -0.116142123149871E+01 -0.193696912512602E+01
  -0.271131001602409E+01  0.386861749324787E+00 -0.271130029596940E+01
  -0.193703847371366E+01  0.116268349952736E+01 -0.271195861740758E+01
  -0.271243676551522E+01  0.116167745617896E+01 -0.193629718171819E+01
  -0.193645387058932E+01  0.387339384370606E+00 -0.193698045900508E+01
  -0.116157802519903E+01  0.387677780687030E+00 -0.271136017838262E+01
  -0.387098347757863E+00  0.116262431038948E+01 -0.271253492416009E+01
  -0.116209230085514E+01  0.116228546354794E+01 -0.193720980066082E+01
  -0.386627051492682E+00  0.386810154260485E+00 -0.193715410089486E+01
   0.387778861635796E+00  0.388148812321647E+00 -0.271197474084468E+01
   0.116193394114171E+01  0.116233483509201E+01 -0.271173802901061E+01
   0.387421844613525E+00  0.116296207950262E+01 -0.193647304458409E+01
   0.116206364654423E+01  0.388305250565348E+00 -0.193729539696956E+01
   0.193665589770553E+01  0.387295262968646E+00 -0.271147503311520E+01
   0.271179706898706E+01  0.116224913832337E+01 -0.271106885303561E+01
   0.193710619127575E+01  0.116251201698907E+01 -0.193672577965852E+01
   0.271184569462617E+01  0.387816326707430E+00 -0.193702646934875E+01
  -0.271137476078167E+01  0.193674817796932E+01 -0.271161669055323E+01
  -0.193748993946031E+01  0.271204084642685E+01 -0.271207604675660E+01
  -0.271243889029550E+01  0.271143463596373E+01 -0.193757030944954E+01
  -0.193717559697972E+01  0.193787159725756E+01 -0.193673318339716E+01
  -0.116156413104622E+01  0.193736432914638E+01 -0.271195086889435E+01
  -0.387282028829125E+00  0.271154224086610E+01 -0.271176411569710E+01
  -0.116226395432382E+01  0.271141392009112E+01 -0.193678987650871E+01
  -0.386888712930111E+00  0.193774325163600E+01 -0.193713565075484E+01
   0.387544253491752E+00  0.193631870012623E+01 -0.271241864099173E+01
   0.116298122147854E+01  0.271146368140594E+01 -0.271173013303254E+01
   0.387949664598810E+00  0.271199281528400E+01 -0.193710904317574E+01
   0.116141247286524E+01  0.193700905036860E+01 -0.193663796895304E+01
   0.193692430099988E+01  0.193797205244552E+01 -0.271216951902382E+01
   0.271162236141666E+01  0.271198104780433E+01 -0.271176187723407E+01
   0.193676127285755E+01  0.271126198981775E+01 -0.193704602803168E+01
   0.271134773522857E+01  0.193722777952673E+01 -0.193702097915927E+01
  -0.271170196938798E+01 -0.271190480048382E+01 -0.116140075366959E+01
  -0.193688177737448E+01 -0.193734509151483E+01 -0.116198121177029E+01
  -0.271203932702353E+01 -0.193711367078110E+01 -0.387409097325730E+00
  -0.193710080884872E+01 -0.271193345067080E+01 -0.387476359429980E+00
  -0.116180403874500E+01 -0.271131445741687E+01 -0.116222475966162E+01
  -0.387061995729986E+00 -0.193717807785580E+01 -0.116292561833023E+01
  -0.116198722400362E+01 -0.193640667283267E+01 -0.387228666010540E+00
  -0.387403073196448E+00 -0.271163879966157E+01 -0.386716265365723E+00
   0.387635299476894E+00 -0.271192057797478E+01 -0.116238592278562E+01
   0.116217222029561E+01 -0.193678182242102E+01 -0.116169603291016E+01
   0.387257388697318E+00 -0.193629159449376E+01 -0.387088096979799E+00
   0.116170857073588E+01 -0.271163968846061E+01 -0.387341075155599E+00
   0.193701216445147E+01 -0.271162423748752E+01 -0.116274180703201E+01
   0.271217042964264E+01 -0.193666988210558E+01 -0.116196724387486E+01
   0.193695440198824E+01 -0.193668552142840E+01 -0.388113794547498E+00
   0.271231955153402E+01 -0.271234474197849E+01 -0.386836671212393E+00
  -0.271176832887723E+01 -0.116231813142738E+01 -0.116214306101088E+01
  -0.193689918473298E+01 -0.387638560130353E+00 -0.116255493267163E+01
  -0.271194183205968E+01 -0.387632461038933E+00 -0.387386203425089E+00
  -0.193740889990115E+01 -0.116245360300777E+01 -0.387635822737844E+00
  -0.116196857121843E+01 -0.116152750923473E+01 -0.116333942561833E+01
  -0.387519171383959E+00 -0.386957472286955E+00 -0.116223290617087E+01
  -0.116205894047707E+01 -0.387381068767944E+00 -0.386773431010671E+00
  -0.388120903971112E+00 -0.116187132741681E+01 -0.387823301628257E+00
   0.388004960014519E+00 -0.116276875176150E+01 -0.116161559641973E+01
   0.116250446716695E+01 -0.387329707061408E+00 -0.116248621805492E+01
   0.387251654833425E+00 -0.386941355314960E+00 -0.388367470850348E+00
   0.116278777256244E+01 -0.116225283729754E+01 -0.386500358339445E+00
   0.193732627274475E+01 -0.116230904644562E+01 -0.116259466288637E+01
   0.271236780302542E+01 -0.387678165528317E+00 -0.116185984276872E+01
   0.193694470955842E+01 -0.387640472096887E+00 -0.387661927343114E+00
   0.271207400618972E+01 -0.116253734936765E+01 -0.387563872747283E+00
  -0.271186701874194E+01  0.386768258157511E+00 -0.116185673366217E+01
  -0.193735895587350E+01  0.116262534158531E+01 -0.116289813863637E+01
  -0.271130910555660E+01  0.116241434035819E+01 -0.387114455910081E+00
  -0.193673694624598E+01  0.386916343599508E+00 -0.387217386752345E+00
  -0.116278808926995E+01  0.387062066795493E+00 -0.116173100200057E+01
  -0.387384664727657E+00  0.116159787503128E+01 -0.116139740322417E+01
  -0.116181328083894E+01  0.116169640237611E+01 -0.386257665105041E+00
  -0.388401729457175E+00  0.388019808329606E+00 -0.387276629351214E+00
   0.387190010254689E+00  0.387755510566859E+00 -0.116183335815918E+01
   0.116248651106292E+01  0.116232297790683E+01 -0.116178319459898E+01
   0.387587394048462E+00  0.116257485223630E+01 -0.386935617820088E+00
   0.116195351823832E+01  0.386974397378711E+00 -0.387240055664081E+00
   0.193745225714259E+01  0.386382273577342E+00 -0.116221577509019E+01
   0.271213171611132E+01  0.116245764721503E+01 -0.116203024496191E+01
   0.193711744778354E+01  0.116205433914363E+01 -0.387566960172629E+00
   0.271137029114521E+01  0.387629327575814E+00 -0.388328241359980E+00
  -0.271156822993821E+01  0.193624716052307E+01 -0.116215255610361E+01
  -0.193746122446274E+01  0.271218918266352E+01 -0.116219512546502E+01
  -0.271114841158058E+01  0.271215285269540E+01 -0.387242470005947E+00
  -0.193720909283024E+01  0.193686174863846E+01 -0.387718879525110E+00
  -0.116234002116824E+01  0.193719227800230E+01 -0.116191763811681E+01
  -0.387084090827371E+00  0.271179784130201E+01 -0.116251668723141E+01
  -0.116163653144440E+01  0.271206665988046E+01 -0.387554779197340E+00
  -0.386787049646959E+00  0.193699843934000E+01 -0.387955531483570E+00
   0.387572666983671E+00  0.193702733775745E+01 -0.116207397063266E+01
   0.116242259394478E+01  0.271199227180219E+01 -0.116294860109660E+01
   0.388185072733388E+00  0.271164584885029E+01 -0.387585720535833E+00
   0.116166374751987E+01  0.193739068336320E+01 -0.387770172682597E+00
   0.193684401884850E+01  0.193723114117978E+01 -0.116206097094516E+01
   0.271141728269910E+01  0.271188124068962E+01 -0.116169252061417E+01
   0.193706772332929E+01  0.271184784243273E+01 -0.386418351795856E+00
   0.271159305879447E+01  0.193690344682112E+01 -0.387103877179609E+00
  -0.271235683122292E+01 -0.271182385581655E+01  0.387338144005090E+00
  -0.193692669044531E+01 -0.193621602264748E+01  0.387492284883352E+00
  -0.271225239939970E+01 -0.193743551526906E+01  0.116198135631495E+01
  -0.193786847942381E+01 -0.271115419099691E+01  0.116269790576558E+01
  -0.116234439788156E+01 -0.271227886366354E+01  0.386825274062551E+00
  -0.387765719253232E+00 -0.193700592598395E+01  0.387534584752482E+00
  -0.116257537485850E+01 -0.193663164924159E+01  0.116254923033524E+01
  -0.388204880833180E+00 -0.271198402523617E+01  0.116276336671897E+01
   0.387459764503415E+00 -0.271155255594505E+01  0.387548790735818E+00
   0.116214805949843E+01 -0.193707528504339E+01  0.387041689841851E+00
   0.387134266140831E+00 -0.193716192514989E+01  0.116197044907381E+01
   0.116211831520841E+01 -0.271217764088647E+01  0.116265781723768E+01
   0.193743375904994E+01 -0.271160572302753E+01  0.386900194174546E+00
   0.271212920945085E+01 -0.193797468441768E+01  0.387112803028963E+00
   0.193720905996029E+01 -0.193716821851745E+01  0.116163851978393E+01
   0.271132249015936E+01 -0.271161950820182E+01  0.116148071015450E+01
  -0.271189206838115E+01 -0.116289379123104E+01  0.387328911588244E+00
  -0.193677862574114E+01 -0.387890584126728E+00  0.386692423955216E+00
  -0.271149651861689E+01 -0.387395259789294E+00  0.116184729133807E+01
  -0.193712218306367E+01 -0.116231700779170E+01  0.116314553591760E+01
  -0.116269188514074E+01 -0.116188191432652E+01  0.387014306726359E+00
  -0.387320418193035E+00 -0.387667628755714E+00  0.387607268971592E+00
  -0.116208515071136E+01 -0.387534061305196E+00  0.116225305672870E+01
  -0.387152788438074E+00 -0.116247619900658E+01  0.116195462161828E+01
   0.387273430710302E+00 -0.116163813365853E+01  0.387741869522640E+00
   0.116236654207273E+01 -0.387505775033826E+00  0.387623446937634E+00
   0.387282915888629E+00 -0.387336581877385E+00  0.116230429041630E+01
   0.116251136654196E+01 -0.116194905713099E+01  0.116195643715059E+01
   0.193793699166326E+01 -0.116189656997060E+01  0.386871814196252E+00
   0.271212823708855E+01 -0.387705613539075E+00  0.387057658909435E+00
   0.193675062422862E+01 -0.387226315942786E+00  0.116288950466639E+01
   0.271199100578840E+01 -0.116141841752680E+01  0.116191048326838E+01
  -0.271133042036893E+01  0.387379190176044E+00  0.387095654358381E+00
  -0.193669056136257E+01  0.116246592185637E+01  0.386609742601350E+00
  -0.271226637491032E+01  0.116190305169711E+01  0.116157775311627E+01
  -0.193749795635699E+01  0.386694805084973E+00  0.116170301722987E+01
  -0.116244550712527E+01  0.387766601405715E+00  0.387774097119684E+00
  -0.387478519439850E+00  0.116196412156210E+01  0.387331501139429E+00
  -0.116215437603124E+01  0.116222677577626E+01  0.116131171173912E+01
  -0.387816127149607E+00  0.387596572857435E+00  0.116102932011689E+01
   0.387209451973571E+00  0.388036260764481E+00  0.387552757569081E+00
   0.116184037507658E+01  0.116209784096377E+01  0.387354523122858E+00
   0.387833693959116E+00  0.116196283040030E+01  0.116273515877577E+01
   0.116316094814531E+01  0.387045211921302E+00  0.116207433264093E+01
   0.193673785926672E+01  0.386929429789628E+00  0.387408341371727E+00
   0.271147537358523E+01  0.116222420950243E+01  0.387211583525012E+00
   0.193643034252296E+01  0.116268667327734E+01  0.116199850185757E+01
   0.271125110409518E+01  0.387656468624596E+00  0.116180975371981E+01
  -0.271224943062279E+01  0.193756193364063E+01  0.387375705294080E+00
  -0.193654591837774E+01  0.271241995639386E+01  0.387721763133105E+00
  -0.271110184211815E+01  0.271151613739105E+01  0.116193225953158E+01
  -0.193670588011541E+01  0.193673443548035E+01  0.116237027484125E+01
  -0.116241830857043E+01  0.193701650187939E+01  0.387635497826737E+00
  -0.387181687725860E+00  0.271115761780020E+01  0.388460283783627E+00
  -0.116213993891734E+01  0.271271949716117E+01  0.116282887491794E+01
  -0.387743158527193E+00  0.193662294690917E+01  0.116297757375267E+01
   0.387060842707076E+00  0.193723728752283E+01  0.387633616893637E+00
   0.116216231296377E+01  0.271205785567705E+01  0.387372748217869E+00
   0.387901940336640E+00  0.271174154581939E+01  0.116235331040711E+01
   0.116277610056233E+01  0.193644673517634E+01  0.116249991774101E+01
   0.193615133509784E+01  0.193676189510387E+01  0.387604185989075E+00
   0.271120729896775E+01  0.271068712355355E+01  0.387833722492943E+00
   0.193651369147455E+01  0.271191366455457E+01  0.116229595836100E+01
   0.271214677115574E+01  0.193738050806245E+01  0.116214200789426E+01
  -0.271154156169202E+01 -0.271224891859609E+01  0.193670216458995E+01
  -0.193758667689391E+01 -0.193640836250857E+01  0.193685966410901E+01
  -0.271169127263230E+01 -0.193689199436845E+01  0.271145496238524E+01
  -0.193811721460905E+01 -0.271161406039062E+01  0.271194360218965E+01
  -0.116249970614352E+01 -0.271206926321831E+01  0.193737779739291E+01
  -0.387263696322125E+00 -0.193673636883135E+01  0.193706187093975E+01
  -0.116250423068411E+01 -0.193819753705915E+01  0.271245328432612E+01
  -0.387874031440629E+00 -0.271133406672318E+01  0.271132272497681E+01
   0.387661933386503E+00 -0.271143548163096E+01  0.193701946336866E+01
   0.116183595760985E+01 -0.193672691957799E+01  0.193724974231069E+01
   0.387763765414894E+00 -0.193677406653667E+01  0.271184087059169E+01
   0.116311223732834E+01 -0.271191056727215E+01  0.271169735895846E+01
   0.193732467597640E+01 -0.271132203437327E+01  0.193695975520156E+01
   0.271260138783904E+01 -0.193753511027178E+01  0.193682212944492E+01
   0.193818953148661E+01 -0.193757043007878E+01  0.271247149317683E+01
   0.271171193266300E+01 -0.271236388771573E+01  0.271236942726454E+01
  -0.271257415697194E+01 -0.116213795236781E+01  0.193668910215112E+01
  -0.193665249192010E+01 -0.387608849563427E+00  0.193660362444504E+01
  -0.271087763715014E+01 -0.387280072855991E+00  0.271119486920051E+01
  -0.193744231772876E+01 -0.116322203190676E+01  0.271169310582286E+01
  -0.116202436555335E+01 -0.116254454812851E+01  0.193648608652950E+01
  -0.387856983210579E+00 -0.387140183458804E+00  0.193763532059065E+01
  -0.116275431003820E+01 -0.387794479108060E+00  0.271239671222815E+01
  -0.387024692585557E+00 -0.116226454453349E+01  0.271214867542660E+01
   0.386622644685774E+00 -0.116208983993926E+01  0.193699862257911E+01
   0.116166077659609E+01 -0.387815744308729E+00  0.193665730704331E+01
   0.387093797504699E+00 -0.387341934790631E+00  0.271227451393538E+01
   0.116162020253923E+01 -0.116237732623259E+01  0.271239430048378E+01
   0.193666148992130E+01 -0.116248744732297E+01  0.193698026284411E+01
   0.271170404320480E+01 -0.387610551985592E+00  0.193714821424428E+01
   0.193703172974773E+01 -0.386947723802558E+00  0.271170986015282E+01
   0.271177692945683E+01 -0.116233492149973E+01  0.271172305067135E+01
  -0.271220068785759E+01  0.387312777188794E+00  0.193719638791018E+01
  -0.193775905394573E+01  0.116149102362577E+01  0.193745446468865E+01
  -0.271124379687751E+01  0.116277858485496E+01  0.271208135136246E+01
  -0.193657653241027E+01  0.387332982585662E+00  0.271164656021575E+01
  -0.116182474239767E+01  0.387534513149515E+00  0.193692754606939E+01
  -0.387551732933110E+00  0.116267955435230E+01  0.193626058789625E+01
  -0.116206227525148E+01  0.116215031179690E+01  0.271144878831555E+01
  -0.386990182911108E+00  0.387794943771126E+00  0.271214214788132E+01
   0.387272719725550E+00  0.388180076155837E+00  0.193700468794113E+01
   0.116219459505949E+01  0.116157984263198E+01  0.193693096092650E+01
   0.387298084977026E+00  0.116172937717271E+01  0.271226907718156E+01
   0.116185390163410E+01  0.387508960925445E+00  0.271092536949447E+01
   0.193752818402181E+01  0.387749212135302E+00  0.193646844767192E+01
   0.271142697670038E+01  0.116220077575260E+01  0.193680672093276E+01
   0.193695171354150E+01  0.116229182471037E+01  0.271163522269902E+01
   0.271207784047946E+01  0.387417750293133E+00  0.271144896462464E+01
  -0.271134562926899E+01  0.193684629133441E+01  0.193718040979924E+01
  -0.193676246492266E+01  0.271163616639118E+01  0.193686755122630E+01
  -0.271221954399889E+01  0.271161411348331E+01  0.271132058219734E+01
  -0.193650350856365E+01  0.193758137892892E+01  0.271234359423247E+01
  -0.116286113636745E+01  0.193703885803778E+01  0.193758411878532E+01
  -0.388000298807196E+00  0.271195295105193E+01  0.193709563345228E+01
  -0.116230177752181E+01  0.271216263783331E+01  0.271245350155937E+01
  -0.387933566473111E+00  0.193666712021827E+01  0.271138146202711E+01
   0.387754247243716E+00  0.193720965597363E+01  0.193728521083664E+01
   0.116209851786424E+01  0.271206119631829E+01  0.193650574328290E+01
   0.386711368900909E+00  0.271210432229872E+01  0.271054777061406E+01
   0.116210031405082E+01  0.193677792785730E+01  0.271152419061872E+01
   0.193683255411777E+01  0.193749061264794E+01  0.193629696139669E+01
   0.271218471238845E+01  0.271164637602180E+01  0.193655760174499E+01
   0.193691601996458E+01  0.271201410520382E+01  0.271184001676480E+01
   0.271180061316653E+01  0.193710478637075E+01  0.271123850879105E+01
% -0.142703843464334E-02 -0.951042333629069E-02 -0.641584414928645E-02
%  0.312254222917067E-03  0.170099628167208E-02 -0.110292902567943E-01
% -0.839122935266574E-02  0.441083988891203E-02  0.505769281969585E-02
%  0.909235244292740E-02 -0.785385122266372E-02  0.100282309259834E-03
%  0.482501726421194E-02 -0.142883766038778E-02 -0.111041890266677E-01
%  0.175606393966155E-02 -0.639470425101011E-02  0.566328649649655E-03
%  0.143183606478820E-01 -0.312983582204544E-02  0.102517066956752E-01
% -0.143116740056431E-01  0.940031660074246E-02  0.125739929043332E-02
%  0.202036969011975E-02 -0.573525215293627E-02 -0.849593114603605E-02
%  0.468141387393014E-02  0.152041072131823E-02 -0.913156688676826E-02
%  0.192734668016029E-03  0.122707842053297E-01  0.248414817726386E-02
%  0.346623660346894E-02  0.681449713692009E-02  0.799787428014311E-03
% -0.195005517172771E-01 -0.140594472161183E-03 -0.495117173952183E-02
% -0.609452432144418E-02 -0.141099124925130E-02 -0.615607906535259E-02
% -0.579079201039286E-02  0.116632173120304E-01  0.726236941203482E-02
%  0.154263993944636E-01 -0.259414446758498E-01  0.651667792681565E-03
% -0.157684237107781E-01  0.113946274748113E-01  0.101892083204522E-01
%  0.168407387970962E-02 -0.161197926791612E-02 -0.800736481471075E-02
% -0.723485305659465E-02 -0.286677472438555E-02  0.164671375001733E-02
%  0.504083932239012E-02 -0.319552394242844E-02  0.185012363277168E-02
%  0.457108034289706E-02  0.131986302091554E-01 -0.148971482388340E-03
% -0.656788727413480E-02 -0.137656536545580E-01 -0.739808230318641E-04
%  0.105009343006246E-01 -0.646242863224039E-02  0.308635396763095E-02
%  0.118968329930433E-01  0.321279319849177E-02 -0.883167233080231E-03
%  0.722977285669434E-03  0.896025827360016E-02  0.572532406938304E-03
% -0.117212665990081E-04  0.266099193585772E-02  0.102995090968191E-02
%  0.289584664941899E-02  0.649573521893198E-02 -0.170131719397896E-02
%  0.489580479317795E-02 -0.411425567874742E-02  0.255013985237897E-02
%  0.191033164344960E-02  0.187943084015966E-02  0.972230785856518E-02
%  0.107627977097056E-01 -0.220593113495254E-01  0.455484117651444E-02
% -0.128706865189269E-02 -0.591083510935051E-02  0.538548816307938E-02
%  0.876602803378069E-02  0.103258145884114E-01  0.442845437089195E-02
% -0.552917816091099E-02  0.470591564265502E-02 -0.157345216770963E-02
% -0.434063255660292E-02  0.854458779308984E-02 -0.498843010957148E-02
% -0.128741115347599E-01 -0.122403486587713E-01  0.101944273669051E-01
% -0.147278296283822E-01 -0.662056303304880E-03  0.148372732279209E-01
%  0.119264898216389E-01 -0.706611734516900E-02 -0.102471980769695E-01
% -0.128745599898006E-01  0.555320289531480E-02 -0.338940891265548E-02
%  0.207279925638958E-01  0.341368171273423E-02 -0.716429511282112E-02
% -0.679050808689513E-02 -0.555801506550412E-03 -0.179220675252553E-01
% -0.250032029252313E-02  0.568108964901119E-02 -0.289567300218519E-02
%  0.925178436542197E-02 -0.936537382687448E-03 -0.175273191262951E-02
%  0.357977129217385E-02  0.100300042688289E-01 -0.482836105787026E-03
% -0.214675908219961E-02 -0.326306223613434E-02  0.628112317495124E-02
% -0.146839778670520E-01  0.252254010518749E-02  0.467404719103244E-02
%  0.598191978374117E-03 -0.503660484795207E-02  0.579292800033934E-02
% -0.637247360856235E-03  0.540543367376545E-02 -0.299677107934237E-02
%  0.150272773995188E-01  0.506720685676845E-02 -0.121564639006280E-01
%  0.798967370198165E-02  0.939600342442177E-02 -0.264221906381912E-02
%  0.288191590657960E-02 -0.239965123592056E-01 -0.989628723194989E-02
%  0.680762561870430E-02  0.180768831013188E-02  0.189117135179378E-02
% -0.349746025117627E-02  0.114319840174861E-01 -0.421700863252353E-02
%  0.132858569609332E-01 -0.456343041016855E-02  0.670499123427080E-02
% -0.175022483630325E-02  0.550570223494849E-02 -0.128127869075058E-02
%  0.390599260482360E-02  0.660151451529334E-02 -0.186477137814218E-04
%  0.318548845626724E-02 -0.794207442713803E-02 -0.609199066180158E-02
%  0.462691067739936E-02 -0.646242512260350E-02  0.218942665896638E-02
%  0.117559322267741E-02  0.430007006414374E-02  0.175820126146867E-01
%  0.149568456285854E-01 -0.812046165383981E-02  0.119500188879151E-01
% -0.342804339869407E-02  0.130135325746670E-01 -0.963596889003447E-02
%  0.804475773749071E-02  0.103021863929139E-01  0.471492910682460E-02
%  0.948620070037791E-02  0.422911459332748E-02  0.960703311730251E-02
% -0.484858423445155E-02 -0.983252642000747E-02  0.412047852836351E-02
% -0.115133015663326E-02 -0.825310014629132E-02 -0.142354809754583E-02
% -0.107450452170467E-01  0.257434862460869E-03 -0.505622726147158E-02
%  0.240037090617028E-02 -0.268284629412306E-02  0.145169334863983E-01
%  0.799489686886903E-02  0.111340994858697E-01 -0.473276723949828E-02
%  0.311779622994444E-02  0.161244246517691E-03  0.355214185496714E-02
%  0.550294374824629E-02 -0.332110421716248E-03 -0.627486605076604E-02
%  0.256461351507180E-02  0.308706836109975E-02 -0.326833659584475E-02
%  0.878259287327071E-02 -0.605575949769970E-02  0.945689801174336E-02
%  0.165151534312591E-02  0.164698836596105E-01  0.822233318063676E-02
%  0.583003659853389E-02  0.103568729732776E-01 -0.132144785845929E-01
%  0.175397431236695E-02 -0.519807116567270E-02 -0.131991006311854E-01
% -0.193727517624700E-01 -0.335932031532849E-02  0.148195741033407E-01
%  0.257399312544553E-02  0.336545455904542E-02  0.136889151100964E-01
% -0.235507938970178E-02 -0.457221059065605E-02 -0.818552838997813E-02
%  0.139519596413003E-02  0.362889404166402E-02 -0.181474744192580E-01
% -0.547989020361028E-02 -0.108912114409842E-01  0.512992445949356E-02
% -0.181880488544530E-02  0.512208320444381E-03  0.347444983279238E-03
% -0.688453402718365E-03  0.781574362961325E-02 -0.516551812620150E-02
%  0.689583695518352E-03 -0.126975823326593E-01 -0.272860876100366E-02
% -0.102240503517140E-01  0.776785826466043E-02 -0.722532412671109E-02
% -0.474183623859765E-02  0.639801707276656E-02 -0.445394207237079E-03
% -0.266206154735922E-02  0.169150882099172E-01 -0.356327775940484E-02
% -0.802335334969137E-03 -0.727625634804014E-02  0.894356305547946E-02
%  0.634304778764538E-02  0.480960134690044E-02  0.719045696388502E-02
%  0.853611239869706E-02  0.122926234827175E-02  0.701861994010254E-02
% -0.148025874635115E-02 -0.179029292328408E-01 -0.646639792237014E-02
%  0.151113806846513E-01 -0.440180268164685E-02 -0.121245074161459E-01
% -0.175575887605703E-01  0.373310798420717E-02  0.281964836753897E-02
% -0.136155996897062E-02  0.135999787420049E-01  0.847775146784889E-02
%  0.102703965486246E-01 -0.622490107313504E-03 -0.576026425863381E-02
%  0.898013247977771E-02 -0.226666949145534E-02 -0.212421407574590E-02
% -0.125329001461666E-01 -0.321356785863859E-02 -0.500838156784922E-02
%  0.381110424760177E-02  0.396708789728238E-02  0.196762640399058E-03
% -0.874329527536394E-02 -0.607865001288408E-02 -0.140188214829327E-01
%  0.439284292898412E-02  0.109661091217549E-02  0.183499359899657E-02
%  0.126731438968269E-01  0.761770890092027E-02 -0.892855429969850E-03
%  0.469429966749106E-03 -0.995039461716255E-02 -0.702529936790166E-02
% -0.802642740920073E-02  0.113156399458095E-01  0.295749677615700E-02
%  0.159501856499537E-02 -0.612844887953345E-02 -0.306849783121536E-02
%  0.178585057327321E-02  0.132455783534268E-01 -0.482127062713488E-02
% -0.669070682635086E-02 -0.125684887321800E-01  0.102179768081931E-01
% -0.412501542350026E-04  0.366766679249532E-02 -0.524237782814172E-02
%  0.288632265966818E-02  0.937020179823292E-02  0.341837245279079E-02
% -0.436259441967420E-02  0.136972207699356E-01  0.964821470472576E-02
% -0.866434651060280E-02 -0.169447807962373E-02  0.155323971851481E-02
%  0.168688962026671E-02 -0.908656225285195E-02  0.186592795515525E-02
% -0.275177220369329E-02  0.257773268748958E-02 -0.689237074212524E-02
%  0.277120417961117E-02  0.765323754050376E-02  0.601831857970971E-03
% -0.224935038441248E-02 -0.168304652956413E-01  0.144248796471913E-01
%  0.145900281641540E-01  0.791039509055109E-02  0.674810455871639E-02
% -0.239647713517231E-01  0.482799871591257E-03  0.581169077166094E-02
%  0.274903279498480E-02 -0.171674492669731E-01 -0.691198039562028E-02
% -0.835845573959764E-02 -0.169782390499883E-01  0.552311356436289E-02
% -0.103572307103969E-01  0.137594390354978E-02  0.149944286161768E-01
% -0.220311955991288E-02 -0.292711294044615E-02  0.563697511450448E-02
%  0.806334061781913E-02 -0.374427427850381E-02 -0.562415744065296E-02
%  0.415182553554942E-02  0.114582569579978E-02  0.100677784486924E-02
% -0.635724304179169E-02  0.428050656942361E-02 -0.632080924825681E-02
%  0.473049759509657E-02 -0.128732322629744E-02 -0.123422962619900E-01
% -0.830433008239335E-02 -0.108199738626039E-01  0.102966698335083E-01
% -0.119705820204654E-01 -0.105665107216147E-01  0.802819755667722E-02
%  0.475274145179714E-02 -0.771405792218106E-02 -0.758580162951783E-02
% -0.211259868737238E-02  0.537018474852299E-03 -0.852625649493468E-02
%  0.674179877364185E-02 -0.292338281305584E-02  0.715583440121536E-02
% -0.622819524144318E-02  0.173470564131456E-02 -0.887313310805677E-02
%  0.162717435503460E-01  0.548065019937918E-02  0.119970513151999E-01
%  0.435919476502771E-02 -0.904928526088087E-02  0.177149342906833E-02
%  0.407270778491439E-02 -0.478672015362117E-02  0.642241676438101E-02
% -0.509001502258783E-03  0.282263358366312E-02 -0.147710273756900E-01
% -0.136967337639180E-01 -0.509163090528819E-02  0.217580542864658E-02
%  0.189968769547218E-01 -0.484250950157093E-02 -0.971850764738019E-02
%  0.801990837582394E-02  0.932240929998731E-02  0.120353743788856E-01
% -0.111013939619936E-01  0.951784325653948E-02 -0.663075117378063E-02
%  0.159635334559684E-01  0.146725656038871E-01 -0.673445759297941E-03
% -0.366752682714251E-02 -0.185516953497248E-01 -0.731077734911534E-02
% -0.445569476767867E-03 -0.174231978246448E-01 -0.472186703896580E-02
% -0.933770613147948E-02  0.241837030438937E-01 -0.155203845407049E-01
%  0.769638182687272E-02  0.624050866209723E-02  0.714780113412939E-03
% -0.381455284000374E-02 -0.221776313940463E-02  0.905311333067129E-02
%  0.295417104157215E-03 -0.323508528230345E-02 -0.935076007208809E-02
% -0.603143721048410E-03  0.634867470617314E-03  0.150277225675206E-02
% -0.677264114561703E-03 -0.571752514330675E-02 -0.687265427842820E-02
%  0.121175041724643E-01 -0.250145302026423E-02 -0.508385159679462E-02
%  0.227481061009028E-02  0.140747686818493E-01  0.360568608453533E-02
% -0.112261721472571E-01  0.418566169757379E-03  0.623913808597636E-02
%  0.221868616707224E-02  0.712000954484412E-02 -0.672053240440996E-02
% -0.122238479189303E-01 -0.303141482720863E-02 -0.165775151693546E-01
% -0.615697489964786E-02  0.867057030962610E-02  0.920768470878639E-03
% -0.254056555504013E-02 -0.639059553143313E-02  0.280341807492197E-02
%  0.428655834771631E-02 -0.352288238752440E-03 -0.576711935673675E-02
% -0.488487607580836E-03  0.211738178257841E-02  0.122788784137624E-01
% -0.562157726498822E-02  0.130427394728387E-01  0.872590965643212E-02
%  0.683535402914720E-02  0.411281710568918E-02 -0.133273846561151E-02
%  0.437998036220575E-02  0.402623104549791E-02  0.275607670379490E-02
% -0.172944367603279E-02  0.571501039845464E-02 -0.102296534302265E-01
%  0.515367892379040E-02 -0.302125118816131E-02  0.711228789822091E-03
% -0.952970401853420E-02  0.757861334528846E-02 -0.355215349588294E-02
% -0.495059615611504E-02 -0.922149109558138E-03  0.189466642459699E-02
% -0.414491538399403E-02  0.980100445298189E-02  0.243644237741807E-02
%  0.978538415284473E-02  0.188285687599362E-02 -0.557882322013163E-02
% -0.102170497364370E-01 -0.103713102921770E-01 -0.113340607215520E-01
%  0.380973780530617E-02 -0.777108856719241E-02  0.913132538142303E-02
%  0.173673271231507E-01  0.700010290126313E-02 -0.110288461151020E-01
%  0.990795130005210E-02  0.504376641567924E-02 -0.562626412157063E-02
%  0.194425300203583E-02 -0.656607320797077E-02 -0.705843511315084E-02
% -0.891881354824675E-02  0.697540961068756E-02  0.472032096237538E-02
%  0.332173780904895E-02  0.117427438698679E-01 -0.432838954964602E-02
% -0.332376661545642E-03  0.102298800327627E-01 -0.262393717617632E-02
%  0.408068465251691E-02 -0.780121831707719E-02 -0.242019526050351E-02
% -0.298157958438568E-04 -0.721092666000533E-02  0.141374466963761E-01
% -0.133199351276574E-01 -0.522919173480322E-02 -0.112455119834838E-02
%  0.836244072088072E-04  0.454204344586293E-02 -0.476225862889354E-02
%  0.457671505870582E-02 -0.144637884848887E-01 -0.366839172577206E-02
%  0.112716705306871E-01  0.694889800073503E-02  0.840064300148967E-02
% -0.329672477186021E-02  0.340096584546720E-02  0.659497124315307E-02
% -0.719330931082941E-02 -0.480354470791150E-03  0.427836352587721E-02
% -0.452933713203235E-02 -0.136969496708896E-02 -0.300959763864892E-03
% -0.817033428646795E-02  0.230512808300748E-03  0.290683654517474E-02
% -0.183301628861507E-02 -0.585279796991802E-03 -0.108212579807638E-01
% -0.705362244970970E-02  0.385010549817691E-02  0.967870203396280E-02
%  0.157899596532029E-02 -0.390308971770013E-02 -0.732881912585718E-02
% -0.624043728771946E-02 -0.364729188741650E-02 -0.127557672490067E-01
% -0.740284084336383E-02  0.301217466933482E-02 -0.623642611416194E-02
%  0.175770782857347E-01 -0.104214103376825E-01  0.529562307890163E-02
%  0.642249790566393E-02 -0.484246071185709E-02 -0.566005460643675E-02
% -0.371117589039712E-02  0.302659930773422E-02  0.648394818899400E-02
% -0.109710849501457E-01 -0.434624230766109E-02  0.330690327114093E-02
%  0.531013642078204E-02 -0.169068805736188E-01  0.988553818821056E-02
%  0.959627414524708E-03  0.713824996539280E-02 -0.521341997175937E-02
% -0.955373856437848E-02  0.158794790901399E-02 -0.161658218110469E-02
% -0.423314122659650E-03 -0.107802281659178E-01 -0.565156125190577E-03
%  0.877595582489267E-02 -0.513010074059464E-02  0.112026667664709E-01
% -0.185794806088891E-01  0.930645253124172E-02  0.870990454429618E-02
%  0.316825524238759E-02 -0.141551799098688E-01 -0.517177806447640E-02
%  0.230935713519394E-02  0.737487630799802E-03 -0.132312579379579E-02
%  0.735888639111566E-02 -0.115611366152987E-01  0.571005881048970E-02
% -0.592725349612657E-02  0.125990525626045E-01  0.900272114692554E-02
%  0.500991678425578E-02  0.170865055531479E-01 -0.203962902984868E-02
% -0.852945136262090E-02 -0.839387204690394E-02 -0.313337574826462E-04
% -0.135420989550027E-01 -0.144104839997366E-01  0.163633923695489E-02
% -0.101787511182593E-01  0.116140229747592E-01  0.504042632320006E-02
% -0.212511275853584E-02  0.104416248473018E-02  0.810834354082980E-02
%  0.569483812551851E-02 -0.844912606603260E-02 -0.549419555966959E-02
% -0.158340362577338E-02 -0.503508511663304E-02 -0.499686578412371E-02
%  0.409429667285841E-02  0.269219029370919E-02 -0.672047340655412E-02
% -0.544998677730983E-02  0.867890306916593E-02 -0.579314055659909E-02
%  0.224738342357404E-02 -0.217831713809124E-02  0.196674333436847E-02
% -0.311119871373468E-02  0.105618301111627E-01 -0.694304454693394E-02
%  0.471132438197899E-02  0.502864507628986E-02 -0.127668098319736E-02
% -0.432015175827343E-02 -0.599413799402263E-02  0.203452464658813E-02
%  0.696737660806635E-02  0.801491270031473E-02  0.556030811525193E-02
% -0.219280246398678E-02  0.244690947179220E-02  0.365714155665536E-02
% -0.517617426262113E-02  0.274896053415052E-02  0.517890890759787E-02
%  0.143605274009038E-02  0.161263905190424E-02  0.488205911272174E-02
% -0.729425792520449E-02 -0.509033252087752E-02  0.404182774980439E-03
%  0.760167626584044E-02 -0.719831813711872E-02 -0.377655420528142E-02
% -0.348033157057627E-02  0.180028345541660E-01 -0.109108878269697E-01
%  0.207416956859505E-03  0.461763288315536E-02  0.621869530503926E-02
% -0.693638363584439E-02 -0.118893507608118E-01 -0.385090381657667E-03
%  0.136675582507704E-01  0.585648685703324E-02  0.805571998284221E-02
%  0.156123544468594E-02  0.804540560297561E-02 -0.538097801704261E-02
% -0.330338700594131E-02 -0.711250698000237E-02  0.445521270691087E-02
%  0.826555467443544E-02  0.635397507544187E-02  0.880821126403809E-02
% -0.729464570086596E-02  0.984119888229509E-02 -0.707701114892523E-02
% -0.209242270921634E-02 -0.649570666094514E-02 -0.807852226636903E-02
% -0.193747509035390E-02  0.814968993229150E-02  0.741991258546583E-02
%  0.685108966594057E-02 -0.635435119127174E-02 -0.192774170691094E-02
%  0.120939006882872E-02 -0.299701444839685E-03  0.299660499613334E-02
% -0.736226715463760E-02 -0.134829432963172E-01  0.110607296756884E-01
%  0.732390642739005E-02 -0.729003489446212E-02  0.790989391479158E-02
% -0.122080915691358E-01 -0.184913077247286E-02  0.710590786571601E-02
% -0.118067732347911E-02  0.115844734090277E-01 -0.277787511252862E-02
%  0.189710905394774E-03  0.469513813572649E-02 -0.885455027107580E-02
%  0.699002132406301E-02  0.758176063060872E-02 -0.727127723921508E-04
% -0.494533057105649E-03 -0.175446010590788E-01  0.397326434123418E-02
% -0.572437309900442E-02 -0.662499966584068E-02  0.746645795566403E-02
%  0.356038942295375E-02 -0.431522279554693E-02 -0.132998075062582E-01
%  0.869491919143844E-02  0.624832517748260E-02  0.444464054111087E-02
%  0.113626359727726E-01  0.575442018295059E-02  0.664631488795653E-02
% -0.172852938198135E-02  0.198421706011965E-02  0.793164947977732E-02
% -0.384068647783964E-03  0.640105618678273E-02  0.789648340133841E-02
% -0.794350598695328E-02 -0.717176068771780E-02 -0.299508925703316E-03
% -0.849337130747714E-02 -0.203156778526307E-03 -0.512522035695719E-02
% -0.132280979302103E-01  0.200915702918355E-02  0.419452153237954E-02
%  0.114207599502261E-02 -0.195102855938728E-01  0.107718886807016E-01
%  0.146112648447796E-01 -0.219221080874208E-02  0.845080030401537E-02
% -0.386860770463746E-03 -0.161900301707760E-02 -0.618324331601585E-02
% -0.348414138464164E-02 -0.227251223315827E-02 -0.216915858912089E-02
% -0.147884805201549E-01 -0.977311667299875E-02 -0.249896846722903E-02
%  0.850161811677874E-02  0.823120161210237E-02 -0.998196508435522E-02
% -0.876066199274575E-02 -0.902122726589109E-02 -0.103728809672090E-01
% -0.625466744832937E-02  0.526534352650380E-02  0.213795135789825E-02
%  0.951397955086530E-02 -0.244723964047782E-02 -0.436857167896515E-03
%  0.107980513741915E+00 -0.253640550842295E+00 -0.188655432919394E+00
%  0.188774318292559E+00  0.188026042334021E+00  0.794633971806559E-01
% -0.197574692897950E-01  0.414431151193967E-01  0.225756547618963E+00
% -0.313466479169000E+00 -0.381304865797793E-02 -0.120919649652831E+00
%  0.129920028993731E+00  0.906280686955739E-02  0.197898149674092E+00
% -0.354014756976233E-01 -0.682985480457374E-01 -0.212031208681650E+00
%  0.200137036674072E+00 -0.978442988710210E-02 -0.111131394244450E+00
% -0.151346285765054E+00 -0.182084395873502E+00 -0.259348506280038E+00
% -0.301546081482873E-02 -0.764305272302509E-01  0.372152176006658E-01
% -0.102082049497269E+00  0.129758521886056E+00  0.152741445032514E+00
%  0.311787140275406E+00  0.302725248347761E-01 -0.590501015532365E-01
% -0.606706572264641E-01  0.364027554313089E-01 -0.959286455218932E-01
% -0.100735360166552E+00 -0.929671780977331E-01  0.174957035191579E+00
%  0.803738170883247E-01  0.210402013540332E+00  0.142888890055410E+00
% -0.943080503220494E-01  0.121065811182693E+00  0.116607264752009E+00
% -0.168969881959472E-01 -0.434042502367179E-02  0.142367053988310E+00
% -0.105261010724307E-01  0.219782370259639E+00 -0.133611165851925E+00
% -0.872517528360579E-01 -0.801557202274473E-01 -0.156137138069449E+00
%  0.230374201746001E+00  0.150951128082292E+00 -0.139288238491288E+00
% -0.342954970224913E+00 -0.220031446698491E+00 -0.132566328582390E+00
% -0.207836272330833E+00 -0.161437675978169E+00 -0.795129906467119E-01
% -0.376934725614148E-01 -0.380260939446910E+00 -0.243441414018165E-01
%  0.367579532545912E+00  0.298090918317391E+00 -0.137665083265323E+00
%  0.984853895348784E-01  0.275723222207517E+00  0.105205391358944E+00
%  0.225260218897617E+00 -0.133083900028635E+00  0.242341206587250E+00
%  0.364611501958342E-01  0.801559092479017E-01  0.370023970593251E+00
%  0.135849947555012E+00 -0.108955973445220E+00  0.110782573201621E+00
% -0.138249363799208E+00  0.360213924262421E-01 -0.245481764969080E+00
%  0.263750851470900E-01  0.822227859402661E-01  0.982430787936885E-01
%  0.167951419690882E+00  0.159028917951175E+00 -0.148773284887173E+00
% -0.952464118826648E-01  0.697593923775420E-01 -0.144967589719829E+00
% -0.342208743156902E-01 -0.373211040629100E+00 -0.531251877955859E-01
% -0.121941331760905E+00  0.118850144821559E+00 -0.165249769330827E+00
%  0.933970511538842E-01 -0.130378371331295E+00  0.169801818711814E+00
%  0.265474730554855E+00  0.138028214384186E+00 -0.242580061034752E+00
% -0.207391192855952E+00  0.358562490514571E-01  0.173186025702126E-01
% -0.197830373091027E+00  0.989004430226017E-02 -0.111984587790383E+00
% -0.926091508500671E-01 -0.840511965949020E-01  0.360042311441476E+00
%  0.152202523698357E+00  0.782392317150087E-01  0.103056403137120E+00
% -0.254744267726765E+00  0.341677761395144E+00  0.136599079916807E+00
%  0.677771164164139E-02 -0.140362952677934E+00  0.119709934871995E+00
%  0.232609437324405E+00  0.592991350412662E-01 -0.453147695238407E-01
% -0.140360363426254E+00 -0.204260768185510E+00 -0.825749737905782E-01
%  0.163979713714323E-01 -0.268820617873969E+00  0.145708700580542E+00
%  0.716325478002654E-01  0.746568464646895E-01 -0.151644282224271E+00
% -0.147423196185604E-01  0.182165845080600E-01 -0.322888211203490E+00
% -0.898095735387843E-01  0.167347504446619E-01 -0.267792806392568E-01
% -0.542131465818860E-01 -0.241768436291780E+00  0.651623438612317E-01
% -0.239413778278529E+00  0.684220016751978E-01 -0.231571100943456E-01
%  0.360752976933663E-01  0.166826148668407E-01  0.122992721444306E+00
%  0.110397487566617E+00  0.152585945487018E+00  0.288063632863140E+00
%  0.563810638957908E-01 -0.248586152177146E+00 -0.146785455786350E+00
% -0.207679350646644E+00 -0.104024020698098E+00  0.113869276604740E+00
%  0.107479967170158E+00  0.181315348962993E+00 -0.634231982170748E-01
%  0.655765516414422E-01  0.163979093559157E+00 -0.488632432303430E-01
% -0.971203797109711E-01 -0.300515683123015E+00  0.119711161097739E+00
% -0.224963753753654E-01  0.374627319945423E+00  0.310477391044377E-01
% -0.393419075683520E+00  0.116993791517902E+00 -0.136164809339599E+00
% -0.928259205026794E-01 -0.117126246308327E-01 -0.125698538921692E+00
%  0.268404293896558E+00 -0.656310512137317E-01 -0.145239771423060E+00
%  0.516113545270472E-02 -0.412089705310839E+00  0.759856786915209E-01
%  0.102904990239237E+00 -0.131360319283781E+00 -0.526140391557609E-01
%  0.973460266114092E-01  0.192464837339656E+00  0.247676899285945E-01
%  0.131995572386364E+00 -0.379000993885395E-01  0.528361252069917E-01
% -0.994864154261372E-01  0.171312142405597E-01 -0.349273328193049E+00
% -0.315794146847057E-01  0.141825239240007E+00 -0.162073773121163E-01
%  0.138606728736151E+00 -0.274354836970206E-01  0.183014180782401E-01
%  0.126942412775447E+00  0.169021874869909E+00  0.106415957048509E+00
% -0.125829331011535E-01 -0.164782952772493E+00  0.126545422606414E+00
% -0.114769759678054E+00  0.968039905179470E-01  0.297781223873356E+00
% -0.631271202859825E-01 -0.113124326320347E+00 -0.172859583951378E+00
%  0.158691707814073E+00 -0.817523356705146E-01 -0.207452478627932E+00
% -0.340031025247163E-01  0.915792954034364E-01  0.148168748460498E+00
%  0.372157010637630E-01 -0.860819760257394E-01 -0.181611460278293E+00
% -0.857797193047929E-01 -0.155053329279883E+00 -0.217343865677967E-01
%  0.190074038754479E+00 -0.268287685603032E-01 -0.880069750174805E-01
%  0.557838037818970E-01 -0.576604101860942E-01  0.262144399633083E+00
% -0.514907478643599E-01 -0.183601902839861E+00 -0.139989351304377E+00
%  0.119952808371224E+00 -0.186357666447864E+00  0.180626528589882E+00
% -0.234080075241454E+00  0.831241288004944E-01 -0.220834735995281E+00
%  0.929912749707805E-01 -0.616747021462157E-01 -0.641922697824032E-01
% -0.980052489273735E-01  0.385973285515092E-01  0.219566285317712E+00
%  0.673811367591578E-01  0.169507311016623E-01  0.233409203269975E-01
%  0.143475337432345E+00  0.709697334801603E-01 -0.123201504869950E+00
% -0.371461418421861E-01 -0.258279946535083E+00  0.438041500935906E+00
%  0.520248227183420E-01 -0.130585496333919E+00 -0.675813648413832E-01
% -0.647308045164146E-01 -0.322657364669850E-01 -0.232937196447583E+00
%  0.227107805008174E+00 -0.644789414559499E-01  0.589372265784140E-01
% -0.182625036982385E+00  0.259575779737242E+00 -0.198876671326770E+00
% -0.127917776095541E+00 -0.455611682988498E-01  0.150204420662796E-01
% -0.119155644561716E-01 -0.120532608124967E+00  0.348113239351074E+00
% -0.149180026365836E+00  0.144018281283900E+00 -0.233834356821671E+00
% -0.599254977055529E-01  0.258704186198960E-01  0.966260298983291E-01
% -0.175061366434685E+00  0.147565622759643E-01 -0.746130738127892E-01
%  0.765060809831174E-01  0.111740217766457E-01  0.434655613240451E-01
% -0.442426168385651E-01  0.493471123153671E-01  0.394599272960865E-01
%  0.130111249306008E+00  0.169754390459393E+00 -0.534446438112619E-01
%  0.224805791568624E+00 -0.236266398155098E+00  0.266700677862036E+00
% -0.155741135665456E+00 -0.144092773591140E+00 -0.662800054287175E-01
% -0.856886754444161E-01  0.137683410063861E+00 -0.145754571059066E+00
%  0.136937052795101E+00  0.144254518679801E+00 -0.195924423488700E+00
% -0.114978945579373E+00  0.213808269666418E+00 -0.319281692328658E+00
% -0.234446900878586E+00  0.283902408451574E+00 -0.436434071958682E+00
%  0.330493730681481E+00 -0.282586681155983E+00  0.100308166087718E+00
%  0.127894333961726E+00 -0.159852773178470E-01 -0.100646882889334E+00
% -0.926826797792692E-02 -0.126343271488498E+00 -0.281515408582399E-01
% -0.366149491303876E-01 -0.119960847469230E+00 -0.102054812038824E+00
%  0.103681302044583E+00  0.114582007692003E+00 -0.507447152403284E-01
% -0.162515125472283E+00  0.334025690014896E+00 -0.810158829822806E-01
% -0.151289470065747E+00 -0.502057907354913E-01  0.409197910603772E-02
% -0.157175379441081E+00  0.148064625383740E-01  0.430251127123352E-01
%  0.176929374837999E+00 -0.690005741378192E-01  0.370537077101055E+00
% -0.203299008388907E+00  0.381936375852283E+00  0.512756737570908E-02
%  0.138622115864400E+00 -0.104419867725965E+00  0.294050905125586E-01
% -0.229525931859906E+00 -0.244179532840063E+00  0.354042834324155E-01
%  0.169622676250340E+00  0.160668242507106E+00  0.124882567145354E+00
%  0.931962161839437E-01 -0.146441369521918E+00 -0.195051593299559E-01
% -0.430585987281008E-02  0.874845889813361E-01  0.128529902684717E+00
% -0.104556921119534E+00 -0.146737579951157E+00  0.856776344697469E-02
% -0.200036690621478E+00  0.534262894632029E-01  0.225297436707851E+00
% -0.716024128086219E-01  0.974415528842475E-02 -0.340316481726522E-01
%  0.469445232862274E-01  0.248492968593001E-01  0.271132561222376E+00
% -0.307343611929903E+00  0.141465055160137E+00  0.742844256923855E-01
%  0.215960883431808E+00 -0.826200346717252E-01  0.141785949134241E+00
%  0.200288318332326E-01 -0.249499240305749E-01  0.588825260681882E-01
%  0.153410344072042E+00 -0.770489472556124E-01 -0.728406047637406E-01
% -0.142033828766955E+00  0.266083982649497E-01 -0.337564309241692E+00
%  0.716640904283042E-01  0.459673590354946E-01 -0.922901708441787E-01
%  0.248899104914843E+00 -0.964168664407485E-01  0.415827453224707E-01
% -0.325240069916391E-01 -0.315029073269445E+00 -0.128843019533168E-01
%  0.491573150191186E-01  0.173598785677141E+00  0.202322969396208E-01
%  0.302795814604176E+00 -0.658525072394215E-01 -0.208553042029332E+00
% -0.245614148948690E-01  0.257372386859253E+00  0.271401972023991E+00
%  0.143855795898013E-01  0.549586236500970E-01  0.215919996906563E-01
%  0.689323946161667E-01 -0.202662616706633E+00 -0.155615259626949E+00
%  0.243779498437654E+00  0.131625650980418E+00 -0.142532848033221E+00
% -0.116135471129868E+00 -0.108650429512033E+00  0.409433996587359E-01
%  0.893138723420165E-01  0.398883890870338E-01  0.179264711972796E+00
%  0.115811797452425E+00  0.447697230745249E-01  0.393416927543440E-01
%  0.100476550617107E+00  0.265934245105272E+00 -0.200455586647953E+00
% -0.243713802638528E+00 -0.450712922637374E-01  0.886803758007680E-01
% -0.158171681499052E+00  0.390526400581479E+00  0.102988496609873E-03
% -0.667051305267480E-01  0.143453503878272E+00  0.113769851607288E+00
%  0.159661653698344E+00 -0.269737106754304E+00  0.204209699943161E+00
%  0.412215705837686E-01  0.158095495462390E+00  0.572742788251894E-01
% -0.111575597252394E+00 -0.748380840548810E-02  0.240179279243588E+00
% -0.121000131380433E+00  0.288185744106733E-01  0.302575609256612E-01
% -0.734726686373272E-01  0.768229556191466E-01 -0.350680520763714E+00
%  0.125127356381502E+00 -0.892975001569068E-01  0.232227461273365E+00
%  0.351828976489174E-02  0.133620274462473E+00 -0.149937132554579E+00
% -0.112700617010308E-01 -0.191911945659101E-02 -0.737765906611348E-01
% -0.146312680286414E+00  0.118284738414284E+00  0.544797776596147E-01
%  0.487109614495461E-02 -0.104224545057126E+00 -0.192687337103077E+00
% -0.115964713024127E+00  0.432965704220983E-01 -0.848087894636031E-01
% -0.381910894009851E-01  0.140003098351257E+00  0.458068941268375E-01
% -0.941652429284497E-01 -0.188912017682692E+00 -0.295549695417601E-02
% -0.142509477190561E+00 -0.140389491314746E+00  0.206145134398541E+00
% -0.655330613167604E-01  0.225669102406609E+00  0.190049287447313E-01
%  0.172543470525554E+00 -0.134949734122574E+00 -0.216928230038836E+00
% -0.118990984849818E+00 -0.304896491449336E+00  0.404867487916573E-01
% -0.227711339940665E+00 -0.195809273300087E-01 -0.637216091478933E-01
% -0.200646632466023E+00 -0.231227480366918E-01  0.281004905105838E+00
%  0.166167853020284E+00  0.858059088720460E-01  0.104787617798296E+00
%  0.163555145537887E+00  0.250481797122676E+00  0.127940957345450E+00
% -0.328469311771499E-01 -0.268585681649666E+00 -0.522651786344776E-01
%  0.130410100908797E+00  0.276732421952130E+00  0.690278553126888E-01
% -0.223621625635172E+00 -0.352705673578636E-01  0.362197364864386E+00
%  0.148544878315958E+00 -0.939527273824548E-01  0.405509134403163E+00
%  0.709454571638876E-01 -0.286842796889807E+00 -0.746697491351240E-01
%  0.829426953231616E-01  0.240016087613906E-01 -0.502617899006072E-01
% -0.889922625039824E-01  0.106773229010821E+00 -0.186909604053177E+00
% -0.341104278205149E+00  0.738395286080174E-01  0.406198840557428E-01
%  0.125408498492947E+00  0.100284594654576E+00 -0.107610497596692E+00
%  0.188346410556231E-01 -0.341574521559649E-01 -0.600548749832876E-02
%  0.226620831843107E+00 -0.130914880427688E+00 -0.192525899896191E-01
%  0.177764532642063E+00 -0.142427136508704E+00  0.617870054037723E-03
%  0.267908193345167E+00 -0.160420835643570E+00 -0.178344791938716E-01
% -0.679264482981028E-01 -0.198785457324704E+00 -0.626771017158704E-01
% -0.177617320946381E+00  0.107366328320890E+00  0.498291652859526E-01
% -0.775670279268291E-01 -0.261234039841647E-01 -0.732580227867012E-01
%  0.135928675510850E+00  0.167524809037822E+00 -0.112157573530501E+00
% -0.159360195230890E-01  0.149022710623890E+00 -0.265624861007490E+00
% -0.144782322537921E+00 -0.296829907984720E+00 -0.152824645524922E+00
%  0.770396065288832E-01  0.135346237931134E+00 -0.133538129595076E+00
%  0.124729926195612E+00 -0.108231558784303E+00  0.983577927071019E-01
% -0.125845491322325E-01 -0.586101266360432E-01  0.884009803516603E-01
% -0.201266791594948E+00 -0.168909209929558E-01  0.496916468451362E-01
% -0.321468944248735E+00  0.176080911440626E+00 -0.106482916263923E+00
%  0.125905075439973E+00 -0.371898241069138E-02 -0.823003201874314E-01
%  0.153366772624125E+00  0.298779878112719E+00 -0.596681815420604E-01
%  0.129550480322647E+00  0.431066246602964E-01 -0.806498580258034E-01
% -0.134391018001333E+00 -0.179676590206471E+00  0.482841121590661E-01
% -0.190278677743414E+00  0.528995112098208E-01  0.586867042614500E-01
%  0.121974930508842E+00 -0.223535940325185E+00  0.910931497607207E-01
% -0.188154204030744E+00 -0.111389432484540E+00  0.779823027972924E-01
%  0.159047483365133E+00 -0.119340365403217E+00 -0.957364622768470E-01
% -0.146303924565568E+00  0.235722213036218E+00 -0.112912197645537E-01
% -0.107957537207840E+00 -0.947954889059379E-01  0.279713410233189E-01
%  0.297038362129803E-01  0.418717000765587E+00 -0.188248982963958E+00
%  0.190930572291463E+00 -0.876770822808196E-01  0.177690078637522E+00
% -0.135702629852369E+00 -0.371833745681054E-01 -0.117436604381384E-01
%  0.183863201296405E+00  0.135043732201280E-02 -0.711420678128045E-01
% -0.152302626196875E+00 -0.140346286697990E+00  0.466101932059503E-01
% -0.236864531288160E+00 -0.107523606298295E-01 -0.170921148317632E-01
% -0.106934158599033E-02 -0.979754075263554E-01 -0.130491709744234E-01
% -0.249025600863755E+00  0.119453718245795E+00 -0.575133761352702E-02
% -0.313991309221230E+00  0.205065108567481E+00 -0.317147611334297E+00
%  0.197789838262078E+00  0.711465305403784E-01 -0.264131833371824E+00
%  0.157300164599852E+00  0.335968790855722E-01  0.331321971339944E-01
% -0.430584106786294E-01  0.334311578809410E-01  0.143734317285645E+00
% -0.209949641475170E+00 -0.145204290801667E+00  0.276095176985632E+00
%  0.199811506139259E+00  0.261055363638203E+00  0.711620330682034E-01
%  0.392341510534798E-01  0.413610891507706E-01  0.375481621311658E+00
%  0.104139864097343E+00  0.158108715085515E-01 -0.173136236614042E+00
%  0.135615390334937E+00  0.691919863459094E-01 -0.151182998046813E+00
% -0.281792292179217E+00 -0.343523189348409E-01 -0.316612845929751E-01
%  0.208821416285102E+00  0.101100631011481E-01 -0.296087553292485E-01
%  0.681424305072627E-01  0.114988268560010E+00  0.210979578087493E+00
%  0.350484670581095E-01  0.985895708403909E-01 -0.221629130647343E+00
%  0.223233770471811E+00  0.124953210674578E-01 -0.246502054141859E+00
%  0.124414790961363E+00 -0.786109761067951E-01  0.105948752497095E+00
%  0.225230014062988E-01  0.836312071351099E-01 -0.694472942720289E-01
% -0.708973880451518E-01 -0.116173798151715E+00 -0.966318036314653E-01
%  0.656775772022634E-01  0.727309326250920E-01  0.265732402317905E-01
%  0.570587604023127E-01  0.130480226260187E-01 -0.151596495559834E+00
%  0.246266686019274E+00  0.135509934791238E+00 -0.259309272732611E+00
% -0.238955518129433E+00 -0.211887455681434E+00  0.211218699332259E-01
% -0.438575913474033E-01 -0.952227996678526E-02  0.142771139964012E+00
% -0.858083055159621E-01 -0.865689297112375E-02 -0.669486805813055E-01
%  0.271829401429363E-01 -0.174874184021301E+00  0.190112406768380E+00
% -0.785387790434183E-01 -0.273813609549053E-01  0.103630868177216E+00
% -0.192764672583678E+00 -0.650430039230597E-01 -0.179066421073746E+00
% -0.110126705616557E+00 -0.318716031375822E+00 -0.121627167449778E+00
%  0.532631328872738E-01  0.204839480755022E+00  0.523514551822491E-01
%  0.262709068884712E-01  0.228044501808085E+00 -0.327219448828543E+00
%  0.173898795822809E+00 -0.598319847947027E-01  0.182057200318602E+00
% -0.154608788938603E+00 -0.120935230605466E+00  0.182108584420066E+00
%  0.154287537833020E+00  0.108937494804804E+00 -0.785787690764403E-02
%  0.318829896006710E-01 -0.404596716416092E-02  0.100012941462506E+00
% -0.409878730537179E-02  0.582530801562079E-01  0.273057203509824E+00
% -0.517031993675063E-01 -0.404656204130759E-01 -0.117324726316065E+00
% -0.678326764939604E-01  0.628447398890639E-01  0.114166222907507E+00
%  0.948006828382863E-01  0.412250482801768E-01  0.211665742138632E+00
% -0.984366064381497E-01 -0.115009188941187E+00 -0.133152124537720E+00
%  0.501323303696248E-01 -0.562096179535210E-01 -0.189978274457873E+00
%  0.138132221490210E+00 -0.781583051312393E-01 -0.303184296349521E-01
% -0.635118578670119E-02 -0.368960338384524E-02 -0.164912551768853E+00
%  0.180055804702533E+00  0.134890661939731E+00 -0.180317868154090E-02
% -0.897407894908412E-01 -0.129773697933128E+00 -0.773422806806470E-01
%  0.913368181141885E-01 -0.514013053829463E-01  0.218273060274972E+00
%  0.230957919988469E+00 -0.601122833703169E-01  0.410621267188400E+00
%  0.321965019593325E-01  0.100154993327127E+00 -0.390418849753066E-01
%  0.448866714275581E-01 -0.116007822001122E+00  0.246226535376656E+00
% -0.128321263599454E+00  0.130209756125739E+00 -0.473155306053059E-02
%  0.636490985542944E-01 -0.941699705896323E-01 -0.225015121488802E+00
% -0.301489657580183E-01 -0.638735763471067E-01  0.176325814642838E+00
