#
# MD1: a minimal molecular dynamics program
#
# abc
#  Input sample: 1
#                                (only positions read from file)
# Output sample: i1
# Number of steps:    1000, time step: 0.0030, total time:      3.0000
# Number of atoms:     4
# Box size:    1.549600    1.549600    1.549600, Volume:          3.721
# Density:    1.074982 (unchanged)
# Free evolution run.
#
#  Step   Temperature     Kinetic      Potential   Total Energy    Pressure
# -----  ------------  ------------  ------------  ------------  ------------
      1      0.000009      0.000014     -1.437840     -1.437826      1.184349
      2      0.000082      0.000123     -1.437949     -1.437826      1.182477
      3      0.000215      0.000323     -1.438161     -1.437838      1.178832
      4      0.000408      0.000612     -1.438450     -1.437838      1.173847
      5      0.000601      0.000901     -1.438729     -1.437828      1.169052
      6      0.000674      0.001011     -1.438813     -1.437802      1.167624
      7      0.000615      0.000922     -1.438640     -1.437718      1.170680
      8      0.000458      0.000688     -1.438348     -1.437660      1.175762
      9      0.000289      0.000434     -1.438094     -1.437660      1.180132
     10      0.000191      0.000287     -1.437947     -1.437660      1.182642
     11      0.000153      0.000230     -1.437901     -1.437671      1.183396
     12      0.000152      0.000228     -1.437881     -1.437652      1.183744
     13      0.000185      0.000278     -1.437908     -1.437630      1.183278
     14      0.000294      0.000441     -1.438071     -1.437630      1.180462
     15      0.000400      0.000601     -1.438211     -1.437611      1.178071
     16      0.000398      0.000597     -1.438204     -1.437607      1.178223
     17      0.000360      0.000540     -1.438128     -1.437588      1.179575
     18      0.000360      0.000540     -1.438112     -1.437572      1.179874
     19      0.000377      0.000565     -1.438072     -1.437507      1.180611
     20      0.000410      0.000615     -1.438169     -1.437554      1.178908
     21      0.000455      0.000683     -1.438270     -1.437587      1.177140
     22      0.000443      0.000664     -1.438283     -1.437619      1.176900
     23      0.000410      0.000614     -1.438226     -1.437611      1.177888
     24      0.000441      0.000662     -1.438273     -1.437611      1.177041
     25      0.000440      0.000660     -1.438272     -1.437612      1.177024
     26      0.000333      0.000500     -1.438114     -1.437614      1.179747
     27      0.000212      0.000319     -1.437933     -1.437614      1.182870
     28      0.000141      0.000211     -1.437836     -1.437625      1.184542
     29      0.000118      0.000177     -1.437801     -1.437625      1.185146
     30      0.000155      0.000233     -1.437870     -1.437637      1.183971
     31      0.000253      0.000379     -1.438016     -1.437638      1.181474
     32      0.000392      0.000588     -1.438229     -1.437641      1.177826
     33      0.000524      0.000785     -1.438455     -1.437670      1.173897
     34      0.000648      0.000972     -1.438680     -1.437708      1.169983
     35      0.000720      0.001079     -1.438732     -1.437653      1.169121
     36      0.000594      0.000891     -1.438497     -1.437606      1.173220
     37      0.000366      0.000549     -1.438154     -1.437606      1.179117
     38      0.000209      0.000313     -1.437918     -1.437605      1.183162
     39      0.000111      0.000166     -1.437769     -1.437603      1.185710
     40      0.000074      0.000111     -1.437714     -1.437603      1.186652
     41      0.000110      0.000165     -1.437768     -1.437603      1.185712
     42      0.000196      0.000294     -1.437885     -1.437591      1.183714
     43      0.000305      0.000458     -1.438078     -1.437620      1.180397
     44      0.000459      0.000689     -1.438300     -1.437612      1.176595
     45      0.000602      0.000904     -1.438503     -1.437599      1.173107
     46      0.000610      0.000915     -1.438446     -1.437531      1.174143
     47      0.000514      0.000771     -1.438271     -1.437500      1.177181
     48      0.000432      0.000648     -1.438154     -1.437506      1.179189
     49      0.000431      0.000646     -1.438152     -1.437506      1.179204
     50      0.000384      0.000576     -1.438032     -1.437456      1.181295
     51      0.000274      0.000411     -1.437867     -1.437456      1.184135
     52      0.000236      0.000354     -1.437811     -1.437456      1.185106
     53      0.000254      0.000380     -1.437851     -1.437471      1.184395
     54      0.000278      0.000416     -1.437931     -1.437514      1.182999
     55      0.000325      0.000488     -1.438002     -1.437514      1.181755
     56      0.000350      0.000525     -1.438064     -1.437539      1.180675
     57      0.000353      0.000529     -1.438068     -1.437539      1.180638
     58      0.000390      0.000585     -1.438165     -1.437580      1.178951
     59      0.000419      0.000628     -1.438251     -1.437623      1.177448
     60      0.000412      0.000618     -1.438195     -1.437577      1.178447
     61      0.000388      0.000582     -1.438178     -1.437595      1.178728
     62      0.000400      0.000600     -1.438196     -1.437595      1.178421
     63      0.000454      0.000681     -1.438278     -1.437597      1.177007
     64      0.000447      0.000670     -1.438319     -1.437649      1.176243
     65      0.000409      0.000613     -1.438262     -1.437649      1.177211
     66      0.000351      0.000527     -1.438121     -1.437594      1.179676
     67      0.000278      0.000417     -1.438019     -1.437602      1.181435
     68      0.000225      0.000338     -1.437948     -1.437610      1.182648
     69      0.000202      0.000303     -1.437914     -1.437610      1.183260
     70      0.000246      0.000369     -1.437984     -1.437615      1.182061
     71      0.000289      0.000434     -1.438050     -1.437617      1.180907
     72      0.000331      0.000497     -1.438105     -1.437609      1.179963
     73      0.000373      0.000560     -1.438166     -1.437606      1.178922
     74      0.000422      0.000633     -1.438239     -1.437606      1.177661
     75      0.000506      0.000759     -1.438335     -1.437576      1.176021
     76      0.000541      0.000811     -1.438396     -1.437584      1.174964
     77      0.000552      0.000828     -1.438403     -1.437575      1.174833
     78      0.000505      0.000757     -1.438251     -1.437494      1.177523
     79      0.000409      0.000614     -1.438108     -1.437494      1.179998
     80      0.000319      0.000479     -1.437976     -1.437497      1.182268
     81      0.000204      0.000306     -1.437818     -1.437512      1.184982
     82      0.000130      0.000196     -1.437707     -1.437512      1.186873
     83      0.000130      0.000194     -1.437706     -1.437512      1.186888
     84      0.000202      0.000302     -1.437814     -1.437512      1.185027
     85      0.000311      0.000467     -1.438004     -1.437538      1.181734
     86      0.000398      0.000597     -1.438118     -1.437521      1.179799
     87      0.000497      0.000746     -1.438267     -1.437521      1.177243
     88      0.000628      0.000942     -1.438407     -1.437466      1.174858
     89      0.000697      0.001045     -1.438402     -1.437356      1.175052
     90      0.000648      0.000972     -1.438250     -1.437278      1.177724
     91      0.000579      0.000868     -1.438147     -1.437279      1.179467
     92      0.000462      0.000693     -1.438014     -1.437321      1.181706
     93      0.000305      0.000458     -1.437779     -1.437321      1.185754
     94      0.000220      0.000330     -1.437651     -1.437321      1.187933
     95      0.000208      0.000312     -1.437633     -1.437321      1.188235
     96      0.000196      0.000295     -1.437640     -1.437345      1.188094
     97      0.000185      0.000278     -1.437624     -1.437345      1.188388
     98      0.000230      0.000345     -1.437691     -1.437346      1.187254
     99      0.000323      0.000485     -1.437828     -1.437344      1.184911
    100      0.000422      0.000633     -1.438037     -1.437404      1.181298
    101      0.000487      0.000731     -1.438171     -1.437440      1.178963
    102      0.000552      0.000828     -1.438281     -1.437453      1.177065
    103      0.000587      0.000881     -1.438412     -1.437531      1.174746
    104      0.000630      0.000945     -1.438477     -1.437531      1.173624
    105      0.000684      0.001026     -1.438480     -1.437454      1.173621
    106      0.000598      0.000896     -1.438271     -1.437374      1.177282
    107      0.000433      0.000649     -1.438024     -1.437375      1.181530
    108      0.000334      0.000501     -1.437875     -1.437375      1.184089
    109      0.000284      0.000426     -1.437797     -1.437371      1.185436
    110      0.000247      0.000370     -1.437725     -1.437355      1.186674
    111      0.000210      0.000314     -1.437657     -1.437342      1.187845
    112      0.000173      0.000260     -1.437634     -1.437374      1.188201
    113      0.000168      0.000253     -1.437634     -1.437382      1.188174
    114      0.000231      0.000346     -1.437727     -1.437381      1.186571
    115      0.000331      0.000496     -1.437828     -1.437332      1.184896
    116      0.000408      0.000613     -1.437943     -1.437331      1.182936
    117      0.000491      0.000737     -1.438070     -1.437334      1.180764
    118      0.000588      0.000883     -1.438250     -1.437368      1.177643
    119      0.000702      0.001053     -1.438422     -1.437369      1.174673
    120      0.000702      0.001053     -1.438529     -1.437475      1.172750
    121      0.000557      0.000835     -1.438283     -1.437448      1.177019
    122      0.000444      0.000667     -1.438115     -1.437448      1.179921
    123      0.000404      0.000605     -1.438053     -1.437448      1.180966
    124      0.000387      0.000581     -1.437975     -1.437394      1.182341
    125      0.000349      0.000523     -1.437934     -1.437411      1.183013
    126      0.000276      0.000414     -1.437830     -1.437416      1.184804
    127      0.000187      0.000280     -1.437713     -1.437433      1.186809
    128      0.000128      0.000191     -1.437632     -1.437440      1.188206
    129      0.000129      0.000193     -1.437633     -1.437440      1.188181
    130      0.000203      0.000304     -1.437744     -1.437440      1.186275
    131      0.000330      0.000495     -1.437935     -1.437441      1.182993
    132      0.000463      0.000694     -1.438083     -1.437389      1.180496
    133      0.000621      0.000931     -1.438320     -1.437389      1.176420
    134      0.000751      0.001127     -1.438454     -1.437327      1.174159
    135      0.000828      0.001242     -1.438524     -1.437283      1.172970
    136      0.000774      0.001162     -1.438462     -1.437300      1.174024
    137      0.000550      0.000824     -1.438113     -1.437288      1.180048
    138      0.000348      0.000522     -1.437814     -1.437292      1.185183
    139      0.000215      0.000323     -1.437615     -1.437292      1.188597
    140      0.000155      0.000233     -1.437525     -1.437292      1.190130
    141      0.000169      0.000254     -1.437546     -1.437292      1.189776
    142      0.000199      0.000299     -1.437567     -1.437268      1.189436
    143      0.000245      0.000368     -1.437636     -1.437268      1.188249
    144      0.000340      0.000510     -1.437785     -1.437275      1.185675
    145      0.000483      0.000724     -1.437999     -1.437275      1.181982
    146      0.000579      0.000869     -1.438119     -1.437251      1.179952
    147      0.000593      0.000889     -1.438087     -1.437198      1.180557
    148      0.000557      0.000835     -1.438081     -1.437247      1.180634
    149      0.000484      0.000726     -1.437952     -1.437227      1.182873
    150      0.000460      0.000689     -1.437916     -1.437227      1.183496
    151      0.000465      0.000698     -1.437956     -1.437258      1.182781
    152      0.000486      0.000728     -1.437987     -1.437259      1.182252
    153      0.000518      0.000777     -1.437982     -1.437205      1.182368
    154      0.000518      0.000777     -1.437937     -1.437161      1.183165
    155      0.000518      0.000776     -1.437939     -1.437162      1.183121
    156      0.000493      0.000740     -1.437863     -1.437123      1.184444
    157      0.000433      0.000650     -1.437811     -1.437161      1.185300
    158      0.000391      0.000587     -1.437740     -1.437153      1.186526
    159      0.000353      0.000530     -1.437612     -1.437082      1.188759
    160      0.000328      0.000492     -1.437577     -1.437085      1.189363
    161      0.000364      0.000546     -1.437631     -1.437085      1.188433
    162      0.000365      0.000547     -1.437614     -1.437067      1.188724
    163      0.000331      0.000496     -1.437563     -1.437067      1.189616
    164      0.000358      0.000537     -1.437603     -1.437066      1.188951
    165      0.000446      0.000669     -1.437735     -1.437066      1.186692
    166      0.000526      0.000790     -1.437904     -1.437114      1.183762
    167      0.000599      0.000898     -1.438029     -1.437131      1.181615
    168      0.000739      0.001109     -1.438245     -1.437136      1.177888
    169      0.000812      0.001218     -1.438288     -1.437070      1.177196
    170      0.000686      0.001029     -1.438052     -1.437023      1.181283
    171      0.000516      0.000773     -1.437796     -1.437023      1.185680
    172      0.000420      0.000630     -1.437656     -1.437026      1.188075
    173      0.000381      0.000572     -1.437598     -1.437026      1.189044
    174      0.000398      0.000597     -1.437635     -1.437038      1.188383
    175      0.000469      0.000703     -1.437741     -1.437038      1.186532
    176      0.000466      0.000699     -1.437654     -1.436955      1.188078
    177      0.000348      0.000522     -1.437479     -1.436958      1.191062
    178      0.000261      0.000391     -1.437349     -1.436958      1.193296
    179      0.000248      0.000372     -1.437329     -1.436958      1.193634
    180      0.000309      0.000463     -1.437421     -1.436958      1.192075
    181      0.000408      0.000612     -1.437522     -1.436910      1.190392
    182      0.000507      0.000761     -1.437682     -1.436921      1.187666
    183      0.000640      0.000959     -1.437882     -1.436923      1.184266
    184      0.000815      0.001223     -1.438164     -1.436941      1.179416
    185      0.000860      0.001290     -1.438272     -1.436982      1.177550
    186      0.000733      0.001100     -1.438152     -1.437053      1.179551
    187      0.000597      0.000896     -1.437948     -1.437053      1.183050
    188      0.000515      0.000773     -1.437830     -1.437057      1.185059
    189      0.000458      0.000686     -1.437759     -1.437073      1.186240
    190      0.000357      0.000536     -1.437646     -1.437110      1.188142
    191      0.000244      0.000367     -1.437477     -1.437110      1.191022
    192      0.000205      0.000308     -1.437418     -1.437110      1.192010
    193      0.000240      0.000360     -1.437470     -1.437110      1.191105
    194      0.000331      0.000496     -1.437601     -1.437105      1.188868
    195      0.000469      0.000704     -1.437813     -1.437109      1.185221
    196      0.000585      0.000878     -1.437896     -1.437018      1.183908
    197      0.000602      0.000903     -1.437868     -1.436965      1.184448
    198      0.000592      0.000888     -1.437859     -1.436971      1.184619
    199      0.000631      0.000946     -1.437921     -1.436974      1.183570
    200      0.000715      0.001073     -1.438048     -1.436975      1.181379
    201      0.000705      0.001058     -1.437843     -1.436785      1.185037
    202      0.000620      0.000930     -1.437714     -1.436785      1.187223
    203      0.000607      0.000911     -1.437696     -1.436785      1.187524
    204      0.000582      0.000873     -1.437587     -1.436714      1.189427
    205      0.000543      0.000815     -1.437528     -1.436714      1.190391
    206      0.000505      0.000757     -1.437485     -1.436727      1.191101
    207      0.000432      0.000648     -1.437323     -1.436676      1.193909
    208      0.000396      0.000594     -1.437269     -1.436676      1.194829
    209      0.000336      0.000505     -1.437218     -1.436714      1.195684
    210      0.000272      0.000408     -1.437121     -1.436714      1.197339
    211      0.000305      0.000458     -1.437172     -1.436714      1.196474
    212      0.000375      0.000563     -1.437335     -1.436772      1.193643
    213      0.000428      0.000642     -1.437375     -1.436734      1.193033
    214      0.000518      0.000778     -1.437512     -1.436734      1.190748
    215      0.000681      0.001022     -1.437756     -1.436734      1.186588
    216      0.000885      0.001328     -1.438044     -1.436716      1.181669
    217      0.000967      0.001451     -1.438281     -1.436831      1.177488
    218      0.000938      0.001407     -1.438225     -1.436818      1.178455
    219      0.000821      0.001232     -1.438048     -1.436816      1.181512
    220      0.000609      0.000914     -1.437751     -1.436837      1.186598
    221      0.000461      0.000692     -1.437529     -1.436837      1.190391
    222      0.000398      0.000597     -1.437432     -1.436836      1.192010
    223      0.000395      0.000592     -1.437451     -1.436859      1.191618
    224      0.000388      0.000582     -1.437440     -1.436858      1.191799
    225      0.000323      0.000485     -1.437320     -1.436835      1.193882
    226      0.000260      0.000390     -1.437226     -1.436835      1.195512
    227      0.000237      0.000355     -1.437185     -1.436830      1.196229
    228      0.000274      0.000411     -1.437248     -1.436837      1.195161
    229      0.000393      0.000590     -1.437434     -1.436844      1.191985
    230      0.000533      0.000799     -1.437643     -1.436844      1.188426
    231      0.000652      0.000978     -1.437862     -1.436884      1.184650
    232      0.000785      0.001177     -1.438061     -1.436884      1.181230
    233      0.000858      0.001287     -1.438152     -1.436864      1.179675
    234      0.000822      0.001233     -1.438053     -1.436819      1.181425
    235      0.000728      0.001091     -1.437956     -1.436865      1.183062
    236      0.000612      0.000919     -1.437841     -1.436922      1.184974
    237      0.000528      0.000791     -1.437714     -1.436922      1.187136
    238      0.000497      0.000745     -1.437664     -1.436919      1.187951
    239      0.000448      0.000672     -1.437551     -1.436879      1.189911
    240      0.000382      0.000573     -1.437453     -1.436880      1.191572
    241      0.000329      0.000494     -1.437317     -1.436824      1.193942
    242      0.000306      0.000460     -1.437283     -1.436824      1.194532
    243      0.000320      0.000480     -1.437263     -1.436783      1.194939
    244      0.000369      0.000553     -1.437336     -1.436783      1.193703
    245      0.000490      0.000736     -1.437519     -1.436783      1.190583
    246      0.000616      0.000924     -1.437765     -1.436841      1.186309
    247      0.000654      0.000980     -1.437804     -1.436824      1.185635
    248      0.000644      0.000965     -1.437764     -1.436798      1.186349
    249      0.000624      0.000936     -1.437678     -1.436742      1.187870
    250      0.000601      0.000902     -1.437613     -1.436712      1.189034
    251      0.000634      0.000951     -1.437663     -1.436712      1.188190
    252      0.000657      0.000986     -1.437753     -1.436768      1.186586
    253      0.000611      0.000916     -1.437733     -1.436816      1.186890
    254      0.000596      0.000893     -1.437710     -1.436816      1.187266
    255      0.000605      0.000908     -1.437654     -1.436746      1.188268
    256      0.000581      0.000871     -1.437566     -1.436695      1.189820
    257      0.000539      0.000809     -1.437486     -1.436678      1.191203
    258      0.000463      0.000694     -1.437329     -1.436634      1.193926
    259      0.000401      0.000602     -1.437236     -1.436634      1.195480
    260      0.000426      0.000639     -1.437275     -1.436636      1.194794
    261      0.000536      0.000805     -1.437441     -1.436636      1.191925
    262      0.000585      0.000878     -1.437659     -1.436781      1.188056
    263      0.000501      0.000752     -1.437531     -1.436779      1.190244
    264      0.000445      0.000668     -1.437446     -1.436778      1.191722
    265      0.000452      0.000678     -1.437427     -1.436749      1.192078
    266      0.000509      0.000764     -1.437509     -1.436745      1.190690
    267      0.000552      0.000828     -1.437670     -1.436842      1.187861
    268      0.000562      0.000843     -1.437658     -1.436814      1.188151
    269      0.000620      0.000929     -1.437744     -1.436815      1.186700
    270      0.000692      0.001038     -1.437846     -1.436809      1.184956
    271      0.000722      0.001082     -1.437855     -1.436772      1.184857
    272      0.000697      0.001045     -1.437780     -1.436735      1.186155
    273      0.000674      0.001012     -1.437747     -1.436735      1.186690
    274      0.000708      0.001062     -1.437781     -1.436719      1.186074
    275      0.000744      0.001116     -1.437797     -1.436681      1.185782
    276      0.000663      0.000995     -1.437572     -1.436577      1.189712
    277      0.000490      0.000735     -1.437275     -1.436540      1.194811
    278      0.000361      0.000542     -1.437082     -1.436540      1.198102
    279      0.000308      0.000461     -1.437001     -1.436540      1.199479
    280      0.000329      0.000493     -1.437033     -1.436540      1.198940
    281      0.000335      0.000503     -1.437011     -1.436509      1.199372
    282      0.000325      0.000487     -1.436996     -1.436509      1.199664
    283      0.000388      0.000583     -1.437091     -1.436509      1.198062
    284      0.000525      0.000788     -1.437297     -1.436509      1.194566
    285      0.000697      0.001046     -1.437600     -1.436554      1.189356
    286      0.000821      0.001232     -1.437843     -1.436611      1.185158
    287      0.000829      0.001243     -1.437935     -1.436692      1.183527
    288      0.000796      0.001194     -1.437935     -1.436741      1.183480
    289      0.000824      0.001236     -1.437977     -1.436741      1.182766
    290      0.000830      0.001245     -1.438055     -1.436810      1.181378
    291      0.000710      0.001064     -1.437795     -1.436730      1.185917
    292      0.000551      0.000827     -1.437555     -1.436728      1.189995
    293      0.000460      0.000690     -1.437419     -1.436728      1.192286
    294      0.000394      0.000591     -1.437343     -1.436752      1.193527
    295      0.000325      0.000488     -1.437235     -1.436746      1.195382
    296      0.000293      0.000440     -1.437210     -1.436770      1.195789
    297      0.000303      0.000454     -1.437229     -1.436774      1.195487
    298      0.000389      0.000583     -1.437358     -1.436774      1.193300
    299      0.000509      0.000763     -1.437517     -1.436754      1.190603
    300      0.000590      0.000885     -1.437610     -1.436726      1.189052
    301      0.000623      0.000934     -1.437729     -1.436795      1.186985
    302      0.000665      0.000997     -1.437806     -1.436809      1.185636
    303      0.000712      0.001069     -1.437884     -1.436815      1.184300
    304      0.000732      0.001097     -1.437881     -1.436784      1.184392
    305      0.000714      0.001070     -1.437846     -1.436775      1.185015
    306      0.000635      0.000953     -1.437692     -1.436739      1.187650
    307      0.000576      0.000864     -1.437601     -1.436737      1.189167
    308      0.000544      0.000816     -1.437506     -1.436689      1.190813
    309      0.000469      0.000703     -1.437381     -1.436678      1.192935
    310      0.000372      0.000558     -1.437255     -1.436698      1.195063
    311      0.000320      0.000481     -1.437182     -1.436701      1.196337
    312      0.000339      0.000508     -1.437209     -1.436701      1.195892
    313      0.000430      0.000646     -1.437347     -1.436701      1.193551
    314      0.000538      0.000807     -1.437520     -1.436713      1.190598
    315      0.000620      0.000931     -1.437618     -1.436688      1.188946
    316      0.000693      0.001040     -1.437720     -1.436680      1.187202
    317      0.000755      0.001133     -1.437763     -1.436630      1.186525
    318      0.000736      0.001104     -1.437851     -1.436747      1.184931
    319      0.000660      0.000989     -1.437740     -1.436751      1.186817
    320      0.000600      0.000901     -1.437668     -1.436768      1.188014
    321      0.000577      0.000865     -1.437633     -1.436768      1.188593
    322      0.000528      0.000792     -1.437542     -1.436751      1.190142
    323      0.000435      0.000652     -1.437407     -1.436755      1.192468
    324      0.000424      0.000637     -1.437390     -1.436753      1.192795
    325      0.000430      0.000645     -1.437311     -1.436666      1.194207
    326      0.000425      0.000637     -1.437317     -1.436680      1.194102
    327      0.000482      0.000723     -1.437403     -1.436680      1.192637
    328      0.000574      0.000861     -1.437580     -1.436720      1.189561
    329      0.000694      0.001040     -1.437765     -1.436725      1.186393
    330      0.000795      0.001192     -1.437962     -1.436769      1.182996
    331      0.000829      0.001244     -1.438025     -1.436781      1.181865
    332      0.000745      0.001118     -1.437784     -1.436666      1.186056
    333      0.000566      0.000849     -1.437493     -1.436644      1.191051
    334      0.000417      0.000625     -1.437278     -1.436653      1.194723
    335      0.000319      0.000478     -1.437131     -1.436653      1.197232
    336      0.000284      0.000427     -1.437070     -1.436643      1.198295
    337      0.000314      0.000471     -1.437114     -1.436643      1.197547
    338      0.000399      0.000598     -1.437246     -1.436648      1.195298
    339      0.000538      0.000807     -1.437455     -1.436648      1.191721
    340      0.000686      0.001029     -1.437703     -1.436673      1.187460
    341      0.000767      0.001151     -1.437786     -1.436635      1.186062
    342      0.000820      0.001230     -1.437813     -1.436583      1.185674
    343      0.000874      0.001311     -1.437852     -1.436541      1.185049
    344      0.000783      0.001175     -1.437737     -1.436562      1.187017
    345      0.000611      0.000917     -1.437479     -1.436562      1.191417
    346      0.000537      0.000805     -1.437367     -1.436562      1.193302
    347      0.000532      0.000798     -1.437360     -1.436561      1.193389
    348      0.000538      0.000807     -1.437385     -1.436577      1.192905
    349      0.000563      0.000844     -1.437424     -1.436580      1.192206
    350      0.000554      0.000831     -1.437350     -1.436519      1.193536
    351      0.000471      0.000706     -1.437161     -1.436454      1.196845
    352      0.000395      0.000593     -1.437047     -1.436454      1.198814
    353      0.000393      0.000590     -1.437044     -1.436454      1.198885
    354      0.000465      0.000698     -1.437152     -1.436454      1.197060
    355      0.000534      0.000801     -1.437266     -1.436465      1.195116
    356      0.000561      0.000841     -1.437268     -1.436427      1.195105
    357      0.000617      0.000926     -1.437326     -1.436400      1.194146
    358      0.000749      0.001124     -1.437524     -1.436400      1.190755
    359      0.000877      0.001316     -1.437713     -1.436397      1.187520
    360      0.000941      0.001411     -1.437767     -1.436356      1.186642
    361      0.000928      0.001392     -1.437670     -1.436278      1.188371
    362      0.000830      0.001245     -1.437576     -1.436331      1.189926
    363      0.000733      0.001099     -1.437383     -1.436284      1.193214
    364      0.000651      0.000976     -1.437258     -1.436282      1.195305
    365      0.000618      0.000927     -1.437209     -1.436282      1.196110
    366      0.000576      0.000864     -1.437180     -1.436316      1.196555
    367      0.000510      0.000765     -1.437063     -1.436298      1.198560
    368      0.000477      0.000715     -1.437060     -1.436345      1.198594
    369      0.000490      0.000735     -1.437091     -1.436355      1.198096
    370      0.000564      0.000846     -1.437201     -1.436355      1.196249
    371      0.000626      0.000938     -1.437336     -1.436397      1.193952
    372      0.000585      0.000877     -1.437221     -1.436344      1.195931
    373      0.000512      0.000767     -1.437082     -1.436315      1.198315
    374      0.000503      0.000755     -1.437069     -1.436315      1.198530
    375      0.000514      0.000771     -1.437061     -1.436290      1.198702
    376      0.000525      0.000788     -1.437078     -1.436290      1.198431
    377      0.000610      0.000916     -1.437206     -1.436290      1.196262
    378      0.000715      0.001072     -1.437374     -1.436302      1.193388
    379      0.000785      0.001178     -1.437391     -1.436213      1.193174
    380      0.000861      0.001292     -1.437490     -1.436198      1.191506
    381      0.000911      0.001367     -1.437595     -1.436228      1.189681
    382      0.000893      0.001340     -1.437599     -1.436259      1.189591
    383      0.000897      0.001345     -1.437604     -1.436259      1.189486
    384      0.000875      0.001312     -1.437621     -1.436309      1.189156
    385      0.000782      0.001172     -1.437520     -1.436348      1.190843
    386      0.000705      0.001057     -1.437389     -1.436332      1.193091
    387      0.000653      0.000980     -1.437295     -1.436315      1.194697
    388      0.000538      0.000807     -1.437086     -1.436279      1.198276
    389      0.000390      0.000585     -1.436864     -1.436279      1.202040
    390      0.000317      0.000476     -1.436755     -1.436279      1.203893
    391      0.000319      0.000478     -1.436757     -1.436279      1.203827
    392      0.000322      0.000483     -1.436725     -1.436242      1.204389
    393      0.000305      0.000457     -1.436729     -1.436271      1.204321
    394      0.000342      0.000513     -1.436784     -1.436271      1.203401
    395      0.000454      0.000681     -1.436952     -1.436271      1.200563
    396      0.000641      0.000961     -1.437232     -1.436271      1.195816
    397      0.000893      0.001339     -1.437596     -1.436257      1.189632
    398      0.001130      0.001695     -1.438038     -1.436343      1.182019
    399      0.001258      0.001887     -1.438374     -1.436487      1.176120
    400      0.001222      0.001833     -1.438195     -1.436362      1.179320
    401      0.001064      0.001595     -1.437980     -1.436385      1.182995
    402      0.000906      0.001359     -1.437743     -1.436385      1.187026
    403      0.000739      0.001108     -1.437394     -1.436286      1.193037
    404      0.000583      0.000874     -1.437160     -1.436286      1.196989
    405      0.000458      0.000687     -1.436977     -1.436290      1.200063
    406      0.000325      0.000487     -1.436755     -1.436268      1.203833
    407      0.000246      0.000369     -1.436637     -1.436268      1.205832
    408      0.000242      0.000363     -1.436631     -1.436268      1.205909
    409      0.000314      0.000471     -1.436739     -1.436268      1.204066
    410      0.000399      0.000598     -1.436859     -1.436261      1.202018
    411      0.000497      0.000746     -1.437007     -1.436261      1.199522
    412      0.000566      0.000849     -1.437075     -1.436226      1.198424
    413      0.000593      0.000890     -1.437134     -1.436245      1.197470
    414      0.000660      0.000990     -1.437262     -1.436272      1.195318
    415      0.000727      0.001091     -1.437415     -1.436323      1.192713
    416      0.000836      0.001254     -1.437570     -1.436316      1.190064
    417      0.000917      0.001375     -1.437736     -1.436360      1.187189
    418      0.000979      0.001468     -1.437828     -1.436360      1.185592
    419      0.001070      0.001605     -1.438047     -1.436442      1.181756
    420      0.001000      0.001500     -1.437829     -1.436329      1.185593
    421      0.000817      0.001226     -1.437555     -1.436329      1.190314
    422      0.000698      0.001047     -1.437383     -1.436335      1.193255
    423      0.000598      0.000897     -1.437284     -1.436386      1.194894
    424      0.000521      0.000782     -1.437174     -1.436392      1.196735
    425      0.000482      0.000723     -1.437095     -1.436372      1.198072
    426      0.000431      0.000647     -1.436966     -1.436319      1.200283
    427      0.000420      0.000630     -1.436949     -1.436319      1.200545
    428      0.000457      0.000686     -1.437044     -1.436359      1.198859
    429      0.000457      0.000686     -1.437123     -1.436437      1.197449
    430      0.000462      0.000693     -1.437139     -1.436447      1.197151
    431      0.000513      0.000769     -1.437160     -1.436390      1.196849
    432      0.000539      0.000809     -1.437138     -1.436329      1.197308
    433      0.000518      0.000778     -1.437098     -1.436320      1.198062
    434      0.000498      0.000747     -1.437083     -1.436335      1.198357
    435      0.000516      0.000775     -1.437081     -1.436306      1.198428
    436      0.000586      0.000879     -1.437185     -1.436306      1.196658
    437      0.000714      0.001070     -1.437361     -1.436291      1.193647
    438      0.000879      0.001319     -1.437621     -1.436303      1.189177
    439      0.001013      0.001520     -1.437806     -1.436286      1.186026
    440      0.001074      0.001610     -1.437918     -1.436308      1.184062
    441      0.001060      0.001590     -1.437824     -1.436234      1.185706
    442      0.000970      0.001455     -1.437681     -1.436226      1.188139
    443      0.000900      0.001351     -1.437576     -1.436226      1.189895
    444      0.000803      0.001205     -1.437324     -1.436120      1.194293
    445      0.000630      0.000945     -1.437020     -1.436075      1.199535
    446      0.000519      0.000779     -1.436854     -1.436075      1.202384
    447      0.000464      0.000695     -1.436832     -1.436137      1.202723
    448      0.000410      0.000616     -1.436751     -1.436135      1.204103
    449      0.000353      0.000529     -1.436588     -1.436059      1.206891
    450      0.000306      0.000459     -1.436518     -1.436059      1.208040
    451      0.000334      0.000502     -1.436561     -1.436059      1.207272
    452      0.000390      0.000585     -1.436578     -1.435993      1.207034
    453      0.000457      0.000686     -1.436680     -1.435994      1.205321
    454      0.000585      0.000878     -1.436872     -1.435994      1.202087
    455      0.000743      0.001114     -1.437122     -1.436008      1.197833
    456      0.000917      0.001375     -1.437358     -1.435983      1.193871
    457      0.001168      0.001752     -1.437735     -1.435983      1.187437
    458      0.001358      0.002036     -1.438065     -1.436029      1.181750
    459      0.001306      0.001959     -1.437989     -1.436030      1.183091
    460      0.001147      0.001720     -1.437750     -1.436030      1.187202
    461      0.001007      0.001511     -1.437535     -1.436023      1.190887
    462      0.000808      0.001212     -1.437293     -1.436081      1.194965
    463      0.000618      0.000927     -1.437008     -1.436081      1.199789
    464      0.000501      0.000751     -1.436832     -1.436081      1.202723
    465      0.000457      0.000685     -1.436766     -1.436081      1.203758
    466      0.000394      0.000591     -1.436649     -1.436058      1.205687
    467      0.000314      0.000471     -1.436529     -1.436058      1.207678
    468      0.000290      0.000434     -1.436517     -1.436082      1.207836
    469      0.000320      0.000480     -1.436563     -1.436082      1.207049
    470      0.000392      0.000588     -1.436692     -1.436104      1.204852
    471      0.000458      0.000687     -1.436844     -1.436157      1.202277
    472      0.000552      0.000829     -1.436985     -1.436157      1.199938
    473      0.000656      0.000984     -1.437111     -1.436127      1.197896
    474      0.000787      0.001180     -1.437307     -1.436127      1.194620
    475      0.000965      0.001448     -1.437618     -1.436170      1.189323
    476      0.001093      0.001639     -1.437754     -1.436115      1.187056
    477      0.001211      0.001817     -1.437964     -1.436147      1.183446
    478      0.001151      0.001727     -1.438052     -1.436325      1.181804
    479      0.000948      0.001421     -1.437746     -1.436325      1.187022
    480      0.000804      0.001206     -1.437613     -1.436407      1.189173
    481      0.000688      0.001033     -1.437419     -1.436387      1.192460
    482      0.000597      0.000895     -1.437286     -1.436391      1.194703
    483      0.000476      0.000714     -1.437082     -1.436368      1.198197
    484      0.000379      0.000569     -1.436937     -1.436368      1.200658
    485      0.000329      0.000493     -1.436839     -1.436346      1.202339
    486      0.000309      0.000463     -1.436779     -1.436316      1.203392
    487      0.000336      0.000504     -1.436798     -1.436294      1.203125
    488      0.000394      0.000591     -1.436859     -1.436268      1.202130
    489      0.000461      0.000691     -1.437014     -1.436323      1.199483
    490      0.000562      0.000843     -1.437166     -1.436323      1.196907
    491      0.000647      0.000971     -1.437313     -1.436342      1.194395
    492      0.000696      0.001045     -1.437398     -1.436353      1.192954
    493      0.000822      0.001233     -1.437586     -1.436353      1.189716
    494      0.000957      0.001436     -1.437721     -1.436285      1.187480
    495      0.001053      0.001579     -1.437846     -1.436267      1.185366
    496      0.001093      0.001639     -1.437935     -1.436296      1.183817
    497      0.000975      0.001463     -1.437677     -1.436214      1.188300
    498      0.000773      0.001160     -1.437363     -1.436203      1.193675
    499      0.000618      0.000927     -1.437131     -1.436203      1.197633
    500      0.000537      0.000805     -1.437009     -1.436203      1.199696
    501      0.000529      0.000794     -1.436997     -1.436203      1.199862
    502      0.000541      0.000812     -1.436998     -1.436186      1.199811
    503      0.000497      0.000745     -1.436907     -1.436162      1.201327
    504      0.000467      0.000701     -1.436863     -1.436162      1.202029
    505      0.000536      0.000804     -1.436966     -1.436162      1.200204
    506      0.000583      0.000875     -1.436929     -1.436054      1.200916
    507      0.000593      0.000890     -1.436944     -1.436054      1.200680
    508      0.000580      0.000870     -1.436822     -1.435952      1.202878
    509      0.000539      0.000809     -1.436774     -1.435965      1.203742
    510      0.000576      0.000864     -1.436828     -1.435965      1.202861
    511      0.000711      0.001066     -1.437031     -1.435965      1.199436
    512      0.000874      0.001310     -1.437368     -1.436058      1.193620
    513      0.001009      0.001513     -1.437519     -1.436006      1.191078
    514      0.001112      0.001668     -1.437716     -1.436048      1.187694
    515      0.001057      0.001586     -1.437691     -1.436105      1.188110
    516      0.000902      0.001352     -1.437466     -1.436114      1.191940
    517      0.000754      0.001131     -1.437265     -1.436135      1.195298
    518      0.000640      0.000959     -1.437094     -1.436134      1.198153
    519      0.000582      0.000874     -1.436987     -1.436114      1.199933
    520      0.000521      0.000782     -1.436910     -1.436129      1.201215
    521      0.000480      0.000720     -1.436849     -1.436129      1.202260
    522      0.000488      0.000732     -1.436857     -1.436125      1.202124
    523      0.000535      0.000802     -1.436918     -1.436116      1.201117
    524      0.000580      0.000870     -1.436910     -1.436041      1.201366
    525      0.000632      0.000949     -1.436981     -1.436032      1.200234
    526      0.000679      0.001019     -1.437080     -1.436061      1.198559
    527      0.000647      0.000970     -1.437114     -1.436144      1.197928
    528      0.000626      0.000939     -1.437083     -1.436144      1.198462
    529      0.000663      0.000994     -1.437106     -1.436112      1.198111
    530      0.000755      0.001133     -1.437245     -1.436112      1.195743
    531      0.000946      0.001419     -1.437531     -1.436112      1.190854
    532      0.001034      0.001552     -1.437545     -1.435994      1.190686
    533      0.001020      0.001531     -1.437524     -1.435994      1.191026
    534      0.000986      0.001480     -1.437519     -1.436040      1.191060
    535      0.000914      0.001370     -1.437410     -1.436040      1.192904
    536      0.000794      0.001191     -1.437244     -1.436054      1.195709
    537      0.000627      0.000941     -1.436995     -1.436054      1.199975
    538      0.000535      0.000802     -1.436856     -1.436053      1.202342
    539      0.000472      0.000708     -1.436727     -1.436020      1.204551
    540      0.000368      0.000552     -1.436671     -1.436119      1.205431
    541      0.000287      0.000431     -1.436550     -1.436119      1.207477
    542      0.000308      0.000461     -1.436580     -1.436119      1.206961
    543      0.000384      0.000576     -1.436754     -1.436178      1.203976
    544      0.000497      0.000746     -1.436924     -1.436178      1.201119
    545      0.000685      0.001027     -1.437205     -1.436178      1.196357
    546      0.000829      0.001244     -1.437522     -1.436279      1.190893
    547      0.000848      0.001272     -1.437460     -1.436189      1.192022
    548      0.000876      0.001314     -1.437502     -1.436189      1.191291
    549      0.000911      0.001366     -1.437632     -1.436266      1.188999
    550      0.000989      0.001484     -1.437750     -1.436266      1.186997
    551      0.001095      0.001642     -1.437915     -1.436273      1.184161
    552      0.000994      0.001490     -1.437738     -1.436248      1.187220
    553      0.000773      0.001160     -1.437408     -1.436248      1.192861
    554      0.000626      0.000939     -1.437187     -1.436248      1.196612
    555      0.000485      0.000727     -1.437003     -1.436276      1.199707
    556      0.000369      0.000553     -1.436829     -1.436276      1.202684
    557      0.000352      0.000528     -1.436804     -1.436276      1.203120
    558      0.000365      0.000548     -1.436901     -1.436353      1.201431
    559      0.000378      0.000567     -1.436926     -1.436359      1.200996
    560      0.000357      0.000535     -1.436921     -1.436386      1.201064
    561      0.000344      0.000516     -1.436903     -1.436386      1.201387
    562      0.000431      0.000646     -1.437033     -1.436387      1.199165
    563      0.000617      0.000925     -1.437312     -1.436387      1.194407
    564      0.000865      0.001297     -1.437699     -1.436402      1.187765
    565      0.001092      0.001639     -1.438018     -1.436379      1.182336
    566      0.001206      0.001809     -1.438165     -1.436356      1.179830
    567      0.001167      0.001751     -1.438022     -1.436271      1.182349
    568      0.001038      0.001557     -1.437755     -1.436198      1.186987
    569      0.000865      0.001297     -1.437502     -1.436205      1.191310
    570      0.000679      0.001019     -1.437161     -1.436142      1.197189
    571      0.000492      0.000738     -1.436908     -1.436170      1.201462
    572      0.000370      0.000555     -1.436725     -1.436170      1.204558
    573      0.000325      0.000487     -1.436660     -1.436173      1.205633
    574      0.000272      0.000409     -1.436583     -1.436174      1.206927
    575      0.000248      0.000372     -1.436546     -1.436174      1.207538
    576      0.000300      0.000449     -1.436623     -1.436174      1.206224
    577      0.000427      0.000640     -1.436814     -1.436174      1.202987
    578      0.000572      0.000858     -1.437066     -1.436209      1.198687
    579      0.000733      0.001100     -1.437309     -1.436209      1.194584
    580      0.000892      0.001338     -1.437552     -1.436215      1.190435
    581      0.000973      0.001460     -1.437728     -1.436268      1.187371
    582      0.001037      0.001556     -1.437844     -1.436288      1.185371
    583      0.001061      0.001592     -1.437904     -1.436313      1.184311
    584      0.000964      0.001446     -1.437866     -1.436420      1.184903
    585      0.000797      0.001196     -1.437630     -1.436435      1.188933
    586      0.000675      0.001013     -1.437447     -1.436434      1.192051
    587      0.000595      0.000892     -1.437385     -1.436493      1.193039
    588      0.000508      0.000762     -1.437229     -1.436467      1.195682
    589      0.000435      0.000652     -1.437100     -1.436447      1.197885
    590      0.000373      0.000559     -1.437005     -1.436445      1.199507
    591      0.000306      0.000459     -1.436864     -1.436406      1.201955
    592      0.000258      0.000387     -1.436769     -1.436382      1.203612
    593      0.000290      0.000435     -1.436818     -1.436382      1.202799
    594      0.000427      0.000641     -1.437038     -1.436397      1.199040
    595      0.000608      0.000912     -1.437360     -1.436448      1.193523
    596      0.000796      0.001194     -1.437669     -1.436475      1.188213
    597      0.000928      0.001392     -1.437850     -1.436459      1.185136
    598      0.000979      0.001468     -1.437912     -1.436444      1.184107
    599      0.000917      0.001376     -1.437671     -1.436295      1.188354
    600      0.000843      0.001264     -1.437559     -1.436295      1.190253
    601      0.000866      0.001298     -1.437563     -1.436265      1.190177
    602      0.000824      0.001236     -1.437595     -1.436360      1.189551
    603      0.000692      0.001037     -1.437430     -1.436393      1.192398
    604      0.000535      0.000803     -1.437226     -1.436423      1.195869
    605      0.000362      0.000544     -1.436990     -1.436446      1.199865
    606      0.000247      0.000371     -1.436817     -1.436446      1.202789
    607      0.000210      0.000315     -1.436791     -1.436475      1.203190
    608      0.000233      0.000350     -1.436825     -1.436475      1.202579
    609      0.000332      0.000498     -1.436973     -1.436475      1.200052
    610      0.000505      0.000758     -1.437233     -1.436475      1.195616
    611      0.000655      0.000983     -1.437412     -1.436429      1.192626
    612      0.000799      0.001199     -1.437629     -1.436429      1.188960
    613      0.000962      0.001444     -1.437809     -1.436366      1.185930
    614      0.001065      0.001598     -1.437995     -1.436397      1.182708
    615      0.001124      0.001686     -1.438041     -1.436356      1.181931
    616      0.000993      0.001490     -1.437848     -1.436358      1.185270
    617      0.000745      0.001118     -1.437476     -1.436358      1.191647
    618      0.000593      0.000890     -1.437248     -1.436358      1.195528
    619      0.000509      0.000763     -1.437160     -1.436397      1.196942
    620      0.000437      0.000655     -1.437098     -1.436443      1.197931
    621      0.000352      0.000528     -1.436947     -1.436419      1.200524
    622      0.000306      0.000458     -1.436877     -1.436419      1.201697
    623      0.000334      0.000501     -1.436920     -1.436419      1.200958
    624      0.000345      0.000518     -1.436921     -1.436403      1.200977
    625      0.000357      0.000535     -1.436939     -1.436403      1.200709
    626      0.000468      0.000701     -1.437105     -1.436403      1.197902
    627      0.000636      0.000953     -1.437358     -1.436405      1.193594
    628      0.000773      0.001160     -1.437589     -1.436429      1.189630
    629      0.000829      0.001244     -1.437749     -1.436505      1.186841
    630      0.000839      0.001259     -1.437809     -1.436550      1.185809
    631      0.000912      0.001367     -1.437917     -1.436550      1.183950
    632      0.000969      0.001454     -1.438062     -1.436609      1.181396
    633      0.000891      0.001336     -1.437935     -1.436598      1.183588
    634      0.000733      0.001099     -1.437680     -1.436581      1.187981
    635      0.000598      0.000897     -1.437477     -1.436580      1.191431
    636      0.000495      0.000743     -1.437351     -1.436609      1.193529
    637      0.000370      0.000555     -1.437141     -1.436586      1.197125
    638      0.000282      0.000423     -1.437009     -1.436586      1.199364
    639      0.000269      0.000403     -1.436989     -1.436586      1.199695
    640      0.000330      0.000495     -1.437081     -1.436586      1.198115
    641      0.000370      0.000555     -1.437173     -1.436619      1.196528
    642      0.000387      0.000581     -1.437200     -1.436619      1.196131
    643      0.000441      0.000662     -1.437294     -1.436632      1.194543
    644      0.000507      0.000760     -1.437330     -1.436570      1.193987
    645      0.000626      0.000939     -1.437510     -1.436570      1.190928
    646      0.000802      0.001204     -1.437764     -1.436561      1.186572
    647      0.001052      0.001579     -1.438140     -1.436561      1.180122
    648      0.001243      0.001865     -1.438206     -1.436341      1.179147
    649      0.001149      0.001724     -1.438017     -1.436293      1.182414
    650      0.000930      0.001395     -1.437648     -1.436252      1.188760
    651      0.000739      0.001108     -1.437279     -1.436171      1.195116
    652      0.000588      0.000882     -1.437053     -1.436171      1.198961
    653      0.000490      0.000736     -1.436867     -1.436132      1.202136
    654      0.000447      0.000671     -1.436803     -1.436132      1.203233
    655      0.000423      0.000634     -1.436718     -1.436084      1.204697
    656      0.000399      0.000598     -1.436682     -1.436084      1.205298
    657      0.000366      0.000549     -1.436636     -1.436087      1.206071
    658      0.000344      0.000517     -1.436603     -1.436087      1.206636
    659      0.000423      0.000635     -1.436722     -1.436087      1.204634
    660      0.000544      0.000817     -1.436969     -1.436153      1.200391
    661      0.000668      0.001002     -1.437157     -1.436155      1.197141
    662      0.000735      0.001102     -1.437363     -1.436261      1.193530
    663      0.000710      0.001065     -1.437365     -1.436300      1.193477
    664      0.000724      0.001086     -1.437386     -1.436300      1.193147
    665      0.000812      0.001218     -1.437525     -1.436307      1.190800
    666      0.000951      0.001427     -1.437696     -1.436269      1.187924
    667      0.001046      0.001570     -1.437953     -1.436384      1.183440
    668      0.000962      0.001444     -1.437831     -1.436387      1.185538
    669      0.000799      0.001198     -1.437643     -1.436445      1.188699
    670      0.000671      0.001006     -1.437450     -1.436445      1.191984
    671      0.000616      0.000924     -1.437368     -1.436445      1.193378
    672      0.000564      0.000846     -1.437317     -1.436471      1.194223
    673      0.000456      0.000684     -1.437201     -1.436517      1.196154
    674      0.000361      0.000542     -1.437059     -1.436517      1.198580
    675      0.000272      0.000408     -1.436963     -1.436554      1.200185
    676      0.000227      0.000340     -1.436894     -1.436554      1.201343
    677      0.000306      0.000458     -1.437012     -1.436554      1.199324
    678      0.000508      0.000762     -1.437316     -1.436554      1.194140
    679      0.000711      0.001067     -1.437660     -1.436593      1.188212
    680      0.000855      0.001282     -1.437884     -1.436601      1.184381
    681      0.000877      0.001315     -1.437752     -1.436437      1.186798
    682      0.000732      0.001099     -1.437524     -1.436426      1.190745
    683      0.000598      0.000897     -1.437323     -1.436426      1.194191
    684      0.000543      0.000815     -1.437224     -1.436409      1.195889
    685      0.000586      0.000880     -1.437289     -1.436409      1.194770
    686      0.000644      0.000966     -1.437412     -1.436446      1.192610
    687      0.000667      0.001001     -1.437493     -1.436492      1.191199
    688      0.000718      0.001077     -1.437560     -1.436483      1.190055
    689      0.000718      0.001077     -1.437624     -1.436547      1.188905
    690      0.000683      0.001024     -1.437565     -1.436540      1.189972
    691      0.000618      0.000928     -1.437358     -1.436430      1.193595
    692      0.000543      0.000815     -1.437251     -1.436437      1.195376
    693      0.000559      0.000838     -1.437275     -1.436437      1.194920
    694      0.000572      0.000859     -1.437267     -1.436408      1.195062
    695      0.000584      0.000876     -1.437285     -1.436408      1.194756
    696      0.000639      0.000959     -1.437381     -1.436422      1.193101
    697      0.000651      0.000976     -1.437382     -1.436406      1.193121
    698      0.000625      0.000938     -1.437329     -1.436391      1.194074
    699      0.000585      0.000877     -1.437268     -1.436390      1.195110
    700      0.000509      0.000763     -1.437071     -1.436308      1.198516
    701      0.000444      0.000666     -1.436973     -1.436308      1.200187
    702      0.000418      0.000627     -1.436933     -1.436306      1.200892
    703      0.000450      0.000676     -1.436981     -1.436306      1.200080
    704      0.000575      0.000862     -1.437164     -1.436301      1.196991
    705      0.000752      0.001129     -1.437416     -1.436288      1.192692
    706      0.000945      0.001417     -1.437718     -1.436301      1.187527
    707      0.001035      0.001553     -1.437905     -1.436352      1.184282
    708      0.000987      0.001481     -1.437852     -1.436372      1.185167
    709      0.000840      0.001260     -1.437541     -1.436281      1.190578
    710      0.000676      0.001014     -1.437295     -1.436281      1.194776
    711      0.000609      0.000914     -1.437194     -1.436281      1.196457
    712      0.000598      0.000897     -1.437217     -1.436320      1.195998
    713      0.000571      0.000857     -1.437166     -1.436309      1.196866
    714      0.000555      0.000832     -1.437141     -1.436309      1.197282
    715      0.000543      0.000815     -1.437101     -1.436287      1.197993
    716      0.000535      0.000803     -1.437090     -1.436287      1.198211
    717      0.000514      0.000771     -1.437030     -1.436259      1.199256
    718      0.000479      0.000719     -1.436977     -1.436259      1.200130
    719      0.000469      0.000703     -1.436919     -1.436216      1.201100
    720      0.000448      0.000672     -1.436892     -1.436220      1.201534
    721      0.000431      0.000647     -1.436815     -1.436169      1.202898
    722      0.000497      0.000746     -1.436915     -1.436169      1.201238
    723      0.000696      0.001045     -1.437221     -1.436176      1.196040
    724      0.000984      0.001475     -1.437640     -1.436165      1.188909
    725      0.001155      0.001733     -1.437907     -1.436173      1.184369
    726      0.001138      0.001707     -1.437944     -1.436237      1.183677
    727      0.000986      0.001479     -1.437704     -1.436225      1.187783
    728      0.000792      0.001188     -1.437413     -1.436225      1.192760
    729      0.000697      0.001045     -1.437269     -1.436224      1.195215
    730      0.000627      0.000940     -1.437235     -1.436295      1.195753
    731      0.000522      0.000783     -1.437006     -1.436223      1.199689
    732      0.000458      0.000688     -1.436889     -1.436201      1.201666
    733      0.000461      0.000691     -1.436843     -1.436152      1.202480
    734      0.000526      0.000789     -1.436941     -1.436152      1.200812
    735      0.000586      0.000879     -1.437064     -1.436186      1.198692
    736      0.000579      0.000869     -1.437053     -1.436185      1.198901
    737      0.000589      0.000884     -1.437086     -1.436202      1.198354
    738      0.000578      0.000867     -1.437055     -1.436188      1.198901
    739      0.000530      0.000796     -1.436992     -1.436196      1.199968
    740      0.000534      0.000801     -1.436997     -1.436196      1.199881
    741      0.000637      0.000955     -1.437151     -1.436196      1.197252
    742      0.000764      0.001146     -1.437274     -1.436129      1.195207
    743      0.000915      0.001372     -1.437501     -1.436129      1.191337
    744      0.001027      0.001540     -1.437734     -1.436194      1.187312
    745      0.001032      0.001548     -1.437694     -1.436146      1.188024
    746      0.000984      0.001476     -1.437581     -1.436105      1.189994
    747      0.000836      0.001253     -1.437375     -1.436121      1.193503
    748      0.000670      0.001006     -1.437127     -1.436121      1.197736
    749      0.000603      0.000904     -1.437025     -1.436121      1.199447
    750      0.000560      0.000840     -1.436870     -1.436029      1.202132
    751      0.000522      0.000782     -1.436788     -1.436006      1.203491
    752      0.000505      0.000758     -1.436786     -1.436028      1.203468
    753      0.000533      0.000800     -1.436828     -1.436028      1.202719
    754      0.000602      0.000902     -1.436874     -1.435971      1.201980
    755      0.000657      0.000985     -1.436997     -1.436012      1.199869
    756      0.000693      0.001039     -1.437040     -1.436001      1.199188
    757      0.000634      0.000952     -1.436971     -1.436020      1.200389
    758      0.000536      0.000804     -1.436840     -1.436035      1.202643
    759      0.000515      0.000772     -1.436807     -1.436035      1.203200
    760      0.000592      0.000888     -1.436923     -1.436035      1.201212
    761      0.000719      0.001079     -1.437039     -1.435961      1.199312
    762      0.000844      0.001266     -1.437203     -1.435937      1.196583
    763      0.001032      0.001549     -1.437486     -1.435937      1.191763
    764      0.001239      0.001858     -1.437817     -1.435958      1.186072
    765      0.001372      0.002059     -1.437945     -1.435886      1.183907
    766      0.001319      0.001978     -1.437598     -1.435620      1.190054
    767      0.001040      0.001559     -1.437177     -1.435617      1.197268
    768      0.000746      0.001119     -1.436736     -1.435617      1.204772
    769      0.000550      0.000825     -1.436442     -1.435617      1.209742
    770      0.000400      0.000600     -1.436205     -1.435605      1.213739
    771      0.000298      0.000446     -1.436051     -1.435605      1.216326
    772      0.000297      0.000446     -1.436050     -1.435605      1.216327
    773      0.000398      0.000598     -1.436203     -1.435605      1.213740
    774      0.000554      0.000831     -1.436463     -1.435633      1.209303
    775      0.000709      0.001063     -1.436744     -1.435681      1.204514
    776      0.000892      0.001338     -1.437019     -1.435681      1.199852
    777      0.000963      0.001444     -1.437206     -1.435762      1.196618
    778      0.000921      0.001381     -1.437143     -1.435762      1.197733
    779      0.000837      0.001256     -1.437003     -1.435747      1.200137
    780      0.000751      0.001126     -1.436873     -1.435747      1.202344
    781      0.000788      0.001182     -1.436929     -1.435747      1.201376
    782      0.000912      0.001368     -1.437134     -1.435766      1.197846
    783      0.001049      0.001573     -1.437314     -1.435741      1.194793
    784      0.001109      0.001664     -1.437252     -1.435588      1.196011
    785      0.001146      0.001719     -1.437307     -1.435588      1.195046
    786      0.001158      0.001738     -1.437356     -1.435618      1.194140
    787      0.001071      0.001606     -1.437161     -1.435555      1.197483
    788      0.000945      0.001418     -1.436937     -1.435520      1.201295
    789      0.000765      0.001147     -1.436602     -1.435455      1.207067
    790      0.000553      0.000829     -1.436326     -1.435497      1.211715
    791      0.000411      0.000616     -1.436113     -1.435497      1.215311
    792      0.000329      0.000493     -1.435937     -1.435444      1.218348
    793      0.000288      0.000432     -1.435876     -1.435443      1.219391
    794      0.000350      0.000525     -1.435968     -1.435444      1.217842
    795      0.000513      0.000770     -1.436214     -1.435444      1.213709
    796      0.000725      0.001088     -1.436470     -1.435382      1.209423
    797      0.000984      0.001476     -1.436858     -1.435382      1.202823
    798      0.001289      0.001934     -1.437303     -1.435369      1.195262
    799      0.001482      0.002223     -1.437610     -1.435387      1.190018
    800      0.001433      0.002149     -1.437538     -1.435389      1.191234
    801      0.001191      0.001787     -1.437079     -1.435292      1.199145
    802      0.000958      0.001437     -1.436728     -1.435291      1.205098
    803      0.000849      0.001273     -1.436564     -1.435291      1.207867
    804      0.000812      0.001217     -1.436465     -1.435247      1.209591
    805      0.000828      0.001241     -1.436489     -1.435247      1.209178
    806      0.000878      0.001317     -1.436479     -1.435162      1.209418
    807      0.000963      0.001444     -1.436606     -1.435162      1.207265
    808      0.001045      0.001567     -1.436741     -1.435174      1.204942
    809      0.001051      0.001576     -1.436701     -1.435125      1.205634
    810      0.000915      0.001373     -1.436590     -1.435218      1.207420
    811      0.000704      0.001056     -1.436274     -1.435218      1.212799
    812      0.000520      0.000779     -1.436012     -1.435233      1.217193
    813      0.000383      0.000574     -1.435807     -1.435233      1.220638
    814      0.000348      0.000522     -1.435755     -1.435233      1.221486
    815      0.000417      0.000626     -1.435858     -1.435233      1.219729
    816      0.000556      0.000835     -1.436076     -1.435242      1.216040
    817      0.000737      0.001105     -1.436290     -1.435185      1.212514
    818      0.000995      0.001493     -1.436678     -1.435185      1.205976
    819      0.001332      0.001997     -1.437164     -1.435167      1.197762
    820      0.001607      0.002410     -1.437604     -1.435194      1.190260
    821      0.001635      0.002452     -1.437648     -1.435196      1.189517
    822      0.001463      0.002195     -1.437454     -1.435259      1.192733
    823      0.001224      0.001836     -1.436950     -1.435114      1.201429
    824      0.001007      0.001511     -1.436624     -1.435114      1.206939
    825      0.000840      0.001261     -1.436421     -1.435161      1.210300
    826      0.000682      0.001024     -1.436162     -1.435138      1.214695
    827      0.000608      0.000911     -1.436049     -1.435138      1.216588
    828      0.000621      0.000932     -1.436041     -1.435109      1.216760
    829      0.000704      0.001056     -1.436166     -1.435110      1.214671
    830      0.000822      0.001233     -1.436419     -1.435186      1.210328
    831      0.000901      0.001352     -1.436511     -1.435160      1.208772
    832      0.000887      0.001330     -1.436453     -1.435122      1.209818
    833      0.000788      0.001182     -1.436302     -1.435119      1.212385
    834      0.000688      0.001031     -1.436126     -1.435095      1.215394
    835      0.000637      0.000956     -1.436050     -1.435095      1.216688
    836      0.000687      0.001031     -1.436126     -1.435095      1.215404
    837      0.000838      0.001256     -1.436351     -1.435095      1.211545
    838      0.000959      0.001439     -1.436497     -1.435058      1.209095
    839      0.001011      0.001516     -1.436529     -1.435013      1.208630
    840      0.001126      0.001688     -1.436701     -1.435013      1.205732
    841      0.001308      0.001962     -1.436936     -1.434975      1.201751
    842      0.001350      0.002026     -1.436893     -1.434867      1.202581
    843      0.001322      0.001983     -1.436850     -1.434867      1.203310
    844      0.001261      0.001892     -1.436862     -1.434969      1.203054
    845      0.001108      0.001662     -1.436648     -1.434986      1.206689
    846      0.001012      0.001518     -1.436504     -1.434986      1.209130
    847      0.000942      0.001414     -1.436331     -1.434917      1.212101
    848      0.000856      0.001284     -1.436166     -1.434882      1.214912
    849      0.000826      0.001239     -1.436121     -1.434882      1.215650
    850      0.000899      0.001348     -1.436229     -1.434882      1.213800
    851      0.001022      0.001533     -1.436409     -1.434876      1.210748
    852      0.001009      0.001514     -1.436193     -1.434680      1.214433
    853      0.000790      0.001184     -1.435850     -1.434666      1.220157
    854      0.000570      0.000855     -1.435521     -1.434666      1.225692
    855      0.000479      0.000719     -1.435385     -1.434666      1.227962
    856      0.000518      0.000778     -1.435443     -1.434666      1.226955
    857      0.000687      0.001031     -1.435696     -1.434666      1.222676
    858      0.000863      0.001294     -1.435952     -1.434657      1.218446
    859      0.000986      0.001479     -1.436119     -1.434640      1.215775
    860      0.001168      0.001752     -1.436392     -1.434640      1.211252
    861      0.001446      0.002169     -1.436809     -1.434641      1.204202
    862      0.001734      0.002601     -1.437363     -1.434762      1.194637
    863      0.001881      0.002821     -1.437401     -1.434579      1.194076
    864      0.001756      0.002634     -1.437068     -1.434434      1.199839
    865      0.001454      0.002181     -1.436583     -1.434402      1.208109
    866      0.001155      0.001733     -1.436147     -1.434415      1.215466
    867      0.000936      0.001403     -1.435818     -1.434415      1.220999
    868      0.000803      0.001205     -1.435563     -1.434358      1.225314
    869      0.000702      0.001053     -1.435465     -1.434413      1.226876
    870      0.000653      0.000980     -1.435393     -1.434413      1.228074
    871      0.000647      0.000970     -1.435449     -1.434479      1.227063
    872      0.000682      0.001023     -1.435502     -1.434479      1.226213
    873      0.000821      0.001232     -1.435712     -1.434479      1.222733
    874      0.001064      0.001596     -1.436076     -1.434480      1.216642
    875      0.001345      0.002018     -1.436540     -1.434521      1.208824
    876      0.001412      0.002118     -1.436538     -1.434420      1.208908
    877      0.001243      0.001865     -1.436210     -1.434345      1.214409
    878      0.000998      0.001497     -1.435872     -1.434375      1.220020
    879      0.000766      0.001149     -1.435523     -1.434374      1.225875
    880      0.000662      0.000993     -1.435367     -1.434374      1.228473
    881      0.000647      0.000970     -1.435342     -1.434371      1.228907
    882      0.000722      0.001082     -1.435454     -1.434371      1.227062
    883      0.000857      0.001285     -1.435616     -1.434331      1.224434
    884      0.001070      0.001606     -1.435936     -1.434331      1.219105
    885      0.001435      0.002152     -1.436483     -1.434331      1.209909
    886      0.001768      0.002652     -1.436990     -1.434338      1.201311
    887      0.001955      0.002933     -1.437249     -1.434317      1.196905
    888      0.002017      0.003025     -1.437404     -1.434379      1.194224
    889      0.001942      0.002913     -1.437194     -1.434280      1.197908
    890      0.001681      0.002522     -1.436708     -1.434186      1.206259
    891      0.001255      0.001883     -1.436044     -1.434160      1.217473
    892      0.000881      0.001321     -1.435481     -1.434160      1.226870
    893      0.000633      0.000950     -1.435110     -1.434160      1.233017
    894      0.000470      0.000706     -1.434856     -1.434150      1.237202
    895      0.000375      0.000562     -1.434712     -1.434150      1.239547
    896      0.000386      0.000579     -1.434729     -1.434150      1.239218
    897      0.000454      0.000681     -1.434759     -1.434078      1.238811
    898      0.000577      0.000866     -1.434943     -1.434078      1.235765
    899      0.000805      0.001208     -1.435286     -1.434078      1.230071
    900      0.001119      0.001678     -1.435759     -1.434080      1.222174
    901      0.001534      0.002300     -1.436381     -1.434081      1.211708
    902      0.001833      0.002750     -1.436891     -1.434141      1.203005
    903      0.001757      0.002636     -1.436642     -1.434006      1.207368
    904      0.001495      0.002242     -1.436227     -1.433985      1.214457
    905      0.001295      0.001942     -1.435927     -1.433985      1.219558
    906      0.001221      0.001832     -1.435817     -1.433985      1.221427
    907      0.001276      0.001914     -1.435899     -1.433985      1.220051
    908      0.001354      0.002031     -1.435949     -1.433919      1.219262
    909      0.001371      0.002057     -1.436064     -1.434006      1.217250
    910      0.001324      0.001985     -1.436029     -1.434043      1.217752
    911      0.001224      0.001836     -1.435813     -1.433977      1.221403
    912      0.001163      0.001745     -1.435722     -1.433977      1.222904
    913      0.001205      0.001808     -1.435785     -1.433977      1.221793
    914      0.001301      0.001952     -1.435984     -1.434032      1.218358
    915      0.001372      0.002058     -1.436103     -1.434044      1.216349
    916      0.001288      0.001931     -1.435962     -1.434031      1.218784
    917      0.000998      0.001497     -1.435475     -1.433978      1.227026
    918      0.000705      0.001057     -1.435034     -1.433977      1.234404
    919      0.000541      0.000812     -1.434789     -1.433977      1.238494
    920      0.000510      0.000765     -1.434742     -1.433977      1.239272
    921      0.000550      0.000826     -1.434771     -1.433946      1.238823
    922      0.000662      0.000994     -1.434939     -1.433946      1.236045
    923      0.000866      0.001299     -1.435272     -1.433974      1.230497
    924      0.001086      0.001628     -1.435617     -1.433988      1.224755
    925      0.001354      0.002030     -1.436019     -1.433989      1.218029
    926      0.001562      0.002344     -1.436482     -1.434139      1.210114
    927      0.001729      0.002593     -1.436732     -1.434139      1.205882
    928      0.001928      0.002891     -1.437115     -1.434223      1.199257
    929      0.001988      0.002982     -1.437152     -1.434170      1.198658
    930      0.001825      0.002738     -1.436950     -1.434212      1.202068
    931      0.001575      0.002363     -1.436607     -1.434244      1.207843
    932      0.001296      0.001944     -1.436210     -1.434266      1.214506
    933      0.001017      0.001525     -1.435791     -1.434266      1.221530
    934      0.000792      0.001189     -1.435521     -1.434332      1.225954
    935      0.000625      0.000937     -1.435269     -1.434332      1.230151
    936      0.000561      0.000841     -1.435173     -1.434332      1.231720
    937      0.000543      0.000814     -1.435226     -1.434412      1.230727
    938      0.000570      0.000856     -1.435268     -1.434412      1.230053
    939      0.000657      0.000986     -1.435425     -1.434438      1.227456
    940      0.000802      0.001203     -1.435642     -1.434438      1.223880
    941      0.001048      0.001572     -1.436010     -1.434439      1.217707
    942      0.001276      0.001914     -1.436341     -1.434426      1.212222
    943      0.001322      0.001982     -1.436418     -1.434436      1.210975
    944      0.001219      0.001829     -1.436298     -1.434469      1.212948
    945      0.001155      0.001732     -1.436202     -1.434469      1.214555
    946      0.001216      0.001824     -1.436294     -1.434469      1.212949
    947      0.001254      0.001881     -1.436321     -1.434440      1.212517
    948      0.001201      0.001801     -1.436288     -1.434486      1.213077
    949      0.001054      0.001581     -1.436012     -1.434431      1.217800
    950      0.000901      0.001351     -1.435782     -1.434430      1.221683
    951      0.000900      0.001351     -1.435781     -1.434430      1.221678
    952      0.001053      0.001579     -1.436010     -1.434431      1.217784
    953      0.001262      0.001893     -1.436317     -1.434424      1.212572
    954      0.001404      0.002106     -1.436604     -1.434498      1.207669
    955      0.001549      0.002323     -1.436821     -1.434498      1.204037
    956      0.001620      0.002431     -1.436929     -1.434498      1.202239
    957      0.001455      0.002182     -1.436803     -1.434621      1.204252
    958      0.001142      0.001714     -1.436279     -1.434566      1.213090
    959      0.000847      0.001270     -1.435836     -1.434566      1.220492
    960      0.000653      0.000979     -1.435545     -1.434565      1.225295
    961      0.000563      0.000844     -1.435410     -1.434565      1.227474
    962      0.000520      0.000780     -1.435282     -1.434502      1.229653
    963      0.000466      0.000699     -1.435191     -1.434492      1.231218
    964      0.000478      0.000717     -1.435209     -1.434492      1.230985
    965      0.000621      0.000931     -1.435423     -1.434492      1.227459
    966      0.000846      0.001269     -1.435786     -1.434516      1.221421
    967      0.001044      0.001567     -1.436077     -1.434511      1.216572
    968      0.001254      0.001880     -1.436391     -1.434511      1.211319
    969      0.001560      0.002340     -1.436852     -1.434511      1.203526
    970      0.001754      0.002631     -1.437035     -1.434404      1.200474
    971      0.001660      0.002490     -1.436912     -1.434422      1.202578
    972      0.001501      0.002251     -1.436673     -1.434422      1.206661
    973      0.001346      0.002019     -1.436445     -1.434426      1.210512
    974      0.001195      0.001793     -1.436219     -1.434426      1.214279
    975      0.001017      0.001525     -1.436040     -1.434515      1.217151
    976      0.000813      0.001220     -1.435735     -1.434515      1.222275
    977      0.000713      0.001070     -1.435584     -1.434515      1.224784
    978      0.000688      0.001032     -1.435569     -1.434537      1.225013
    979      0.000758      0.001136     -1.435673     -1.434537      1.223249
    980      0.000956      0.001435     -1.435972     -1.434537      1.218220
    981      0.001175      0.001762     -1.436239     -1.434476      1.213751
    982      0.001317      0.001976     -1.436474     -1.434498      1.209724
    983      0.001465      0.002197     -1.436714     -1.434516      1.205587
    984      0.001527      0.002291     -1.436743     -1.434452      1.205127
    985      0.001327      0.001990     -1.436476     -1.434485      1.209667
    986      0.000988      0.001481     -1.435962     -1.434481      1.218350
    987      0.000714      0.001071     -1.435551     -1.434480      1.225281
    988      0.000540      0.000810     -1.435272     -1.434463      1.230005
    989      0.000447      0.000671     -1.435134     -1.434463      1.232365
    990      0.000460      0.000690     -1.435153     -1.434463      1.232079
    991      0.000578      0.000867     -1.435330     -1.434463      1.229150
    992      0.000778      0.001167     -1.435600     -1.434433      1.224691
    993      0.000981      0.001472     -1.435887     -1.434415      1.219908
    994      0.001209      0.001813     -1.436228     -1.434415      1.214163
    995      0.001505      0.002258     -1.436702     -1.434444      1.206083
    996      0.001727      0.002591     -1.436987     -1.434396      1.201304
    997      0.001840      0.002759     -1.437242     -1.434482      1.196929
    998      0.001900      0.002851     -1.437423     -1.434572      1.193771
    999      0.001850      0.002775     -1.437275     -1.434500      1.196270
   1000      0.001577      0.002366     -1.436952     -1.434585      1.201622
#
# Means      0.000675      0.001012     -1.437207     -1.436195      1.196226
