#
# MD1: a minimal molecular dynamics program
#
# abc
#  Input sample: 2
#                                (only positions read from file)
# Output sample: i2
# Number of steps:    1000, time step: 0.0030, total time:      3.0000
# Number of atoms:    32
# Box size:    3.099200    3.099200    3.099200, Volume:         29.768
# Density:    1.074982 (unchanged)
# Free evolution run.
#
#  Step   Temperature     Kinetic      Potential   Total Energy    Pressure
# -----  ------------  ------------  ------------  ------------  ------------
      1      0.000004      0.000005     -6.570024     -6.570019      2.667610
      2      0.000033      0.000049     -6.570068     -6.570019      2.667575
      3      0.000091      0.000136     -6.570155     -6.570019      2.667503
      4      0.000179      0.000268     -6.570287     -6.570019      2.667397
      5      0.000296      0.000443     -6.570462     -6.570019      2.667259
      6      0.000441      0.000662     -6.570681     -6.570019      2.667095
      7      0.000614      0.000921     -6.570940     -6.570019      2.666911
      8      0.000813      0.001219     -6.571239     -6.570020      2.666715
      9      0.001037      0.001556     -6.571575     -6.570019      2.666517
     10      0.001286      0.001928     -6.571947     -6.570019      2.666322
     11      0.001557      0.002335     -6.572354     -6.570019      2.666143
     12      0.001849      0.002774     -6.572793     -6.570019      2.665988
     13      0.002163      0.003244     -6.573263     -6.570019      2.665869
     14      0.002494      0.003741     -6.573761     -6.570020      2.665796
     15      0.002841      0.004261     -6.574281     -6.570020      2.665785
     16      0.003199      0.004799     -6.574819     -6.570021      2.665853
     17      0.003566      0.005349     -6.575370     -6.570021      2.666012
     18      0.003940      0.005909     -6.575931     -6.570021      2.666277
     19      0.004317      0.006475     -6.576496     -6.570022      2.666660
     20      0.004694      0.007041     -6.577063     -6.570022      2.667175
     21      0.005069      0.007603     -6.577626     -6.570022      2.667834
     22      0.005439      0.008159     -6.578181     -6.570022      2.668648
     23      0.005802      0.008704     -6.578727     -6.570023      2.669624
     24      0.006157      0.009235     -6.579258     -6.570023      2.670775
     25      0.006499      0.009749     -6.579773     -6.570024      2.672105
     26      0.006828      0.010243     -6.580267     -6.570024      2.673622
     27      0.007142      0.010713     -6.580737     -6.570024      2.675332
     28      0.007438      0.011158     -6.581182     -6.570024      2.677237
     29      0.007716      0.011574     -6.581599     -6.570025      2.679340
     30      0.007974      0.011961     -6.581986     -6.570025      2.681640
     31      0.008210      0.012316     -6.582340     -6.570024      2.684138
     32      0.008425      0.012638     -6.582662     -6.570024      2.686829
     33      0.008617      0.012925     -6.582950     -6.570024      2.689710
     34      0.008785      0.013178     -6.583202     -6.570024      2.692776
     35      0.008930      0.013394     -6.583419     -6.570024      2.696022
     36      0.009050      0.013575     -6.583599     -6.570024      2.699439
     37      0.009146      0.013719     -6.583743     -6.570024      2.703020
     38      0.009217      0.013826     -6.583850     -6.570024      2.706756
     39      0.009265      0.013898     -6.583921     -6.570023      2.710637
     40      0.009292      0.013937     -6.583961     -6.570024      2.714643
     41      0.009296      0.013944     -6.583967     -6.570024      2.718767
     42      0.009279      0.013918     -6.583942     -6.570024      2.722996
     43      0.009241      0.013861     -6.583885     -6.570024      2.727314
     44      0.009184      0.013777     -6.583801     -6.570024      2.731708
     45      0.009111      0.013666     -6.583691     -6.570024      2.736159
     46      0.009020      0.013530     -6.583554     -6.570024      2.740659
     47      0.008912      0.013369     -6.583393     -6.570025      2.745193
     48      0.008789      0.013184     -6.583208     -6.570024      2.749749
     49      0.008651      0.012977     -6.583001     -6.570024      2.754315
     50      0.008501      0.012752     -6.582776     -6.570024      2.758875
     51      0.008342      0.012513     -6.582536     -6.570024      2.763410
     52      0.008172      0.012257     -6.582280     -6.570022      2.767917
     53      0.007992      0.011988     -6.582011     -6.570022      2.772378
     54      0.007804      0.011705     -6.581728     -6.570022      2.776788
     55      0.007606      0.011409     -6.581432     -6.570022      2.781138
     56      0.007403      0.011105     -6.581125     -6.570020      2.785421
     57      0.007195      0.010793     -6.580813     -6.570020      2.789615
     58      0.006985      0.010477     -6.580495     -6.570018      2.793721
     59      0.006773      0.010160     -6.580177     -6.570018      2.797718
     60      0.006560      0.009839     -6.579858     -6.570019      2.801605
     61      0.006346      0.009519     -6.579537     -6.570018      2.805376
     62      0.006131      0.009197     -6.579215     -6.570018      2.809024
     63      0.005916      0.008874     -6.578893     -6.570019      2.812547
     64      0.005702      0.008553     -6.578571     -6.570018      2.815939
     65      0.005489      0.008233     -6.578251     -6.570018      2.819195
     66      0.005281      0.007921     -6.577938     -6.570017      2.822305
     67      0.005080      0.007619     -6.577637     -6.570017      2.825256
     68      0.004883      0.007325     -6.577343     -6.570018      2.828054
     69      0.004694      0.007041     -6.577060     -6.570019      2.830690
     70      0.004512      0.006768     -6.576787     -6.570019      2.833163
     71      0.004350      0.006525     -6.576535     -6.570010      2.835467
     72      0.004208      0.006312     -6.576322     -6.570009      2.837562
     73      0.004078      0.006116     -6.576122     -6.570006      2.839484
     74      0.003962      0.005943     -6.575951     -6.570008      2.841208
     75      0.003877      0.005816     -6.575834     -6.570018      2.842707
     76      0.003820      0.005729     -6.575748     -6.570018      2.844014
     77      0.003774      0.005661     -6.575681     -6.570020      2.845137
     78      0.003741      0.005611     -6.575634     -6.570023      2.846081
     79      0.003719      0.005578     -6.575601     -6.570023      2.846860
     80      0.003705      0.005557     -6.575580     -6.570023      2.847481
     81      0.003699      0.005549     -6.575572     -6.570024      2.847949
     82      0.003702      0.005553     -6.575576     -6.570023      2.848272
     83      0.003712      0.005568     -6.575592     -6.570024      2.848454
     84      0.003730      0.005595     -6.575618     -6.570023      2.848506
     85      0.003757      0.005635     -6.575659     -6.570024      2.848422
     86      0.003793      0.005690     -6.575712     -6.570022      2.848217
     87      0.003838      0.005756     -6.575775     -6.570019      2.847895
     88      0.003889      0.005833     -6.575849     -6.570016      2.847460
     89      0.003943      0.005915     -6.575931     -6.570016      2.846919
     90      0.003998      0.005997     -6.576013     -6.570017      2.846288
     91      0.004056      0.006084     -6.576106     -6.570021      2.845556
     92      0.004117      0.006176     -6.576198     -6.570021      2.844746
     93      0.004179      0.006268     -6.576289     -6.570020      2.843860
     94      0.004240      0.006360     -6.576380     -6.570020      2.842895
     95      0.004300      0.006450     -6.576470     -6.570019      2.841860
     96      0.004359      0.006539     -6.576558     -6.570019      2.840752
     97      0.004429      0.006643     -6.576653     -6.570009      2.839571
     98      0.004510      0.006765     -6.576774     -6.570009      2.838279
     99      0.004590      0.006884     -6.576894     -6.570010      2.836915
    100      0.004668      0.007002     -6.577011     -6.570010      2.835479
    101      0.004746      0.007118     -6.577129     -6.570011      2.833964
    102      0.004825      0.007238     -6.577251     -6.570013      2.832365
    103      0.004909      0.007364     -6.577374     -6.570010      2.830687
    104      0.004995      0.007492     -6.577502     -6.570010      2.828919
    105      0.005095      0.007642     -6.577667     -6.570025      2.827016
    106      0.005212      0.007817     -6.577840     -6.570023      2.825029
    107      0.005332      0.007998     -6.578020     -6.570023      2.822945
    108      0.005452      0.008179     -6.578201     -6.570023      2.820774
    109      0.005582      0.008373     -6.578391     -6.570018      2.818507
    110      0.005720      0.008581     -6.578599     -6.570018      2.816128
    111      0.005859      0.008788     -6.578807     -6.570018      2.813664
    112      0.005997      0.008995     -6.579013     -6.570018      2.811118
    113      0.006134      0.009202     -6.579220     -6.570018      2.808489
    114      0.006272      0.009407     -6.579425     -6.570018      2.805780
    115      0.006420      0.009630     -6.579649     -6.570019      2.802968
    116      0.006582      0.009873     -6.579895     -6.570023      2.800054
    117      0.006746      0.010118     -6.580141     -6.570023      2.797075
    118      0.006906      0.010358     -6.580381     -6.570023      2.794039
    119      0.007061      0.010591     -6.580614     -6.570023      2.790951
    120      0.007214      0.010821     -6.580846     -6.570025      2.787808
    121      0.007363      0.011045     -6.581070     -6.570025      2.784621
    122      0.007507      0.011261     -6.581286     -6.570025      2.781398
    123      0.007646      0.011470     -6.581495     -6.570025      2.778140
    124      0.007777      0.011666     -6.581691     -6.570025      2.774860
    125      0.007898      0.011847     -6.581872     -6.570025      2.771566
    126      0.008009      0.012014     -6.582039     -6.570025      2.768263
    127      0.008113      0.012169     -6.582194     -6.570025      2.764952
    128      0.008208      0.012313     -6.582338     -6.570026      2.761638
    129      0.008293      0.012439     -6.582465     -6.570026      2.758334
    130      0.008368      0.012552     -6.582578     -6.570026      2.755041
    131      0.008434      0.012651     -6.582677     -6.570026      2.751767
    132      0.008487      0.012731     -6.582756     -6.570025      2.748523
    133      0.008529      0.012793     -6.582819     -6.570026      2.745310
    134      0.008565      0.012847     -6.582866     -6.570020      2.742141
    135      0.008595      0.012892     -6.582909     -6.570017      2.738998
    136      0.008612      0.012918     -6.582935     -6.570017      2.735906
    137      0.008613      0.012920     -6.582936     -6.570016      2.732881
    138      0.008599      0.012899     -6.582916     -6.570017      2.729924
    139      0.008571      0.012857     -6.582873     -6.570015      2.727044
    140      0.008537      0.012805     -6.582822     -6.570017      2.724221
    141      0.008493      0.012739     -6.582756     -6.570017      2.721477
    142      0.008435      0.012652     -6.582666     -6.570014      2.718827
    143      0.008368      0.012552     -6.582573     -6.570021      2.716245
    144      0.008296      0.012444     -6.582463     -6.570019      2.713764
    145      0.008213      0.012320     -6.582338     -6.570019      2.711377
    146      0.008129      0.012193     -6.582205     -6.570012      2.709089
    147      0.008043      0.012065     -6.582077     -6.570012      2.706884
    148      0.007946      0.011918     -6.581930     -6.570012      2.704797
    149      0.007834      0.011751     -6.581763     -6.570012      2.702836
    150      0.007708      0.011563     -6.581573     -6.570011      2.701007
    151      0.007569      0.011354     -6.581365     -6.570011      2.699306
    152      0.007419      0.011129     -6.581139     -6.570011      2.697735
    153      0.007258      0.010886     -6.580897     -6.570010      2.696296
    154      0.007086      0.010628     -6.580637     -6.570008      2.694991
    155      0.006910      0.010364     -6.580379     -6.570015      2.693788
    156      0.006732      0.010098     -6.580110     -6.570012      2.692720
    157      0.006551      0.009826     -6.579840     -6.570013      2.691761
    158      0.006373      0.009560     -6.579574     -6.570014      2.690910
    159      0.006222      0.009334     -6.579352     -6.570018      2.690119
    160      0.006108      0.009162     -6.579164     -6.570002      2.689420
    161      0.006008      0.009012     -6.579009     -6.569997      2.688793
    162      0.005918      0.008877     -6.578864     -6.569986      2.688279
    163      0.005845      0.008767     -6.578757     -6.569991      2.687831
    164      0.005814      0.008721     -6.578740     -6.570020      2.687390
    165      0.005824      0.008736     -6.578760     -6.570024      2.687050
    166      0.005840      0.008760     -6.578790     -6.570031      2.686825
    167      0.005854      0.008780     -6.578810     -6.570030      2.686752
    168      0.005861      0.008792     -6.578822     -6.570030      2.686825
    169      0.005873      0.008810     -6.578843     -6.570033      2.687021
    170      0.005894      0.008841     -6.578878     -6.570037      2.687334
    171      0.005926      0.008889     -6.578929     -6.570040      2.687768
    172      0.005970      0.008955     -6.578994     -6.570039      2.688326
    173      0.006016      0.009024     -6.579068     -6.570044      2.689012
    174      0.006058      0.009088     -6.579132     -6.570045      2.689852
    175      0.006095      0.009143     -6.579186     -6.570043      2.690847
    176      0.006137      0.009205     -6.579245     -6.570040      2.691975
    177      0.006181      0.009272     -6.579311     -6.570038      2.693232
    178      0.006217      0.009325     -6.579363     -6.570038      2.694638
    179      0.006239      0.009359     -6.579397     -6.570038      2.696202
    180      0.006257      0.009385     -6.579429     -6.570044      2.697891
    181      0.006268      0.009401     -6.579445     -6.570044      2.699732
    182      0.006272      0.009407     -6.579451     -6.570044      2.701708
    183      0.006281      0.009421     -6.579465     -6.570044      2.703798
    184      0.006298      0.009448     -6.579496     -6.570048      2.705973
    185      0.006319      0.009478     -6.579530     -6.570051      2.708247
    186      0.006348      0.009522     -6.579575     -6.570053      2.710605
    187      0.006380      0.009570     -6.579623     -6.570053      2.713055
    188      0.006401      0.009602     -6.579656     -6.570054      2.715604
    189      0.006414      0.009622     -6.579677     -6.570055      2.718248
    190      0.006422      0.009633     -6.579688     -6.570055      2.720975
    191      0.006425      0.009637     -6.579692     -6.570055      2.723776
    192      0.006420      0.009630     -6.579686     -6.570055      2.726646
    193      0.006407      0.009611     -6.579666     -6.570055      2.729584
    194      0.006383      0.009575     -6.579630     -6.570055      2.732580
    195      0.006352      0.009527     -6.579582     -6.570054      2.735624
    196      0.006314      0.009471     -6.579525     -6.570054      2.738701
    197      0.006269      0.009403     -6.579456     -6.570053      2.741807
    198      0.006215      0.009322     -6.579375     -6.570053      2.744930
    199      0.006152      0.009228     -6.579280     -6.570053      2.748064
    200      0.006081      0.009121     -6.579174     -6.570053      2.751197
    201      0.006003      0.009005     -6.579057     -6.570052      2.754317
    202      0.005930      0.008895     -6.578934     -6.570039      2.757419
    203      0.005868      0.008803     -6.578842     -6.570040      2.760421
    204      0.005808      0.008711     -6.578750     -6.570039      2.763360
    205      0.005747      0.008621     -6.578659     -6.570038      2.766226
    206      0.005687      0.008531     -6.578569     -6.570038      2.769013
    207      0.005626      0.008439     -6.578476     -6.570037      2.771718
    208      0.005564      0.008346     -6.578384     -6.570037      2.774334
    209      0.005502      0.008253     -6.578291     -6.570038      2.776853
    210      0.005439      0.008159     -6.578197     -6.570038      2.779274
    211      0.005381      0.008072     -6.578111     -6.570039      2.781581
    212      0.005328      0.007992     -6.578032     -6.570040      2.783770
    213      0.005277      0.007916     -6.577954     -6.570038      2.785848
    214      0.005228      0.007842     -6.577882     -6.570039      2.787805
    215      0.005181      0.007771     -6.577812     -6.570040      2.789643
    216      0.005137      0.007706     -6.577745     -6.570039      2.791365
    217      0.005097      0.007645     -6.577686     -6.570041      2.792957
    218      0.005062      0.007594     -6.577639     -6.570046      2.794416
    219      0.005044      0.007566     -6.577614     -6.570047      2.795731
    220      0.005037      0.007555     -6.577602     -6.570048      2.796902
    221      0.005029      0.007544     -6.577591     -6.570048      2.797949
    222      0.005022      0.007533     -6.577581     -6.570048      2.798874
    223      0.005015      0.007523     -6.577571     -6.570048      2.799684
    224      0.005008      0.007512     -6.577561     -6.570049      2.800383
    225      0.005003      0.007504     -6.577552     -6.570048      2.800973
    226      0.004998      0.007497     -6.577545     -6.570048      2.801456
    227      0.004996      0.007495     -6.577550     -6.570055      2.801818
    228      0.005002      0.007503     -6.577561     -6.570058      2.802072
    229      0.005011      0.007516     -6.577570     -6.570054      2.802236
    230      0.005032      0.007548     -6.577592     -6.570044      2.802296
    231      0.005065      0.007598     -6.577642     -6.570044      2.802218
    232      0.005097      0.007646     -6.577691     -6.570045      2.802043
    233      0.005133      0.007700     -6.577746     -6.570046      2.801769
    234      0.005175      0.007762     -6.577807     -6.570045      2.801396
    235      0.005219      0.007828     -6.577873     -6.570045      2.800933
    236      0.005259      0.007889     -6.577933     -6.570044      2.800397
    237      0.005301      0.007952     -6.577997     -6.570045      2.799778
    238      0.005343      0.008015     -6.578060     -6.570045      2.799089
    239      0.005393      0.008089     -6.578129     -6.570040      2.798331
    240      0.005452      0.008178     -6.578218     -6.570040      2.797479
    241      0.005516      0.008273     -6.578312     -6.570039      2.796558
    242      0.005582      0.008373     -6.578411     -6.570038      2.795574
    243      0.005649      0.008474     -6.578514     -6.570040      2.794534
    244      0.005725      0.008588     -6.578636     -6.570049      2.793419
    245      0.005806      0.008709     -6.578759     -6.570050      2.792274
    246      0.005884      0.008827     -6.578878     -6.570052      2.791105
    247      0.005966      0.008950     -6.578998     -6.570048      2.789921
    248      0.006059      0.009089     -6.579138     -6.570049      2.788694
    249      0.006171      0.009256     -6.579294     -6.570038      2.787453
    250      0.006304      0.009456     -6.579503     -6.570047      2.786147
    251      0.006450      0.009676     -6.579725     -6.570049      2.784848
    252      0.006591      0.009886     -6.579936     -6.570049      2.783590
    253      0.006721      0.010082     -6.580133     -6.570052      2.782384
    254      0.006842      0.010262     -6.580315     -6.570053      2.781244
    255      0.006948      0.010422     -6.580475     -6.570053      2.780186
    256      0.007040      0.010559     -6.580615     -6.570056      2.779213
    257      0.007116      0.010673     -6.580733     -6.570059      2.778338
    258      0.007181      0.010771     -6.580822     -6.570051      2.777581
    259      0.007234      0.010851     -6.580905     -6.570053      2.776905
    260      0.007275      0.010912     -6.580963     -6.570050      2.776342
    261      0.007300      0.010951     -6.581002     -6.570052      2.775877
    262      0.007308      0.010962     -6.581013     -6.570051      2.775525
    263      0.007306      0.010958     -6.581006     -6.570048      2.775271
    264      0.007296      0.010944     -6.580989     -6.570045      2.775098
    265      0.007276      0.010913     -6.580953     -6.570040      2.775013
    266      0.007247      0.010870     -6.580911     -6.570041      2.774987
    267      0.007215      0.010822     -6.580866     -6.570044      2.775011
    268      0.007177      0.010765     -6.580812     -6.570047      2.775088
    269      0.007127      0.010691     -6.580737     -6.570047      2.775224
    270      0.007069      0.010603     -6.580646     -6.570043      2.775405
    271      0.007003      0.010504     -6.580547     -6.570042      2.775602
    272      0.006930      0.010396     -6.580443     -6.570047      2.775799
    273      0.006854      0.010281     -6.580328     -6.570047      2.775996
    274      0.006772      0.010158     -6.580204     -6.570047      2.776174
    275      0.006688      0.010032     -6.580080     -6.570047      2.776309
    276      0.006610      0.009915     -6.579963     -6.570048      2.776383
    277      0.006537      0.009805     -6.579853     -6.570048      2.776388
    278      0.006464      0.009696     -6.579743     -6.570047      2.776320
    279      0.006394      0.009590     -6.579638     -6.570047      2.776166
    280      0.006329      0.009493     -6.579539     -6.570046      2.775914
    281      0.006270      0.009405     -6.579451     -6.570045      2.775547
    282      0.006219      0.009329     -6.579373     -6.570045      2.775061
    283      0.006177      0.009266     -6.579311     -6.570045      2.774444
    284      0.006154      0.009231     -6.579262     -6.570031      2.773705
    285      0.006150      0.009224     -6.579256     -6.570031      2.772792
    286      0.006155      0.009233     -6.579263     -6.570030      2.771743
    287      0.006175      0.009263     -6.579295     -6.570032      2.770546
    288      0.006208      0.009311     -6.579343     -6.570032      2.769212
    289      0.006247      0.009371     -6.579403     -6.570032      2.767754
    290      0.006299      0.009448     -6.579479     -6.570031      2.766170
    291      0.006363      0.009544     -6.579576     -6.570032      2.764461
    292      0.006433      0.009649     -6.579682     -6.570032      2.762655
    293      0.006511      0.009767     -6.579804     -6.570037      2.760745
    294      0.006599      0.009898     -6.579939     -6.570041      2.758752
    295      0.006708      0.010062     -6.580111     -6.570049      2.756662
    296      0.006835      0.010252     -6.580302     -6.570050      2.754516
    297      0.006961      0.010441     -6.580490     -6.570049      2.752350
    298      0.007093      0.010640     -6.580690     -6.570050      2.750155
    299      0.007226      0.010839     -6.580889     -6.570050      2.747972
    300      0.007352      0.011028     -6.581080     -6.570052      2.745822
    301      0.007485      0.011227     -6.581281     -6.570054      2.743695
    302      0.007627      0.011441     -6.581490     -6.570050      2.741609
    303      0.007768      0.011652     -6.581704     -6.570052      2.739574
    304      0.007900      0.011850     -6.581902     -6.570052      2.737638
    305      0.008021      0.012032     -6.582079     -6.570048      2.735824
    306      0.008139      0.012209     -6.582262     -6.570053      2.734105
    307      0.008248      0.012373     -6.582425     -6.570053      2.732535
    308      0.008334      0.012501     -6.582554     -6.570053      2.731142
    309      0.008397      0.012595     -6.582649     -6.570053      2.729936
    310      0.008439      0.012658     -6.582715     -6.570057      2.728915
    311      0.008460      0.012690     -6.582747     -6.570057      2.728096
    312      0.008472      0.012708     -6.582771     -6.570063      2.727444
    313      0.008478      0.012717     -6.582781     -6.570064      2.726972
    314      0.008465      0.012697     -6.582758     -6.570061      2.726709
    315      0.008429      0.012644     -6.582705     -6.570061      2.726646
    316      0.008372      0.012558     -6.582618     -6.570060      2.726791
    317      0.008291      0.012437     -6.582497     -6.570060      2.727137
    318      0.008193      0.012289     -6.582351     -6.570062      2.727668
    319      0.008102      0.012154     -6.582211     -6.570057      2.728351
    320      0.008017      0.012025     -6.582084     -6.570058      2.729164
    321      0.007911      0.011867     -6.581925     -6.570058      2.730156
    322      0.007788      0.011683     -6.581742     -6.570060      2.731309
    323      0.007665      0.011498     -6.581563     -6.570065      2.732582
    324      0.007544      0.011316     -6.581383     -6.570067      2.733968
    325      0.007412      0.011118     -6.581187     -6.570069      2.735473
    326      0.007278      0.010918     -6.580988     -6.570071      2.737066
    327      0.007159      0.010739     -6.580804     -6.570065      2.738721
    328      0.007055      0.010583     -6.580646     -6.570063      2.740402
    329      0.006973      0.010460     -6.580517     -6.570057      2.742095
    330      0.006910      0.010365     -6.580426     -6.570061      2.743779
    331      0.006847      0.010271     -6.580333     -6.570063      2.745490
    332      0.006788      0.010182     -6.580245     -6.570063      2.747217
    333      0.006734      0.010101     -6.580166     -6.570064      2.748933
    334      0.006681      0.010021     -6.580085     -6.570064      2.750641
    335      0.006630      0.009944     -6.580010     -6.570066      2.752321
    336      0.006582      0.009873     -6.579939     -6.570066      2.753972
    337      0.006537      0.009806     -6.579872     -6.570066      2.755580
    338      0.006497      0.009745     -6.579815     -6.570070      2.757133
    339      0.006467      0.009701     -6.579776     -6.570075      2.758614
    340      0.006449      0.009673     -6.579750     -6.570077      2.760035
    341      0.006437      0.009655     -6.579734     -6.570079      2.761395
    342      0.006432      0.009648     -6.579730     -6.570081      2.762690
    343      0.006434      0.009651     -6.579730     -6.570079      2.763931
    344      0.006438      0.009657     -6.579738     -6.570082      2.765113
    345      0.006445      0.009668     -6.579752     -6.570084      2.766244
    346      0.006455      0.009683     -6.579766     -6.570084      2.767332
    347      0.006465      0.009697     -6.579783     -6.570086      2.768371
    348      0.006474      0.009712     -6.579798     -6.570086      2.769376
    349      0.006482      0.009722     -6.579808     -6.570086      2.770343
    350      0.006484      0.009726     -6.579813     -6.570087      2.771280
    351      0.006482      0.009723     -6.579810     -6.570087      2.772192
    352      0.006472      0.009709     -6.579796     -6.570087      2.773088
    353      0.006459      0.009688     -6.579775     -6.570087      2.773965
    354      0.006442      0.009663     -6.579748     -6.570085      2.774824
    355      0.006421      0.009631     -6.579717     -6.570086      2.775665
    356      0.006395      0.009593     -6.579678     -6.570086      2.776496
    357      0.006364      0.009547     -6.579630     -6.570084      2.777317
    358      0.006328      0.009491     -6.579575     -6.570084      2.778122
    359      0.006292      0.009438     -6.579527     -6.570089      2.778894
    360      0.006262      0.009393     -6.579483     -6.570090      2.779634
    361      0.006232      0.009348     -6.579441     -6.570093      2.780335
    362      0.006210      0.009315     -6.579412     -6.570097      2.780978
    363      0.006195      0.009292     -6.579390     -6.570098      2.781573
    364      0.006178      0.009267     -6.579365     -6.570098      2.782126
    365      0.006157      0.009236     -6.579333     -6.570098      2.782636
    366      0.006135      0.009202     -6.579299     -6.570097      2.783095
    367      0.006117      0.009175     -6.579268     -6.570093      2.783492
    368      0.006101      0.009152     -6.579245     -6.570093      2.783816
    369      0.006086      0.009128     -6.579219     -6.570091      2.784079
    370      0.006073      0.009110     -6.579204     -6.570094      2.784261
    371      0.006063      0.009095     -6.579189     -6.570094      2.784378
    372      0.006052      0.009078     -6.579172     -6.570094      2.784430
    373      0.006044      0.009066     -6.579159     -6.570093      2.784409
    374      0.006039      0.009058     -6.579151     -6.570093      2.784313
    375      0.006038      0.009057     -6.579151     -6.570093      2.784141
    376      0.006048      0.009071     -6.579166     -6.570094      2.783885
    377      0.006065      0.009097     -6.579194     -6.570097      2.783548
    378      0.006086      0.009128     -6.579226     -6.570097      2.783155
    379      0.006108      0.009162     -6.579262     -6.570100      2.782699
    380      0.006136      0.009204     -6.579304     -6.570100      2.782191
    381      0.006170      0.009255     -6.579360     -6.570105      2.781620
    382      0.006205      0.009307     -6.579416     -6.570108      2.781016
    383      0.006238      0.009358     -6.579464     -6.570106      2.780399
    384      0.006277      0.009415     -6.579521     -6.570106      2.779747
    385      0.006320      0.009481     -6.579584     -6.570103      2.779074
    386      0.006360      0.009540     -6.579643     -6.570103      2.778395
    387      0.006393      0.009589     -6.579695     -6.570105      2.777724
    388      0.006421      0.009631     -6.579734     -6.570103      2.777077
    389      0.006441      0.009661     -6.579764     -6.570103      2.776448
    390      0.006452      0.009679     -6.579781     -6.570103      2.775852
    391      0.006475      0.009712     -6.579791     -6.570079      2.775303
    392      0.006508      0.009761     -6.579841     -6.570079      2.774717
    393      0.006536      0.009804     -6.579882     -6.570078      2.774169
    394      0.006558      0.009837     -6.579915     -6.570078      2.773658
    395      0.006570      0.009855     -6.579932     -6.570077      2.773199
    396      0.006572      0.009858     -6.579933     -6.570075      2.772792
    397      0.006565      0.009848     -6.579920     -6.570072      2.772435
    398      0.006552      0.009829     -6.579896     -6.570067      2.772128
    399      0.006548      0.009822     -6.579900     -6.570078      2.771809
    400      0.006548      0.009822     -6.579900     -6.570078      2.771539
    401      0.006537      0.009806     -6.579883     -6.570078      2.771326
    402      0.006525      0.009787     -6.579869     -6.570081      2.771140
    403      0.006519      0.009779     -6.579863     -6.570084      2.770976
    404      0.006518      0.009777     -6.579855     -6.570078      2.770854
    405      0.006520      0.009780     -6.579851     -6.570071      2.770764
    406      0.006520      0.009779     -6.579849     -6.570070      2.770700
    407      0.006536      0.009804     -6.579862     -6.570058      2.770663
    408      0.006574      0.009861     -6.579919     -6.570058      2.770604
    409      0.006628      0.009942     -6.580011     -6.570070      2.770534
    410      0.006688      0.010032     -6.580102     -6.570070      2.770525
    411      0.006736      0.010104     -6.580172     -6.570068      2.770589
    412      0.006773      0.010160     -6.580229     -6.570069      2.770714
    413      0.006803      0.010204     -6.580271     -6.570067      2.770905
    414      0.006820      0.010230     -6.580297     -6.570067      2.771156
    415      0.006821      0.010232     -6.580297     -6.570066      2.771480
    416      0.006806      0.010209     -6.580275     -6.570065      2.771867
    417      0.006778      0.010167     -6.580232     -6.570065      2.772307
    418      0.006739      0.010108     -6.580174     -6.570066      2.772786
    419      0.006691      0.010037     -6.580103     -6.570066      2.773290
    420      0.006639      0.009958     -6.580023     -6.570065      2.773808
    421      0.006579      0.009869     -6.579934     -6.570065      2.774325
    422      0.006510      0.009765     -6.579830     -6.570065      2.774837
    423      0.006436      0.009655     -6.579720     -6.570065      2.775321
    424      0.006359      0.009539     -6.579604     -6.570065      2.775765
    425      0.006285      0.009428     -6.579495     -6.570067      2.776140
    426      0.006215      0.009323     -6.579390     -6.570067      2.776442
    427      0.006146      0.009219     -6.579284     -6.570065      2.776667
    428      0.006081      0.009121     -6.579183     -6.570062      2.776798
    429      0.006023      0.009034     -6.579094     -6.570060      2.776818
    430      0.005971      0.008957     -6.579017     -6.570060      2.776718
    431      0.005925      0.008887     -6.578950     -6.570063      2.776496
    432      0.005889      0.008833     -6.578896     -6.570063      2.776144
    433      0.005865      0.008797     -6.578865     -6.570068      2.775642
    434      0.005848      0.008771     -6.578840     -6.570068      2.775020
    435      0.005835      0.008752     -6.578820     -6.570068      2.774275
    436      0.005828      0.008742     -6.578810     -6.570068      2.773401
    437      0.005830      0.008746     -6.578812     -6.570067      2.772400
    438      0.005839      0.008758     -6.578824     -6.570066      2.771276
    439      0.005853      0.008779     -6.578849     -6.570070      2.770027
    440      0.005872      0.008809     -6.578878     -6.570070      2.768677
    441      0.005893      0.008840     -6.578908     -6.570068      2.767235
    442      0.005919      0.008878     -6.578943     -6.570065      2.765706
    443      0.005949      0.008924     -6.578986     -6.570062      2.764089
    444      0.005980      0.008970     -6.579033     -6.570062      2.762400
    445      0.006012      0.009018     -6.579084     -6.570066      2.760646
    446      0.006045      0.009068     -6.579133     -6.570065      2.758851
    447      0.006076      0.009114     -6.579179     -6.570065      2.757025
    448      0.006104      0.009156     -6.579222     -6.570066      2.755177
    449      0.006128      0.009192     -6.579258     -6.570066      2.753323
    450      0.006146      0.009220     -6.579286     -6.570066      2.751477
    451      0.006157      0.009235     -6.579301     -6.570066      2.749652
    452      0.006180      0.009270     -6.579337     -6.570067      2.747817
    453      0.006220      0.009330     -6.579394     -6.570063      2.745983
    454      0.006255      0.009383     -6.579447     -6.570064      2.744178
    455      0.006284      0.009425     -6.579487     -6.570061      2.742430
    456      0.006320      0.009479     -6.579540     -6.570060      2.740715
    457      0.006363      0.009544     -6.579602     -6.570058      2.739053
    458      0.006400      0.009601     -6.579655     -6.570054      2.737467
    459      0.006440      0.009661     -6.579723     -6.570062      2.735930
    460      0.006497      0.009745     -6.579811     -6.570066      2.734452
    461      0.006563      0.009844     -6.579911     -6.570067      2.733041
    462      0.006622      0.009932     -6.579999     -6.570066      2.731729
    463      0.006689      0.010033     -6.580123     -6.570090      2.730447
    464      0.006766      0.010148     -6.580239     -6.570090      2.729278
    465      0.006828      0.010243     -6.580333     -6.570090      2.728227
    466      0.006874      0.010311     -6.580402     -6.570090      2.727303
    467      0.006902      0.010353     -6.580444     -6.570090      2.726511
    468      0.006920      0.010380     -6.580464     -6.570084      2.725849
    469      0.006939      0.010408     -6.580496     -6.570088      2.725261
    470      0.006961      0.010442     -6.580521     -6.570079      2.724791
    471      0.006985      0.010477     -6.580558     -6.570081      2.724395
    472      0.007013      0.010520     -6.580608     -6.570089      2.724074
    473      0.007066      0.010598     -6.580683     -6.570085      2.723827
    474      0.007130      0.010696     -6.580780     -6.570084      2.723646
    475      0.007186      0.010780     -6.580865     -6.570085      2.723572
    476      0.007235      0.010853     -6.580932     -6.570079      2.723619
    477      0.007291      0.010937     -6.581025     -6.570088      2.723718
    478      0.007353      0.011029     -6.581114     -6.570085      2.723927
    479      0.007409      0.011114     -6.581201     -6.570086      2.724228
    480      0.007458      0.011188     -6.581278     -6.570090      2.724634
    481      0.007500      0.011250     -6.581345     -6.570095      2.725151
    482      0.007543      0.011315     -6.581409     -6.570094      2.725768
    483      0.007582      0.011373     -6.581468     -6.570094      2.726482
    484      0.007613      0.011420     -6.581515     -6.570095      2.727301
    485      0.007640      0.011461     -6.581557     -6.570097      2.728211
    486      0.007661      0.011491     -6.581586     -6.570095      2.729227
    487      0.007671      0.011507     -6.581599     -6.570092      2.730347
    488      0.007668      0.011502     -6.581594     -6.570092      2.731567
    489      0.007652      0.011478     -6.581570     -6.570092      2.732889
    490      0.007632      0.011448     -6.581542     -6.570093      2.734290
    491      0.007614      0.011420     -6.581513     -6.570092      2.735763
    492      0.007589      0.011384     -6.581478     -6.570094      2.737307
    493      0.007550      0.011325     -6.581419     -6.570094      2.738948
    494      0.007495      0.011242     -6.581336     -6.570094      2.740679
    495      0.007424      0.011136     -6.581230     -6.570094      2.742493
    496      0.007346      0.011019     -6.581116     -6.570097      2.744366
    497      0.007265      0.010897     -6.580995     -6.570098      2.746287
    498      0.007175      0.010762     -6.580860     -6.570098      2.748256
    499      0.007087      0.010631     -6.580735     -6.570104      2.750236
    500      0.007003      0.010504     -6.580607     -6.570103      2.752246
    501      0.006910      0.010365     -6.580469     -6.570103      2.754276
    502      0.006813      0.010219     -6.580323     -6.570104      2.756315
    503      0.006718      0.010076     -6.580175     -6.570098      2.758357
    504      0.006621      0.009932     -6.580030     -6.570098      2.760377
    505      0.006518      0.009778     -6.579876     -6.570098      2.762389
    506      0.006414      0.009621     -6.579720     -6.570099      2.764376
    507      0.006312      0.009468     -6.579568     -6.570100      2.766322
    508      0.006219      0.009329     -6.579428     -6.570099      2.768214
    509      0.006136      0.009204     -6.579306     -6.570102      2.770032
    510      0.006058      0.009086     -6.579191     -6.570105      2.771788
    511      0.005983      0.008974     -6.579077     -6.570103      2.773487
    512      0.005908      0.008861     -6.578965     -6.570103      2.775121
    513      0.005831      0.008747     -6.578850     -6.570103      2.776689
    514      0.005755      0.008633     -6.578736     -6.570104      2.778184
    515      0.005682      0.008522     -6.578625     -6.570103      2.779601
    516      0.005609      0.008414     -6.578517     -6.570103      2.780934
    517      0.005538      0.008308     -6.578410     -6.570103      2.782182
    518      0.005472      0.008207     -6.578307     -6.570100      2.783342
    519      0.005414      0.008121     -6.578221     -6.570100      2.784390
    520      0.005364      0.008046     -6.578146     -6.570100      2.785330
    521      0.005319      0.007978     -6.578078     -6.570100      2.786171
    522      0.005277      0.007915     -6.578014     -6.570100      2.786909
    523      0.005238      0.007857     -6.577957     -6.570100      2.787545
    524      0.005205      0.007808     -6.577907     -6.570099      2.788074
    525      0.005180      0.007769     -6.577866     -6.570096      2.788497
    526      0.005163      0.007744     -6.577841     -6.570097      2.788798
    527      0.005152      0.007727     -6.577824     -6.570097      2.788994
    528      0.005146      0.007719     -6.577815     -6.570097      2.789084
    529      0.005144      0.007717     -6.577813     -6.570097      2.789072
    530      0.005151      0.007727     -6.577825     -6.570098      2.788949
    531      0.005169      0.007754     -6.577850     -6.570096      2.788721
    532      0.005197      0.007796     -6.577895     -6.570100      2.788374
    533      0.005233      0.007850     -6.577947     -6.570098      2.787936
    534      0.005277      0.007916     -6.578013     -6.570097      2.787400
    535      0.005329      0.007993     -6.578090     -6.570096      2.786773
    536      0.005389      0.008084     -6.578179     -6.570095      2.786057
    537      0.005458      0.008186     -6.578283     -6.570096      2.785257
    538      0.005534      0.008300     -6.578393     -6.570093      2.784392
    539      0.005628      0.008442     -6.578548     -6.570107      2.783412
    540      0.005733      0.008600     -6.578707     -6.570108      2.782394
    541      0.005842      0.008763     -6.578879     -6.570115      2.781322
    542      0.005971      0.008957     -6.579054     -6.570097      2.780244
    543      0.006130      0.009195     -6.579303     -6.570108      2.779051
    544      0.006306      0.009460     -6.579571     -6.570111      2.777840
    545      0.006480      0.009720     -6.579831     -6.570111      2.776650
    546      0.006648      0.009972     -6.580084     -6.570112      2.775492
    547      0.006812      0.010218     -6.580335     -6.570117      2.774367
    548      0.006965      0.010448     -6.580565     -6.570117      2.773320
    549      0.007107      0.010660     -6.580777     -6.570117      2.772357
    550      0.007238      0.010858     -6.580976     -6.570118      2.771476
    551      0.007358      0.011037     -6.581151     -6.570113      2.770706
    552      0.007458      0.011187     -6.581300     -6.570114      2.770046
    553      0.007541      0.011311     -6.581432     -6.570121      2.769491
    554      0.007609      0.011413     -6.581536     -6.570123      2.769065
    555      0.007656      0.011484     -6.581606     -6.570122      2.768774
    556      0.007680      0.011519     -6.581641     -6.570122      2.768617
    557      0.007682      0.011523     -6.581642     -6.570119      2.768592
    558      0.007672      0.011509     -6.581622     -6.570113      2.768677
    559      0.007651      0.011477     -6.581593     -6.570116      2.768841
    560      0.007613      0.011420     -6.581535     -6.570115      2.769112
    561      0.007572      0.011359     -6.581465     -6.570106      2.769467
    562      0.007531      0.011297     -6.581402     -6.570105      2.769857
    563      0.007477      0.011216     -6.581325     -6.570109      2.770298
    564      0.007417      0.011126     -6.581240     -6.570114      2.770775
    565      0.007352      0.011028     -6.581139     -6.570111      2.771295
    566      0.007282      0.010923     -6.581030     -6.570107      2.771835
    567      0.007213      0.010819     -6.580925     -6.570106      2.772365
    568      0.007139      0.010708     -6.580814     -6.570106      2.772891
    569      0.007057      0.010586     -6.580692     -6.570106      2.773413
    570      0.006970      0.010455     -6.580561     -6.570107      2.773919
    571      0.006877      0.010316     -6.580424     -6.570107      2.774397
    572      0.006782      0.010173     -6.580281     -6.570107      2.774839
    573      0.006683      0.010025     -6.580132     -6.570107      2.775236
    574      0.006582      0.009874     -6.579981     -6.570107      2.775580
    575      0.006483      0.009724     -6.579829     -6.570105      2.775863
    576      0.006389      0.009583     -6.579686     -6.570103      2.776067
    577      0.006300      0.009450     -6.579553     -6.570103      2.776184
    578      0.006219      0.009328     -6.579429     -6.570101      2.776217
    579      0.006145      0.009217     -6.579317     -6.570100      2.776158
    580      0.006076      0.009113     -6.579212     -6.570099      2.776014
    581      0.006010      0.009015     -6.579114     -6.570099      2.775787
    582      0.005949      0.008924     -6.579026     -6.570102      2.775469
    583      0.005897      0.008846     -6.578946     -6.570100      2.775074
    584      0.005855      0.008782     -6.578881     -6.570099      2.774588
    585      0.005827      0.008741     -6.578841     -6.570100      2.774002
    586      0.005814      0.008721     -6.578820     -6.570099      2.773332
    587      0.005803      0.008705     -6.578804     -6.570099      2.772590
    588      0.005796      0.008694     -6.578793     -6.570100      2.771783
    589      0.005793      0.008689     -6.578787     -6.570098      2.770917
    590      0.005794      0.008690     -6.578788     -6.570098      2.769989
    591      0.005797      0.008696     -6.578792     -6.570096      2.769011
    592      0.005815      0.008723     -6.578812     -6.570090      2.767971
    593      0.005845      0.008768     -6.578858     -6.570090      2.766856
    594      0.005884      0.008826     -6.578915     -6.570089      2.765687
    595      0.005934      0.008900     -6.578994     -6.570094      2.764452
    596      0.005985      0.008978     -6.579072     -6.570094      2.763190
    597      0.006038      0.009057     -6.579149     -6.570092      2.761904
    598      0.006093      0.009140     -6.579234     -6.570094      2.760580
    599      0.006151      0.009226     -6.579319     -6.570093      2.759235
    600      0.006213      0.009319     -6.579413     -6.570094      2.757857
    601      0.006285      0.009427     -6.579518     -6.570091      2.756455
    602      0.006364      0.009546     -6.579637     -6.570091      2.755024
    603      0.006447      0.009670     -6.579763     -6.570093      2.753578
    604      0.006534      0.009801     -6.579895     -6.570094      2.752123
    605      0.006622      0.009932     -6.580028     -6.570095      2.750673
    606      0.006724      0.010085     -6.580180     -6.570094      2.749217
    607      0.006838      0.010257     -6.580354     -6.570098      2.747765
    608      0.006949      0.010423     -6.580517     -6.570094      2.746373
    609      0.007061      0.010592     -6.580686     -6.570094      2.745011
    610      0.007173      0.010760     -6.580857     -6.570097      2.743696
    611      0.007275      0.010912     -6.581010     -6.570098      2.742471
    612      0.007364      0.011046     -6.581146     -6.570100      2.741340
    613      0.007448      0.011171     -6.581276     -6.570105      2.740299
    614      0.007529      0.011293     -6.581400     -6.570107      2.739355
    615      0.007597      0.011396     -6.581503     -6.570107      2.738540
    616      0.007645      0.011467     -6.581574     -6.570107      2.737875
    617      0.007679      0.011518     -6.581623     -6.570106      2.737353
    618      0.007705      0.011557     -6.581663     -6.570106      2.736965
    619      0.007722      0.011582     -6.581685     -6.570103      2.736730
    620      0.007720      0.011580     -6.581682     -6.570103      2.736654
    621      0.007691      0.011537     -6.581640     -6.570103      2.736765
    622      0.007638      0.011457     -6.581560     -6.570103      2.737059
    623      0.007562      0.011343     -6.581446     -6.570103      2.737530
    624      0.007465      0.011197     -6.581298     -6.570101      2.738173
    625      0.007354      0.011030     -6.581127     -6.570097      2.738971
    626      0.007226      0.010840     -6.580937     -6.570097      2.739907
    627      0.007094      0.010641     -6.580725     -6.570084      2.740989
    628      0.006960      0.010439     -6.580524     -6.570084      2.742155
    629      0.006813      0.010219     -6.580307     -6.570088      2.743425
    630      0.006657      0.009986     -6.580074     -6.570088      2.744791
    631      0.006493      0.009739     -6.579827     -6.570088      2.746235
    632      0.006328      0.009492     -6.579596     -6.570104      2.747697
    633      0.006168      0.009252     -6.579355     -6.570103      2.749216
    634      0.006008      0.009013     -6.579120     -6.570107      2.750739
    635      0.005865      0.008797     -6.578897     -6.570100      2.752258
    636      0.005734      0.008601     -6.578703     -6.570101      2.753725
    637      0.005609      0.008413     -6.578512     -6.570099      2.755161
    638      0.005495      0.008242     -6.578345     -6.570103      2.756517
    639      0.005391      0.008086     -6.578189     -6.570103      2.757807
    640      0.005306      0.007959     -6.578070     -6.570111      2.758981
    641      0.005247      0.007870     -6.577984     -6.570114      2.760037
    642      0.005203      0.007804     -6.577918     -6.570114      2.760978
    643      0.005169      0.007753     -6.577867     -6.570114      2.761807
    644      0.005148      0.007722     -6.577835     -6.570113      2.762511
    645      0.005140      0.007710     -6.577823     -6.570114      2.763083
    646      0.005143      0.007714     -6.577828     -6.570114      2.763523
    647      0.005170      0.007755     -6.577887     -6.570132      2.763776
    648      0.005223      0.007834     -6.577967     -6.570133      2.763898
    649      0.005289      0.007934     -6.578069     -6.570135      2.763876
    650      0.005370      0.008056     -6.578194     -6.570138      2.763713
    651      0.005462      0.008193     -6.578331     -6.570139      2.763430
    652      0.005568      0.008352     -6.578492     -6.570140      2.763017
    653      0.005690      0.008536     -6.578675     -6.570139      2.762483
    654      0.005821      0.008731     -6.578870     -6.570138      2.761846
    655      0.005962      0.008943     -6.579079     -6.570136      2.761112
    656      0.006112      0.009168     -6.579304     -6.570135      2.760290
    657      0.006266      0.009398     -6.579533     -6.570135      2.759408
    658      0.006425      0.009638     -6.579776     -6.570138      2.758463
    659      0.006603      0.009904     -6.580057     -6.570153      2.757440
    660      0.006786      0.010179     -6.580332     -6.570153      2.756428
    661      0.006958      0.010437     -6.580589     -6.570152      2.755447
    662      0.007123      0.010685     -6.580837     -6.570152      2.754495
    663      0.007283      0.010925     -6.581072     -6.570147      2.753597
    664      0.007437      0.011155     -6.581294     -6.570138      2.752762
    665      0.007585      0.011377     -6.581511     -6.570134      2.751986
    666      0.007723      0.011585     -6.581720     -6.570136      2.751284
    667      0.007844      0.011765     -6.581900     -6.570135      2.750702
    668      0.007941      0.011912     -6.582048     -6.570137      2.750249
    669      0.008017      0.012026     -6.582160     -6.570135      2.749942
    670      0.008078      0.012117     -6.582260     -6.570142      2.749747
    671      0.008128      0.012192     -6.582330     -6.570137      2.749708
    672      0.008159      0.012239     -6.582377     -6.570138      2.749806
    673      0.008167      0.012251     -6.582390     -6.570139      2.750062
    674      0.008156      0.012235     -6.582374     -6.570139      2.750467
    675      0.008123      0.012185     -6.582325     -6.570140      2.751026
    676      0.008087      0.012131     -6.582255     -6.570124      2.751735
    677      0.008053      0.012079     -6.582203     -6.570124      2.752523
    678      0.008002      0.012003     -6.582127     -6.570124      2.753439
    679      0.007936      0.011904     -6.582024     -6.570119      2.754482
    680      0.007855      0.011782     -6.581901     -6.570120      2.755628
    681      0.007762      0.011644     -6.581756     -6.570113      2.756883
    682      0.007664      0.011497     -6.581609     -6.570112      2.758199
    683      0.007553      0.011330     -6.581442     -6.570112      2.759591
    684      0.007429      0.011144     -6.581257     -6.570114      2.761048
    685      0.007295      0.010942     -6.581057     -6.570114      2.762558
    686      0.007151      0.010727     -6.580840     -6.570113      2.764112
    687      0.007004      0.010506     -6.580620     -6.570114      2.765678
    688      0.006857      0.010286     -6.580402     -6.570116      2.767241
    689      0.006711      0.010066     -6.580184     -6.570117      2.768794
    690      0.006565      0.009847     -6.579964     -6.570117      2.770330
    691      0.006417      0.009625     -6.579742     -6.570117      2.771840
    692      0.006298      0.009448     -6.579562     -6.570114      2.773266
    693      0.006210      0.009315     -6.579428     -6.570113      2.774601
    694      0.006124      0.009186     -6.579298     -6.570112      2.775887
    695      0.006040      0.009061     -6.579172     -6.570111      2.777123
    696      0.005961      0.008942     -6.579052     -6.570110      2.778295
    697      0.005892      0.008839     -6.578948     -6.570109      2.779392
    698      0.005832      0.008748     -6.578857     -6.570109      2.780415
    699      0.005776      0.008663     -6.578774     -6.570111      2.781370
    700      0.005735      0.008603     -6.578713     -6.570110      2.782238
    701      0.005708      0.008562     -6.578672     -6.570110      2.783019
    702      0.005682      0.008523     -6.578633     -6.570110      2.783735
    703      0.005661      0.008492     -6.578603     -6.570111      2.784377
    704      0.005646      0.008469     -6.578580     -6.570111      2.784950
    705      0.005632      0.008448     -6.578559     -6.570111      2.785460
    706      0.005623      0.008434     -6.578547     -6.570112      2.785898
    707      0.005618      0.008427     -6.578542     -6.570114      2.786266
    708      0.005616      0.008423     -6.578538     -6.570114      2.786577
    709      0.005616      0.008424     -6.578538     -6.570114      2.786824
    710      0.005620      0.008430     -6.578544     -6.570114      2.787006
    711      0.005625      0.008437     -6.578552     -6.570115      2.787128
    712      0.005637      0.008455     -6.578568     -6.570113      2.787181
    713      0.005658      0.008487     -6.578599     -6.570112      2.787155
    714      0.005682      0.008523     -6.578635     -6.570112      2.787061
    715      0.005707      0.008560     -6.578673     -6.570112      2.786904
    716      0.005735      0.008602     -6.578713     -6.570111      2.786682
    717      0.005767      0.008651     -6.578761     -6.570110      2.786386
    718      0.005812      0.008718     -6.578826     -6.570108      2.786003
    719      0.005866      0.008798     -6.578907     -6.570109      2.785533
    720      0.005926      0.008890     -6.578996     -6.570107      2.784986
    721      0.005995      0.008992     -6.579099     -6.570107      2.784354
    722      0.006067      0.009100     -6.579207     -6.570107      2.783649
    723      0.006142      0.009213     -6.579321     -6.570108      2.782871
    724      0.006221      0.009331     -6.579439     -6.570108      2.782025
    725      0.006303      0.009455     -6.579561     -6.570106      2.781117
    726      0.006393      0.009589     -6.579690     -6.570101      2.780146
    727      0.006489      0.009733     -6.579831     -6.570098      2.779110
    728      0.006588      0.009882     -6.579980     -6.570098      2.778020
    729      0.006690      0.010035     -6.580136     -6.570101      2.776884
    730      0.006790      0.010185     -6.580286     -6.570101      2.775727
    731      0.006885      0.010328     -6.580428     -6.570100      2.774562
    732      0.006977      0.010465     -6.580564     -6.570099      2.773390
    733      0.007063      0.010595     -6.580695     -6.570100      2.772218
    734      0.007145      0.010718     -6.580817     -6.570100      2.771063
    735      0.007221      0.010831     -6.580934     -6.570103      2.769926
    736      0.007287      0.010930     -6.581031     -6.570101      2.768842
    737      0.007338      0.011008     -6.581109     -6.570101      2.767815
    738      0.007399      0.011098     -6.581224     -6.570126      2.766773
    739      0.007470      0.011204     -6.581329     -6.570125      2.765813
    740      0.007524      0.011286     -6.581409     -6.570123      2.764937
    741      0.007561      0.011342     -6.581467     -6.570125      2.764147
    742      0.007581      0.011372     -6.581495     -6.570123      2.763464
    743      0.007583      0.011375     -6.581501     -6.570126      2.762874
    744      0.007566      0.011348     -6.581474     -6.570126      2.762398
    745      0.007531      0.011296     -6.581420     -6.570124      2.762030
    746      0.007480      0.011220     -6.581345     -6.570125      2.761757
    747      0.007416      0.011124     -6.581244     -6.570120      2.761588
    748      0.007344      0.011015     -6.581133     -6.570118      2.761492
    749      0.007260      0.010891     -6.581010     -6.570119      2.761466
    750      0.007160      0.010740     -6.580860     -6.570119      2.761530
    751      0.007053      0.010580     -6.580699     -6.570119      2.761652
    752      0.006947      0.010421     -6.580535     -6.570114      2.761815
    753      0.006838      0.010257     -6.580374     -6.570116      2.761995
    754      0.006726      0.010090     -6.580210     -6.570121      2.762194
    755      0.006613      0.009919     -6.580040     -6.570121      2.762414
    756      0.006496      0.009744     -6.579865     -6.570121      2.762642
    757      0.006375      0.009563     -6.579684     -6.570121      2.762870
    758      0.006252      0.009378     -6.579499     -6.570121      2.763086
    759      0.006128      0.009192     -6.579312     -6.570120      2.763276
    760      0.006009      0.009013     -6.579131     -6.570118      2.763425
    761      0.005895      0.008842     -6.578960     -6.570118      2.763515
    762      0.005793      0.008690     -6.578797     -6.570107      2.763551
    763      0.005706      0.008558     -6.578667     -6.570108      2.763482
    764      0.005628      0.008441     -6.578550     -6.570109      2.763335
    765      0.005581      0.008371     -6.578458     -6.570088      2.763108
    766      0.005570      0.008356     -6.578432     -6.570076      2.762738
    767      0.005576      0.008365     -6.578443     -6.570078      2.762252
    768      0.005591      0.008387     -6.578465     -6.570078      2.761696
    769      0.005613      0.008420     -6.578496     -6.570076      2.761074
    770      0.005644      0.008466     -6.578547     -6.570081      2.760373
    771      0.005683      0.008524     -6.578605     -6.570081      2.759622
    772      0.005725      0.008588     -6.578668     -6.570081      2.758829
    773      0.005774      0.008662     -6.578733     -6.570071      2.758014
    774      0.005837      0.008755     -6.578826     -6.570071      2.757138
    775      0.005928      0.008892     -6.578983     -6.570091      2.756160
    776      0.006041      0.009062     -6.579153     -6.570091      2.755176
    777      0.006153      0.009229     -6.579319     -6.570090      2.754207
    778      0.006262      0.009393     -6.579485     -6.570092      2.753249
    779      0.006370      0.009555     -6.579642     -6.570087      2.752332
    780      0.006476      0.009715     -6.579801     -6.570086      2.751444
    781      0.006575      0.009863     -6.579948     -6.570086      2.750614
    782      0.006661      0.009991     -6.580077     -6.570086      2.749859
    783      0.006733      0.010099     -6.580183     -6.570084      2.749189
    784      0.006794      0.010191     -6.580272     -6.570081      2.748603
    785      0.006849      0.010273     -6.580353     -6.570080      2.748086
    786      0.006892      0.010338     -6.580419     -6.570080      2.747656
    787      0.006918      0.010377     -6.580458     -6.570080      2.747328
    788      0.006932      0.010398     -6.580477     -6.570078      2.747094
    789      0.006936      0.010403     -6.580483     -6.570080      2.746939
    790      0.006925      0.010388     -6.580465     -6.570077      2.746884
    791      0.006905      0.010357     -6.580439     -6.570082      2.746894
    792      0.006871      0.010306     -6.580388     -6.570082      2.746998
    793      0.006821      0.010231     -6.580313     -6.570082      2.747185
    794      0.006762      0.010143     -6.580222     -6.570079      2.747441
    795      0.006702      0.010053     -6.580138     -6.570085      2.747721
    796      0.006635      0.009953     -6.580038     -6.570085      2.748059
    797      0.006561      0.009841     -6.579924     -6.570083      2.748444
    798      0.006483      0.009725     -6.579808     -6.570083      2.748849
    799      0.006400      0.009600     -6.579683     -6.570083      2.749286
    800      0.006309      0.009463     -6.579546     -6.570082      2.749753
    801      0.006211      0.009317     -6.579400     -6.570082      2.750234
    802      0.006108      0.009162     -6.579244     -6.570082      2.750724
    803      0.005998      0.008997     -6.579079     -6.570082      2.751214
    804      0.005885      0.008827     -6.578908     -6.570081      2.751692
    805      0.005772      0.008658     -6.578737     -6.570079      2.752147
    806      0.005663      0.008494     -6.578573     -6.570079      2.752558
    807      0.005558      0.008336     -6.578414     -6.570077      2.752925
    808      0.005461      0.008191     -6.578271     -6.570080      2.753224
    809      0.005373      0.008060     -6.578139     -6.570080      2.753460
    810      0.005308      0.007963     -6.578057     -6.570094      2.753581
    811      0.005269      0.007903     -6.577990     -6.570087      2.753642
    812      0.005253      0.007880     -6.577949     -6.570069      2.753627
    813      0.005267      0.007901     -6.577974     -6.570074      2.753457
    814      0.005297      0.007945     -6.578019     -6.570074      2.753205
    815      0.005334      0.008001     -6.578078     -6.570078      2.752874
    816      0.005386      0.008079     -6.578157     -6.570078      2.752472
    817      0.005450      0.008175     -6.578253     -6.570078      2.752004
    818      0.005520      0.008279     -6.578354     -6.570075      2.751492
    819      0.005596      0.008393     -6.578468     -6.570074      2.750929
    820      0.005678      0.008517     -6.578587     -6.570070      2.750334
    821      0.005767      0.008650     -6.578717     -6.570067      2.749704
    822      0.005857      0.008785     -6.578851     -6.570066      2.749059
    823      0.005950      0.008925     -6.578991     -6.570066      2.748407
    824      0.006043      0.009064     -6.579130     -6.570066      2.747766
    825      0.006129      0.009194     -6.579259     -6.570065      2.747159
    826      0.006219      0.009328     -6.579393     -6.570065      2.746576
    827      0.006313      0.009470     -6.579534     -6.570064      2.746025
    828      0.006402      0.009603     -6.579664     -6.570061      2.745533
    829      0.006482      0.009723     -6.579786     -6.570063      2.745098
    830      0.006553      0.009830     -6.579894     -6.570064      2.744739
    831      0.006622      0.009933     -6.579994     -6.570061      2.744456
    832      0.006685      0.010027     -6.580087     -6.570060      2.744244
    833      0.006736      0.010104     -6.580159     -6.570055      2.744131
    834      0.006776      0.010165     -6.580221     -6.570056      2.744095
    835      0.006817      0.010225     -6.580294     -6.570069      2.744110
    836      0.006856      0.010284     -6.580352     -6.570069      2.744227
    837      0.006888      0.010333     -6.580415     -6.570082      2.744408
    838      0.006914      0.010371     -6.580453     -6.570082      2.744698
    839      0.006926      0.010389     -6.580471     -6.570082      2.745080
    840      0.006929      0.010394     -6.580477     -6.570083      2.745537
    841      0.006934      0.010401     -6.580494     -6.570093      2.746031
    842      0.006940      0.010409     -6.580504     -6.570094      2.746591
    843      0.006934      0.010401     -6.580495     -6.570094      2.747216
    844      0.006919      0.010379     -6.580470     -6.570091      2.747900
    845      0.006905      0.010357     -6.580449     -6.570092      2.748602
    846      0.006898      0.010347     -6.580435     -6.570088      2.749321
    847      0.006891      0.010337     -6.580425     -6.570088      2.750049
    848      0.006880      0.010320     -6.580409     -6.570089      2.750796
    849      0.006864      0.010297     -6.580386     -6.570090      2.751559
    850      0.006852      0.010278     -6.580365     -6.570088      2.752325
    851      0.006858      0.010286     -6.580371     -6.570085      2.753056
    852      0.006877      0.010315     -6.580395     -6.570080      2.753759
    853      0.006896      0.010344     -6.580425     -6.570081      2.754441
    854      0.006914      0.010371     -6.580454     -6.570083      2.755115
    855      0.006933      0.010400     -6.580483     -6.570083      2.755779
    856      0.006952      0.010427     -6.580511     -6.570083      2.756438
    857      0.006971      0.010456     -6.580544     -6.570088      2.757076
    858      0.006992      0.010488     -6.580577     -6.570089      2.757716
    859      0.007011      0.010516     -6.580603     -6.570086      2.758364
    860      0.007028      0.010541     -6.580625     -6.570083      2.759021
    861      0.007040      0.010561     -6.580643     -6.570082      2.759688
    862      0.007048      0.010573     -6.580652     -6.570080      2.760376
    863      0.007052      0.010579     -6.580656     -6.570077      2.761085
    864      0.007052      0.010578     -6.580658     -6.570080      2.761807
    865      0.007049      0.010574     -6.580651     -6.570077      2.762564
    866      0.007044      0.010566     -6.580639     -6.570073      2.763355
    867      0.007031      0.010547     -6.580620     -6.570073      2.764176
    868      0.007007      0.010511     -6.580584     -6.570073      2.765048
    869      0.006975      0.010463     -6.580530     -6.570067      2.765978
    870      0.006935      0.010402     -6.580469     -6.570067      2.766942
    871      0.006881      0.010322     -6.580389     -6.570067      2.767961
    872      0.006818      0.010227     -6.580294     -6.570067      2.769028
    873      0.006748      0.010122     -6.580185     -6.570062      2.770144
    874      0.006672      0.010008     -6.580070     -6.570062      2.771286
    875      0.006585      0.009878     -6.579940     -6.570062      2.772471
    876      0.006496      0.009745     -6.579792     -6.570047      2.773707
    877      0.006408      0.009611     -6.579658     -6.570047      2.774926
    878      0.006310      0.009465     -6.579512     -6.570047      2.776162
    879      0.006205      0.009308     -6.579355     -6.570047      2.777404
    880      0.006097      0.009146     -6.579191     -6.570045      2.778647
    881      0.005986      0.008978     -6.579024     -6.570046      2.779872
    882      0.005875      0.008812     -6.578855     -6.570043      2.781077
    883      0.005782      0.008674     -6.578729     -6.570055      2.782190
    884      0.005708      0.008562     -6.578617     -6.570055      2.783251
    885      0.005634      0.008450     -6.578505     -6.570055      2.784266
    886      0.005567      0.008350     -6.578408     -6.570057      2.785208
    887      0.005509      0.008264     -6.578322     -6.570058      2.786080
    888      0.005458      0.008187     -6.578245     -6.570057      2.786876
    889      0.005415      0.008123     -6.578183     -6.570060      2.787584
    890      0.005375      0.008062     -6.578122     -6.570060      2.788222
    891      0.005341      0.008012     -6.578068     -6.570056      2.788781
    892      0.005316      0.007973     -6.578031     -6.570058      2.789237
    893      0.005299      0.007949     -6.578001     -6.570052      2.789609
    894      0.005308      0.007962     -6.577998     -6.570036      2.789872
    895      0.005341      0.008012     -6.578043     -6.570031      2.789989
    896      0.005385      0.008077     -6.578112     -6.570034      2.789986
    897      0.005432      0.008149     -6.578183     -6.570035      2.789899
    898      0.005482      0.008222     -6.578256     -6.570034      2.789728
    899      0.005532      0.008298     -6.578331     -6.570033      2.789471
    900      0.005582      0.008372     -6.578406     -6.570033      2.789130
    901      0.005630      0.008445     -6.578478     -6.570033      2.788708
    902      0.005677      0.008516     -6.578549     -6.570033      2.788205
    903      0.005724      0.008586     -6.578619     -6.570033      2.787617
    904      0.005772      0.008659     -6.578693     -6.570034      2.786940
    905      0.005822      0.008732     -6.578766     -6.570034      2.786184
    906      0.005872      0.008808     -6.578843     -6.570035      2.785342
    907      0.005927      0.008890     -6.578928     -6.570038      2.784411
    908      0.005983      0.008974     -6.579012     -6.570038      2.783405
    909      0.006038      0.009057     -6.579095     -6.570038      2.782326
    910      0.006093      0.009140     -6.579178     -6.570038      2.781180
    911      0.006148      0.009222     -6.579263     -6.570041      2.779964
    912      0.006205      0.009307     -6.579345     -6.570038      2.778698
    913      0.006261      0.009391     -6.579429     -6.570038      2.777376
    914      0.006318      0.009477     -6.579512     -6.570035      2.776012
    915      0.006382      0.009574     -6.579611     -6.570038      2.774584
    916      0.006452      0.009678     -6.579717     -6.570039      2.773122
    917      0.006523      0.009785     -6.579825     -6.570040      2.771637
    918      0.006590      0.009885     -6.579927     -6.570042      2.770155
    919      0.006653      0.009980     -6.580026     -6.570046      2.768681
    920      0.006711      0.010067     -6.580111     -6.570044      2.767245
    921      0.006761      0.010141     -6.580185     -6.570044      2.765852
    922      0.006801      0.010201     -6.580245     -6.570044      2.764515
    923      0.006830      0.010246     -6.580290     -6.570044      2.763247
    924      0.006853      0.010280     -6.580324     -6.570044      2.762051
    925      0.006874      0.010311     -6.580360     -6.570049      2.760913
    926      0.006888      0.010333     -6.580385     -6.570053      2.759861
    927      0.006887      0.010331     -6.580384     -6.570053      2.758927
    928      0.006870      0.010305     -6.580361     -6.570056      2.758101
    929      0.006836      0.010254     -6.580310     -6.570056      2.757402
    930      0.006783      0.010175     -6.580230     -6.570055      2.756827
    931      0.006714      0.010071     -6.580125     -6.570055      2.756367
    932      0.006630      0.009946     -6.579998     -6.570052      2.756018
    933      0.006564      0.009846     -6.579895     -6.570049      2.755711
    934      0.006512      0.009768     -6.579817     -6.570049      2.755444
    935      0.006447      0.009671     -6.579722     -6.570051      2.755254
    936      0.006374      0.009561     -6.579613     -6.570052      2.755133
    937      0.006292      0.009439     -6.579490     -6.570052      2.755066
    938      0.006204      0.009306     -6.579356     -6.570050      2.755040
    939      0.006112      0.009168     -6.579218     -6.570049      2.755029
    940      0.006025      0.009038     -6.579084     -6.570047      2.755010
    941      0.005947      0.008920     -6.578968     -6.570048      2.754948
    942      0.005874      0.008812     -6.578858     -6.570046      2.754853
    943      0.005824      0.008736     -6.578794     -6.570058      2.754654
    944      0.005796      0.008694     -6.578751     -6.570057      2.754393
    945      0.005778      0.008667     -6.578723     -6.570057      2.754057
    946      0.005766      0.008650     -6.578706     -6.570056      2.753646
    947      0.005771      0.008656     -6.578708     -6.570052      2.753146
    948      0.005799      0.008698     -6.578750     -6.570052      2.752523
    949      0.005842      0.008763     -6.578816     -6.570053      2.751798
    950      0.005896      0.008844     -6.578900     -6.570056      2.750982
    951      0.005964      0.008945     -6.578997     -6.570052      2.750089
    952      0.006040      0.009061     -6.579113     -6.570052      2.749114
    953      0.006124      0.009185     -6.579235     -6.570050      2.748080
    954      0.006215      0.009322     -6.579375     -6.570053      2.746975
    955      0.006309      0.009464     -6.579516     -6.570052      2.745840
    956      0.006404      0.009607     -6.579661     -6.570054      2.744675
    957      0.006498      0.009746     -6.579802     -6.570055      2.743505
    958      0.006585      0.009877     -6.579932     -6.570055      2.742349
    959      0.006666      0.009999     -6.580052     -6.570053      2.741219
    960      0.006740      0.010110     -6.580162     -6.570052      2.740121
    961      0.006811      0.010216     -6.580274     -6.570058      2.739055
    962      0.006875      0.010313     -6.580371     -6.570058      2.738062
    963      0.006933      0.010399     -6.580450     -6.570051      2.737160
    964      0.006986      0.010479     -6.580533     -6.570054      2.736320
    965      0.007030      0.010544     -6.580597     -6.570053      2.735585
    966      0.007064      0.010596     -6.580647     -6.570051      2.734954
    967      0.007087      0.010630     -6.580678     -6.570048      2.734441
    968      0.007096      0.010645     -6.580688     -6.570044      2.734047
    969      0.007093      0.010640     -6.580689     -6.570049      2.733754
    970      0.007076      0.010614     -6.580665     -6.570051      2.733594
    971      0.007040      0.010561     -6.580611     -6.570051      2.733571
    972      0.007002      0.010503     -6.580556     -6.570053      2.733648
    973      0.006963      0.010444     -6.580498     -6.570054      2.733828
    974      0.006911      0.010366     -6.580422     -6.570056      2.734117
    975      0.006854      0.010281     -6.580337     -6.570056      2.734503
    976      0.006791      0.010186     -6.580241     -6.570055      2.734983
    977      0.006712      0.010069     -6.580124     -6.570055      2.735564
    978      0.006633      0.009950     -6.580001     -6.570051      2.736225
    979      0.006558      0.009838     -6.579885     -6.570048      2.736949
    980      0.006475      0.009713     -6.579759     -6.570046      2.737745
    981      0.006382      0.009573     -6.579617     -6.570044      2.738617
    982      0.006284      0.009426     -6.579470     -6.570044      2.739536
    983      0.006185      0.009278     -6.579324     -6.570046      2.740489
    984      0.006083      0.009125     -6.579171     -6.570046      2.741481
    985      0.005977      0.008966     -6.579010     -6.570044      2.742499
    986      0.005870      0.008805     -6.578846     -6.570041      2.743529
    987      0.005769      0.008654     -6.578692     -6.570038      2.744540
    988      0.005676      0.008514     -6.578551     -6.570037      2.745518
    989      0.005586      0.008379     -6.578416     -6.570037      2.746464
    990      0.005497      0.008246     -6.578283     -6.570037      2.747377
    991      0.005416      0.008123     -6.578159     -6.570036      2.748240
    992      0.005343      0.008014     -6.578048     -6.570034      2.749043
    993      0.005275      0.007912     -6.577946     -6.570034      2.749783
    994      0.005211      0.007817     -6.577851     -6.570035      2.750455
    995      0.005155      0.007732     -6.577767     -6.570035      2.751055
    996      0.005106      0.007659     -6.577693     -6.570034      2.751578
    997      0.005064      0.007596     -6.577629     -6.570034      2.752018
    998      0.005033      0.007549     -6.577580     -6.570031      2.752372
    999      0.005031      0.007546     -6.577578     -6.570032      2.752594
   1000      0.005064      0.007595     -6.577621     -6.570025      2.752696
#
# Means      0.006359      0.009539     -6.579607     -6.570068      2.759919
