#
# MD1: a minimal molecular dynamics program
#
# abc
#  Input sample: 3
#                                (only positions read from file)
# Output sample: i3
# Number of steps:    1000, time step: 0.0030, total time:      3.0000
# Number of atoms:   108
# Box size:    4.648800    4.648800    4.648800, Volume:        100.467
# Density:    1.074982 (unchanged)
# Free evolution run.
#
#  Step   Temperature     Kinetic      Potential   Total Energy    Pressure
# -----  ------------  ------------  ------------  ------------  ------------
      1      0.000000      0.000000     -7.450716     -7.450715      0.237549
      2      0.000001      0.000001     -7.450716     -7.450715      0.237544
      3      0.000002      0.000003     -7.450718     -7.450715      0.237533
      4      0.000004      0.000005     -7.450721     -7.450715      0.237518
      5      0.000006      0.000009     -7.450724     -7.450715      0.237497
      6      0.000009      0.000013     -7.450728     -7.450715      0.237472
      7      0.000012      0.000018     -7.450733     -7.450715      0.237443
      8      0.000015      0.000023     -7.450739     -7.450715      0.237410
      9      0.000019      0.000029     -7.450744     -7.450715      0.237374
     10      0.000023      0.000035     -7.450751     -7.450715      0.237336
     11      0.000028      0.000042     -7.450757     -7.450715      0.237296
     12      0.000032      0.000048     -7.450764     -7.450715      0.237255
     13      0.000037      0.000055     -7.450770     -7.450715      0.237214
     14      0.000041      0.000062     -7.450777     -7.450715      0.237173
     15      0.000045      0.000068     -7.450784     -7.450715      0.237132
     16      0.000050      0.000074     -7.450790     -7.450715      0.237093
     17      0.000054      0.000080     -7.450796     -7.450715      0.237055
     18      0.000057      0.000086     -7.450801     -7.450715      0.237021
     19      0.000061      0.000091     -7.450806     -7.450715      0.236989
     20      0.000064      0.000096     -7.450811     -7.450715      0.236960
     21      0.000066      0.000100     -7.450815     -7.450715      0.236935
     22      0.000069      0.000103     -7.450819     -7.450715      0.236914
     23      0.000071      0.000106     -7.450822     -7.450716      0.236897
     24      0.000073      0.000109     -7.450824     -7.450716      0.236884
     25      0.000074      0.000111     -7.450827     -7.450716      0.236875
     26      0.000075      0.000113     -7.450828     -7.450716      0.236871
     27      0.000076      0.000114     -7.450829     -7.450716      0.236871
     28      0.000076      0.000114     -7.450830     -7.450716      0.236875
     29      0.000076      0.000114     -7.450830     -7.450716      0.236883
     30      0.000076      0.000114     -7.450829     -7.450716      0.236895
     31      0.000076      0.000113     -7.450829     -7.450715      0.236910
     32      0.000075      0.000113     -7.450828     -7.450715      0.236928
     33      0.000074      0.000112     -7.450827     -7.450715      0.236948
     34      0.000074      0.000111     -7.450826     -7.450715      0.236971
     35      0.000073      0.000110     -7.450825     -7.450715      0.236996
     36      0.000072      0.000108     -7.450824     -7.450716      0.237022
     37      0.000072      0.000107     -7.450823     -7.450716      0.237049
     38      0.000071      0.000106     -7.450822     -7.450715      0.237077
     39      0.000070      0.000105     -7.450821     -7.450716      0.237105
     40      0.000070      0.000105     -7.450820     -7.450716      0.237133
     41      0.000070      0.000105     -7.450820     -7.450716      0.237160
     42      0.000070      0.000105     -7.450821     -7.450716      0.237185
     43      0.000070      0.000106     -7.450821     -7.450716      0.237209
     44      0.000071      0.000107     -7.450822     -7.450716      0.237232
     45      0.000072      0.000109     -7.450824     -7.450716      0.237252
     46      0.000074      0.000111     -7.450826     -7.450716      0.237270
     47      0.000076      0.000114     -7.450829     -7.450716      0.237285
     48      0.000078      0.000117     -7.450833     -7.450716      0.237298
     49      0.000081      0.000121     -7.450837     -7.450716      0.237308
     50      0.000084      0.000126     -7.450841     -7.450716      0.237316
     51      0.000087      0.000131     -7.450847     -7.450716      0.237321
     52      0.000091      0.000137     -7.450853     -7.450716      0.237323
     53      0.000096      0.000143     -7.450859     -7.450716      0.237324
     54      0.000100      0.000150     -7.450866     -7.450716      0.237323
     55      0.000105      0.000157     -7.450873     -7.450716      0.237320
     56      0.000110      0.000165     -7.450880     -7.450716      0.237316
     57      0.000115      0.000172     -7.450888     -7.450716      0.237312
     58      0.000120      0.000180     -7.450896     -7.450716      0.237307
     59      0.000125      0.000188     -7.450903     -7.450716      0.237302
     60      0.000130      0.000195     -7.450911     -7.450716      0.237298
     61      0.000135      0.000203     -7.450919     -7.450716      0.237296
     62      0.000140      0.000210     -7.450926     -7.450716      0.237295
     63      0.000145      0.000217     -7.450933     -7.450716      0.237296
     64      0.000149      0.000223     -7.450939     -7.450716      0.237299
     65      0.000153      0.000229     -7.450945     -7.450716      0.237306
     66      0.000156      0.000235     -7.450950     -7.450716      0.237316
     67      0.000159      0.000239     -7.450955     -7.450716      0.237329
     68      0.000162      0.000243     -7.450959     -7.450716      0.237346
     69      0.000164      0.000246     -7.450962     -7.450716      0.237366
     70      0.000166      0.000249     -7.450964     -7.450716      0.237391
     71      0.000167      0.000251     -7.450966     -7.450716      0.237419
     72      0.000168      0.000252     -7.450967     -7.450716      0.237450
     73      0.000168      0.000252     -7.450968     -7.450716      0.237486
     74      0.000168      0.000252     -7.450968     -7.450716      0.237525
     75      0.000168      0.000251     -7.450967     -7.450716      0.237566
     76      0.000167      0.000250     -7.450966     -7.450716      0.237611
     77      0.000166      0.000249     -7.450964     -7.450716      0.237658
     78      0.000164      0.000247     -7.450962     -7.450716      0.237707
     79      0.000163      0.000244     -7.450960     -7.450716      0.237758
     80      0.000161      0.000242     -7.450957     -7.450716      0.237810
     81      0.000159      0.000239     -7.450954     -7.450716      0.237863
     82      0.000157      0.000236     -7.450951     -7.450716      0.237916
     83      0.000155      0.000233     -7.450948     -7.450716      0.237970
     84      0.000153      0.000230     -7.450945     -7.450716      0.238023
     85      0.000151      0.000227     -7.450943     -7.450716      0.238075
     86      0.000150      0.000225     -7.450940     -7.450716      0.238125
     87      0.000148      0.000222     -7.450938     -7.450716      0.238174
     88      0.000147      0.000221     -7.450936     -7.450716      0.238220
     89      0.000146      0.000219     -7.450935     -7.450716      0.238265
     90      0.000145      0.000218     -7.450934     -7.450716      0.238307
     91      0.000145      0.000217     -7.450933     -7.450716      0.238347
     92      0.000145      0.000217     -7.450933     -7.450716      0.238385
     93      0.000145      0.000217     -7.450933     -7.450716      0.238419
     94      0.000145      0.000218     -7.450933     -7.450716      0.238452
     95      0.000146      0.000218     -7.450934     -7.450716      0.238481
     96      0.000146      0.000220     -7.450935     -7.450716      0.238509
     97      0.000147      0.000221     -7.450937     -7.450716      0.238535
     98      0.000148      0.000223     -7.450938     -7.450716      0.238558
     99      0.000150      0.000224     -7.450940     -7.450716      0.238581
    100      0.000151      0.000227     -7.450942     -7.450716      0.238602
    101      0.000152      0.000229     -7.450944     -7.450716      0.238622
    102      0.000154      0.000231     -7.450946     -7.450716      0.238641
    103      0.000155      0.000233     -7.450949     -7.450716      0.238660
    104      0.000157      0.000235     -7.450951     -7.450716      0.238678
    105      0.000158      0.000237     -7.450952     -7.450716      0.238698
    106      0.000159      0.000238     -7.450954     -7.450716      0.238718
    107      0.000160      0.000240     -7.450955     -7.450716      0.238739
    108      0.000160      0.000241     -7.450956     -7.450716      0.238761
    109      0.000161      0.000241     -7.450957     -7.450716      0.238784
    110      0.000161      0.000241     -7.450957     -7.450716      0.238810
    111      0.000161      0.000241     -7.450957     -7.450716      0.238837
    112      0.000160      0.000240     -7.450956     -7.450716      0.238866
    113      0.000159      0.000239     -7.450955     -7.450716      0.238897
    114      0.000158      0.000237     -7.450953     -7.450716      0.238930
    115      0.000157      0.000235     -7.450951     -7.450716      0.238965
    116      0.000155      0.000232     -7.450948     -7.450716      0.239001
    117      0.000153      0.000229     -7.450945     -7.450716      0.239040
    118      0.000151      0.000226     -7.450942     -7.450716      0.239079
    119      0.000148      0.000222     -7.450938     -7.450716      0.239120
    120      0.000145      0.000218     -7.450934     -7.450716      0.239161
    121      0.000143      0.000214     -7.450930     -7.450716      0.239203
    122      0.000140      0.000210     -7.450925     -7.450716      0.239246
    123      0.000137      0.000205     -7.450921     -7.450716      0.239288
    124      0.000134      0.000200     -7.450916     -7.450716      0.239330
    125      0.000131      0.000196     -7.450912     -7.450716      0.239370
    126      0.000128      0.000192     -7.450908     -7.450716      0.239410
    127      0.000125      0.000188     -7.450904     -7.450716      0.239448
    128      0.000123      0.000184     -7.450900     -7.450716      0.239484
    129      0.000121      0.000181     -7.450896     -7.450716      0.239517
    130      0.000119      0.000178     -7.450894     -7.450716      0.239548
    131      0.000117      0.000175     -7.450891     -7.450716      0.239576
    132      0.000116      0.000174     -7.450889     -7.450716      0.239601
    133      0.000115      0.000172     -7.450888     -7.450716      0.239623
    134      0.000114      0.000171     -7.450887     -7.450716      0.239642
    135      0.000114      0.000171     -7.450887     -7.450716      0.239657
    136      0.000114      0.000171     -7.450887     -7.450716      0.239670
    137      0.000114      0.000171     -7.450887     -7.450716      0.239680
    138      0.000115      0.000172     -7.450888     -7.450716      0.239687
    139      0.000116      0.000173     -7.450889     -7.450716      0.239691
    140      0.000117      0.000175     -7.450891     -7.450716      0.239693
    141      0.000118      0.000177     -7.450893     -7.450716      0.239693
    142      0.000119      0.000179     -7.450895     -7.450716      0.239690
    143      0.000121      0.000181     -7.450897     -7.450716      0.239686
    144      0.000122      0.000184     -7.450899     -7.450716      0.239681
    145      0.000124      0.000186     -7.450902     -7.450716      0.239675
    146      0.000126      0.000189     -7.450905     -7.450716      0.239667
    147      0.000128      0.000192     -7.450907     -7.450716      0.239660
    148      0.000129      0.000194     -7.450910     -7.450716      0.239651
    149      0.000131      0.000197     -7.450913     -7.450716      0.239644
    150      0.000133      0.000199     -7.450915     -7.450716      0.239636
    151      0.000134      0.000201     -7.450917     -7.450716      0.239629
    152      0.000135      0.000203     -7.450919     -7.450716      0.239623
    153      0.000137      0.000205     -7.450921     -7.450716      0.239619
    154      0.000137      0.000206     -7.450922     -7.450716      0.239615
    155      0.000138      0.000207     -7.450923     -7.450716      0.239613
    156      0.000138      0.000207     -7.450923     -7.450716      0.239613
    157      0.000138      0.000208     -7.450923     -7.450716      0.239614
    158      0.000138      0.000207     -7.450923     -7.450716      0.239617
    159      0.000138      0.000207     -7.450922     -7.450716      0.239621
    160      0.000137      0.000206     -7.450922     -7.450716      0.239626
    161      0.000136      0.000205     -7.450920     -7.450716      0.239633
    162      0.000136      0.000203     -7.450919     -7.450716      0.239640
    163      0.000134      0.000202     -7.450917     -7.450716      0.239649
    164      0.000133      0.000200     -7.450915     -7.450716      0.239658
    165      0.000132      0.000198     -7.450913     -7.450716      0.239668
    166      0.000130      0.000195     -7.450911     -7.450716      0.239678
    167      0.000129      0.000193     -7.450909     -7.450716      0.239688
    168      0.000127      0.000190     -7.450906     -7.450716      0.239697
    169      0.000125      0.000188     -7.450904     -7.450716      0.239706
    170      0.000124      0.000186     -7.450901     -7.450716      0.239714
    171      0.000122      0.000184     -7.450899     -7.450716      0.239720
    172      0.000121      0.000182     -7.450897     -7.450716      0.239725
    173      0.000120      0.000180     -7.450896     -7.450716      0.239728
    174      0.000119      0.000178     -7.450894     -7.450716      0.239730
    175      0.000118      0.000177     -7.450893     -7.450716      0.239729
    176      0.000117      0.000176     -7.450892     -7.450716      0.239726
    177      0.000117      0.000175     -7.450891     -7.450716      0.239720
    178      0.000117      0.000175     -7.450891     -7.450716      0.239712
    179      0.000117      0.000175     -7.450891     -7.450716      0.239701
    180      0.000117      0.000176     -7.450892     -7.450716      0.239688
    181      0.000118      0.000177     -7.450892     -7.450716      0.239671
    182      0.000119      0.000178     -7.450894     -7.450716      0.239652
    183      0.000120      0.000180     -7.450896     -7.450716      0.239631
    184      0.000121      0.000182     -7.450898     -7.450716      0.239606
    185      0.000123      0.000185     -7.450901     -7.450716      0.239579
    186      0.000125      0.000188     -7.450903     -7.450716      0.239550
    187      0.000127      0.000191     -7.450907     -7.450716      0.239519
    188      0.000130      0.000194     -7.450910     -7.450716      0.239486
    189      0.000132      0.000198     -7.450914     -7.450716      0.239451
    190      0.000135      0.000202     -7.450918     -7.450716      0.239415
    191      0.000138      0.000206     -7.450922     -7.450716      0.239377
    192      0.000140      0.000211     -7.450926     -7.450716      0.239338
    193      0.000143      0.000215     -7.450931     -7.450716      0.239299
    194      0.000146      0.000219     -7.450935     -7.450716      0.239259
    195      0.000149      0.000224     -7.450939     -7.450716      0.239219
    196      0.000152      0.000228     -7.450944     -7.450716      0.239179
    197      0.000155      0.000232     -7.450948     -7.450716      0.239139
    198      0.000158      0.000236     -7.450952     -7.450716      0.239099
    199      0.000160      0.000240     -7.450956     -7.450716      0.239060
    200      0.000163      0.000244     -7.450960     -7.450716      0.239022
    201      0.000165      0.000247     -7.450963     -7.450716      0.238985
    202      0.000167      0.000250     -7.450966     -7.450716      0.238949
    203      0.000169      0.000253     -7.450969     -7.450716      0.238914
    204      0.000170      0.000255     -7.450971     -7.450716      0.238880
    205      0.000171      0.000257     -7.450973     -7.450716      0.238847
    206      0.000173      0.000259     -7.450975     -7.450716      0.238816
    207      0.000173      0.000260     -7.450976     -7.450716      0.238786
    208      0.000174      0.000261     -7.450977     -7.450716      0.238757
    209      0.000175      0.000262     -7.450978     -7.450716      0.238729
    210      0.000175      0.000263     -7.450978     -7.450716      0.238702
    211      0.000175      0.000263     -7.450979     -7.450716      0.238676
    212      0.000175      0.000263     -7.450979     -7.450716      0.238651
    213      0.000175      0.000263     -7.450979     -7.450716      0.238626
    214      0.000175      0.000263     -7.450979     -7.450716      0.238602
    215      0.000175      0.000263     -7.450978     -7.450716      0.238579
    216      0.000175      0.000262     -7.450978     -7.450716      0.238556
    217      0.000175      0.000262     -7.450978     -7.450716      0.238533
    218      0.000174      0.000261     -7.450977     -7.450716      0.238510
    219      0.000174      0.000261     -7.450977     -7.450716      0.238487
    220      0.000173      0.000260     -7.450976     -7.450716      0.238464
    221      0.000173      0.000259     -7.450975     -7.450716      0.238441
    222      0.000172      0.000259     -7.450975     -7.450716      0.238418
    223      0.000172      0.000258     -7.450974     -7.450716      0.238395
    224      0.000171      0.000257     -7.450973     -7.450716      0.238371
    225      0.000171      0.000256     -7.450972     -7.450716      0.238347
    226      0.000171      0.000256     -7.450972     -7.450716      0.238322
    227      0.000170      0.000255     -7.450971     -7.450716      0.238296
    228      0.000170      0.000255     -7.450971     -7.450716      0.238270
    229      0.000170      0.000255     -7.450971     -7.450716      0.238243
    230      0.000170      0.000255     -7.450971     -7.450716      0.238215
    231      0.000170      0.000256     -7.450971     -7.450716      0.238187
    232      0.000171      0.000256     -7.450972     -7.450716      0.238159
    233      0.000171      0.000256     -7.450972     -7.450716      0.238130
    234      0.000171      0.000256     -7.450972     -7.450716      0.238101
    235      0.000171      0.000257     -7.450972     -7.450716      0.238072
    236      0.000171      0.000257     -7.450973     -7.450716      0.238043
    237      0.000172      0.000258     -7.450973     -7.450716      0.238013
    238      0.000172      0.000258     -7.450974     -7.450716      0.237984
    239      0.000173      0.000259     -7.450975     -7.450716      0.237954
    240      0.000173      0.000260     -7.450975     -7.450716      0.237925
    241      0.000173      0.000260     -7.450976     -7.450716      0.237897
    242      0.000174      0.000261     -7.450977     -7.450716      0.237869
    243      0.000174      0.000261     -7.450977     -7.450716      0.237842
    244      0.000175      0.000262     -7.450978     -7.450716      0.237816
    245      0.000175      0.000262     -7.450978     -7.450716      0.237791
    246      0.000175      0.000262     -7.450978     -7.450716      0.237768
    247      0.000175      0.000262     -7.450978     -7.450716      0.237746
    248      0.000174      0.000261     -7.450977     -7.450716      0.237726
    249      0.000174      0.000261     -7.450976     -7.450716      0.237708
    250      0.000173      0.000259     -7.450975     -7.450716      0.237691
    251      0.000172      0.000258     -7.450974     -7.450716      0.237677
    252      0.000171      0.000257     -7.450973     -7.450716      0.237664
    253      0.000170      0.000255     -7.450971     -7.450716      0.237653
    254      0.000169      0.000253     -7.450969     -7.450716      0.237644
    255      0.000167      0.000251     -7.450967     -7.450716      0.237636
    256      0.000166      0.000249     -7.450965     -7.450716      0.237631
    257      0.000164      0.000247     -7.450962     -7.450716      0.237627
    258      0.000163      0.000244     -7.450960     -7.450716      0.237626
    259      0.000161      0.000241     -7.450957     -7.450716      0.237625
    260      0.000159      0.000239     -7.450954     -7.450716      0.237626
    261      0.000157      0.000236     -7.450952     -7.450716      0.237629
    262      0.000155      0.000233     -7.450949     -7.450716      0.237633
    263      0.000153      0.000230     -7.450946     -7.450716      0.237638
    264      0.000151      0.000227     -7.450942     -7.450716      0.237644
    265      0.000149      0.000224     -7.450939     -7.450716      0.237651
    266      0.000147      0.000221     -7.450936     -7.450716      0.237658
    267      0.000145      0.000218     -7.450933     -7.450716      0.237666
    268      0.000143      0.000215     -7.450930     -7.450716      0.237675
    269      0.000141      0.000212     -7.450928     -7.450716      0.237684
    270      0.000140      0.000209     -7.450925     -7.450716      0.237692
    271      0.000138      0.000207     -7.450923     -7.450716      0.237700
    272      0.000137      0.000205     -7.450921     -7.450716      0.237708
    273      0.000136      0.000204     -7.450919     -7.450716      0.237716
    274      0.000135      0.000203     -7.450918     -7.450716      0.237722
    275      0.000134      0.000202     -7.450917     -7.450716      0.237728
    276      0.000134      0.000201     -7.450917     -7.450716      0.237734
    277      0.000134      0.000201     -7.450917     -7.450716      0.237738
    278      0.000134      0.000201     -7.450917     -7.450716      0.237742
    279      0.000134      0.000201     -7.450917     -7.450716      0.237746
    280      0.000134      0.000201     -7.450917     -7.450716      0.237750
    281      0.000135      0.000202     -7.450918     -7.450716      0.237752
    282      0.000135      0.000203     -7.450919     -7.450716      0.237755
    283      0.000136      0.000204     -7.450919     -7.450716      0.237757
    284      0.000136      0.000205     -7.450920     -7.450716      0.237759
    285      0.000137      0.000206     -7.450921     -7.450716      0.237761
    286      0.000138      0.000207     -7.450923     -7.450716      0.237763
    287      0.000139      0.000208     -7.450924     -7.450716      0.237765
    288      0.000140      0.000210     -7.450926     -7.450716      0.237767
    289      0.000141      0.000211     -7.450927     -7.450716      0.237769
    290      0.000142      0.000213     -7.450928     -7.450716      0.237772
    291      0.000143      0.000214     -7.450930     -7.450716      0.237775
    292      0.000143      0.000215     -7.450931     -7.450716      0.237779
    293      0.000144      0.000216     -7.450932     -7.450716      0.237783
    294      0.000145      0.000217     -7.450933     -7.450716      0.237789
    295      0.000145      0.000218     -7.450934     -7.450716      0.237796
    296      0.000146      0.000219     -7.450935     -7.450716      0.237804
    297      0.000146      0.000220     -7.450936     -7.450716      0.237812
    298      0.000147      0.000220     -7.450936     -7.450716      0.237822
    299      0.000147      0.000221     -7.450937     -7.450716      0.237832
    300      0.000148      0.000222     -7.450938     -7.450716      0.237843
    301      0.000148      0.000222     -7.450938     -7.450716      0.237856
    302      0.000148      0.000223     -7.450939     -7.450716      0.237870
    303      0.000149      0.000223     -7.450939     -7.450716      0.237885
    304      0.000148      0.000223     -7.450939     -7.450716      0.237901
    305      0.000148      0.000222     -7.450938     -7.450716      0.237918
    306      0.000148      0.000222     -7.450938     -7.450716      0.237936
    307      0.000148      0.000221     -7.450937     -7.450716      0.237955
    308      0.000147      0.000221     -7.450937     -7.450716      0.237975
    309      0.000147      0.000220     -7.450936     -7.450716      0.237995
    310      0.000146      0.000219     -7.450936     -7.450716      0.238016
    311      0.000146      0.000219     -7.450935     -7.450716      0.238037
    312      0.000145      0.000218     -7.450934     -7.450716      0.238058
    313      0.000145      0.000218     -7.450934     -7.450716      0.238079
    314      0.000145      0.000217     -7.450933     -7.450716      0.238100
    315      0.000145      0.000217     -7.450933     -7.450716      0.238120
    316      0.000144      0.000216     -7.450932     -7.450716      0.238140
    317      0.000144      0.000216     -7.450932     -7.450716      0.238160
    318      0.000144      0.000216     -7.450932     -7.450716      0.238178
    319      0.000144      0.000216     -7.450932     -7.450716      0.238195
    320      0.000145      0.000217     -7.450933     -7.450716      0.238212
    321      0.000145      0.000217     -7.450933     -7.450716      0.238227
    322      0.000145      0.000218     -7.450934     -7.450716      0.238242
    323      0.000146      0.000219     -7.450935     -7.450716      0.238255
    324      0.000147      0.000220     -7.450936     -7.450716      0.238267
    325      0.000148      0.000222     -7.450938     -7.450716      0.238278
    326      0.000149      0.000224     -7.450940     -7.450716      0.238288
    327      0.000150      0.000225     -7.450941     -7.450716      0.238297
    328      0.000151      0.000227     -7.450943     -7.450716      0.238306
    329      0.000153      0.000229     -7.450945     -7.450716      0.238314
    330      0.000154      0.000231     -7.450947     -7.450716      0.238321
    331      0.000156      0.000233     -7.450950     -7.450716      0.238328
    332      0.000157      0.000236     -7.450952     -7.450716      0.238335
    333      0.000158      0.000238     -7.450954     -7.450716      0.238342
    334      0.000160      0.000240     -7.450956     -7.450716      0.238350
    335      0.000161      0.000242     -7.450958     -7.450716      0.238358
    336      0.000163      0.000244     -7.450960     -7.450716      0.238367
    337      0.000164      0.000245     -7.450961     -7.450716      0.238377
    338      0.000164      0.000247     -7.450963     -7.450716      0.238389
    339      0.000165      0.000247     -7.450963     -7.450716      0.238402
    340      0.000165      0.000248     -7.450964     -7.450716      0.238417
    341      0.000165      0.000248     -7.450964     -7.450716      0.238434
    342      0.000165      0.000248     -7.450964     -7.450716      0.238453
    343      0.000165      0.000247     -7.450963     -7.450716      0.238475
    344      0.000164      0.000246     -7.450962     -7.450716      0.238498
    345      0.000163      0.000244     -7.450960     -7.450716      0.238525
    346      0.000161      0.000242     -7.450958     -7.450716      0.238553
    347      0.000160      0.000239     -7.450955     -7.450716      0.238584
    348      0.000158      0.000236     -7.450953     -7.450716      0.238616
    349      0.000155      0.000233     -7.450949     -7.450716      0.238651
    350      0.000153      0.000229     -7.450946     -7.450716      0.238687
    351      0.000150      0.000225     -7.450942     -7.450716      0.238725
    352      0.000147      0.000221     -7.450937     -7.450716      0.238764
    353      0.000144      0.000216     -7.450933     -7.450716      0.238805
    354      0.000141      0.000211     -7.450928     -7.450716      0.238846
    355      0.000138      0.000206     -7.450923     -7.450716      0.238887
    356      0.000134      0.000201     -7.450917     -7.450716      0.238929
    357      0.000131      0.000196     -7.450912     -7.450716      0.238970
    358      0.000127      0.000191     -7.450907     -7.450716      0.239011
    359      0.000124      0.000186     -7.450902     -7.450716      0.239049
    360      0.000121      0.000182     -7.450898     -7.450716      0.239086
    361      0.000118      0.000178     -7.450894     -7.450716      0.239122
    362      0.000116      0.000174     -7.450890     -7.450716      0.239154
    363      0.000114      0.000171     -7.450887     -7.450716      0.239185
    364      0.000112      0.000168     -7.450884     -7.450716      0.239212
    365      0.000111      0.000166     -7.450882     -7.450716      0.239235
    366      0.000110      0.000164     -7.450880     -7.450716      0.239256
    367      0.000109      0.000163     -7.450880     -7.450716      0.239273
    368      0.000109      0.000163     -7.450879     -7.450716      0.239287
    369      0.000109      0.000163     -7.450879     -7.450716      0.239297
    370      0.000109      0.000164     -7.450880     -7.450716      0.239303
    371      0.000110      0.000166     -7.450882     -7.450716      0.239306
    372      0.000112      0.000168     -7.450884     -7.450716      0.239306
    373      0.000113      0.000170     -7.450886     -7.450716      0.239303
    374      0.000115      0.000173     -7.450889     -7.450716      0.239297
    375      0.000118      0.000177     -7.450893     -7.450716      0.239288
    376      0.000120      0.000181     -7.450897     -7.450716      0.239278
    377      0.000123      0.000185     -7.450901     -7.450716      0.239265
    378      0.000126      0.000189     -7.450905     -7.450716      0.239252
    379      0.000129      0.000193     -7.450909     -7.450716      0.239237
    380      0.000132      0.000198     -7.450914     -7.450716      0.239222
    381      0.000135      0.000202     -7.450918     -7.450716      0.239207
    382      0.000137      0.000206     -7.450922     -7.450716      0.239192
    383      0.000140      0.000210     -7.450926     -7.450716      0.239178
    384      0.000142      0.000213     -7.450929     -7.450716      0.239166
    385      0.000144      0.000216     -7.450932     -7.450716      0.239154
    386      0.000146      0.000219     -7.450935     -7.450716      0.239145
    387      0.000147      0.000221     -7.450937     -7.450716      0.239138
    388      0.000148      0.000222     -7.450939     -7.450716      0.239132
    389      0.000149      0.000224     -7.450940     -7.450716      0.239130
    390      0.000149      0.000224     -7.450940     -7.450716      0.239129
    391      0.000149      0.000224     -7.450940     -7.450716      0.239131
    392      0.000149      0.000223     -7.450940     -7.450716      0.239136
    393      0.000148      0.000222     -7.450938     -7.450716      0.239144
    394      0.000147      0.000221     -7.450937     -7.450716      0.239153
    395      0.000146      0.000219     -7.450935     -7.450716      0.239164
    396      0.000144      0.000217     -7.450933     -7.450716      0.239177
    397      0.000143      0.000214     -7.450930     -7.450716      0.239192
    398      0.000141      0.000211     -7.450927     -7.450716      0.239208
    399      0.000139      0.000208     -7.450924     -7.450716      0.239225
    400      0.000137      0.000205     -7.450921     -7.450716      0.239242
    401      0.000134      0.000202     -7.450918     -7.450716      0.239259
    402      0.000132      0.000198     -7.450914     -7.450716      0.239277
    403      0.000130      0.000195     -7.450911     -7.450716      0.239293
    404      0.000128      0.000192     -7.450908     -7.450716      0.239309
    405      0.000126      0.000189     -7.450905     -7.450716      0.239323
    406      0.000124      0.000186     -7.450902     -7.450716      0.239336
    407      0.000122      0.000184     -7.450900     -7.450716      0.239346
    408      0.000121      0.000181     -7.450897     -7.450716      0.239354
    409      0.000120      0.000179     -7.450896     -7.450716      0.239360
    410      0.000119      0.000178     -7.450894     -7.450716      0.239363
    411      0.000118      0.000177     -7.450893     -7.450716      0.239362
    412      0.000118      0.000177     -7.450893     -7.450716      0.239359
    413      0.000118      0.000177     -7.450893     -7.450716      0.239352
    414      0.000118      0.000178     -7.450894     -7.450716      0.239341
    415      0.000119      0.000179     -7.450895     -7.450716      0.239327
    416      0.000121      0.000181     -7.450897     -7.450716      0.239310
    417      0.000122      0.000183     -7.450900     -7.450716      0.239290
    418      0.000124      0.000186     -7.450902     -7.450716      0.239267
    419      0.000126      0.000190     -7.450906     -7.450716      0.239241
    420      0.000129      0.000193     -7.450910     -7.450716      0.239212
    421      0.000132      0.000198     -7.450914     -7.450716      0.239182
    422      0.000135      0.000202     -7.450918     -7.450716      0.239149
    423      0.000138      0.000206     -7.450922     -7.450716      0.239116
    424      0.000141      0.000211     -7.450927     -7.450716      0.239081
    425      0.000144      0.000216     -7.450932     -7.450716      0.239046
    426      0.000147      0.000220     -7.450936     -7.450716      0.239010
    427      0.000150      0.000225     -7.450941     -7.450716      0.238975
    428      0.000153      0.000229     -7.450945     -7.450716      0.238940
    429      0.000155      0.000233     -7.450949     -7.450716      0.238906
    430      0.000158      0.000237     -7.450953     -7.450716      0.238874
    431      0.000160      0.000240     -7.450957     -7.450716      0.238842
    432      0.000162      0.000244     -7.450960     -7.450716      0.238812
    433      0.000164      0.000246     -7.450963     -7.450716      0.238784
    434      0.000166      0.000249     -7.450965     -7.450716      0.238759
    435      0.000167      0.000251     -7.450967     -7.450716      0.238735
    436      0.000168      0.000252     -7.450968     -7.450716      0.238714
    437      0.000169      0.000253     -7.450969     -7.450716      0.238694
    438      0.000169      0.000253     -7.450969     -7.450716      0.238677
    439      0.000169      0.000253     -7.450969     -7.450716      0.238661
    440      0.000169      0.000253     -7.450969     -7.450716      0.238648
    441      0.000168      0.000252     -7.450968     -7.450716      0.238636
    442      0.000168      0.000251     -7.450967     -7.450716      0.238625
    443      0.000167      0.000250     -7.450966     -7.450716      0.238615
    444      0.000166      0.000249     -7.450965     -7.450716      0.238607
    445      0.000165      0.000247     -7.450963     -7.450716      0.238598
    446      0.000164      0.000246     -7.450962     -7.450716      0.238590
    447      0.000163      0.000244     -7.450960     -7.450716      0.238582
    448      0.000162      0.000242     -7.450958     -7.450716      0.238574
    449      0.000161      0.000241     -7.450957     -7.450716      0.238565
    450      0.000160      0.000239     -7.450956     -7.450716      0.238555
    451      0.000159      0.000238     -7.450954     -7.450716      0.238544
    452      0.000158      0.000237     -7.450953     -7.450716      0.238531
    453      0.000157      0.000236     -7.450952     -7.450716      0.238517
    454      0.000157      0.000236     -7.450952     -7.450716      0.238502
    455      0.000157      0.000236     -7.450952     -7.450716      0.238484
    456      0.000157      0.000236     -7.450952     -7.450716      0.238466
    457      0.000158      0.000237     -7.450953     -7.450716      0.238445
    458      0.000159      0.000238     -7.450954     -7.450716      0.238422
    459      0.000160      0.000240     -7.450956     -7.450716      0.238398
    460      0.000161      0.000241     -7.450957     -7.450716      0.238373
    461      0.000162      0.000243     -7.450959     -7.450716      0.238347
    462      0.000163      0.000245     -7.450961     -7.450716      0.238320
    463      0.000165      0.000247     -7.450963     -7.450716      0.238292
    464      0.000166      0.000249     -7.450965     -7.450716      0.238264
    465      0.000168      0.000252     -7.450968     -7.450716      0.238235
    466      0.000170      0.000254     -7.450970     -7.450716      0.238207
    467      0.000171      0.000257     -7.450973     -7.450716      0.238179
    468      0.000173      0.000259     -7.450975     -7.450716      0.238152
    469      0.000175      0.000262     -7.450978     -7.450716      0.238126
    470      0.000176      0.000264     -7.450980     -7.450716      0.238102
    471      0.000177      0.000266     -7.450982     -7.450716      0.238079
    472      0.000178      0.000268     -7.450984     -7.450716      0.238058
    473      0.000179      0.000269     -7.450985     -7.450716      0.238040
    474      0.000180      0.000270     -7.450986     -7.450716      0.238024
    475      0.000180      0.000270     -7.450987     -7.450716      0.238011
    476      0.000181      0.000271     -7.450987     -7.450716      0.238000
    477      0.000180      0.000271     -7.450987     -7.450716      0.237992
    478      0.000180      0.000270     -7.450986     -7.450716      0.237987
    479      0.000179      0.000269     -7.450985     -7.450716      0.237985
    480      0.000178      0.000267     -7.450984     -7.450716      0.237985
    481      0.000177      0.000266     -7.450982     -7.450716      0.237987
    482      0.000176      0.000264     -7.450980     -7.450716      0.237993
    483      0.000174      0.000261     -7.450977     -7.450716      0.238000
    484      0.000172      0.000258     -7.450974     -7.450716      0.238009
    485      0.000170      0.000255     -7.450971     -7.450716      0.238020
    486      0.000168      0.000252     -7.450968     -7.450716      0.238033
    487      0.000166      0.000248     -7.450964     -7.450716      0.238046
    488      0.000163      0.000245     -7.450961     -7.450716      0.238060
    489      0.000161      0.000241     -7.450957     -7.450716      0.238074
    490      0.000159      0.000238     -7.450954     -7.450716      0.238088
    491      0.000156      0.000235     -7.450951     -7.450716      0.238102
    492      0.000154      0.000231     -7.450947     -7.450716      0.238115
    493      0.000152      0.000228     -7.450944     -7.450716      0.238128
    494      0.000150      0.000225     -7.450942     -7.450716      0.238139
    495      0.000149      0.000223     -7.450939     -7.450716      0.238148
    496      0.000148      0.000221     -7.450937     -7.450716      0.238156
    497      0.000147      0.000220     -7.450936     -7.450716      0.238161
    498      0.000146      0.000219     -7.450935     -7.450716      0.238165
    499      0.000146      0.000219     -7.450935     -7.450716      0.238166
    500      0.000146      0.000219     -7.450935     -7.450716      0.238165
    501      0.000146      0.000219     -7.450936     -7.450716      0.238162
    502      0.000147      0.000220     -7.450937     -7.450716      0.238157
    503      0.000148      0.000222     -7.450938     -7.450716      0.238150
    504      0.000149      0.000224     -7.450940     -7.450716      0.238141
    505      0.000151      0.000226     -7.450942     -7.450716      0.238131
    506      0.000152      0.000228     -7.450945     -7.450716      0.238120
    507      0.000154      0.000231     -7.450947     -7.450716      0.238107
    508      0.000156      0.000234     -7.450950     -7.450716      0.238094
    509      0.000158      0.000237     -7.450953     -7.450716      0.238081
    510      0.000160      0.000240     -7.450957     -7.450716      0.238068
    511      0.000162      0.000243     -7.450960     -7.450716      0.238055
    512      0.000164      0.000246     -7.450963     -7.450716      0.238043
    513      0.000166      0.000249     -7.450966     -7.450716      0.238033
    514      0.000168      0.000252     -7.450968     -7.450716      0.238024
    515      0.000169      0.000254     -7.450970     -7.450716      0.238017
    516      0.000170      0.000256     -7.450972     -7.450716      0.238012
    517      0.000171      0.000257     -7.450974     -7.450716      0.238009
    518      0.000172      0.000258     -7.450975     -7.450716      0.238009
    519      0.000173      0.000259     -7.450975     -7.450716      0.238012
    520      0.000173      0.000259     -7.450975     -7.450716      0.238017
    521      0.000173      0.000259     -7.450975     -7.450716      0.238025
    522      0.000172      0.000258     -7.450975     -7.450716      0.238036
    523      0.000171      0.000257     -7.450974     -7.450716      0.238049
    524      0.000170      0.000256     -7.450972     -7.450716      0.238065
    525      0.000169      0.000254     -7.450970     -7.450716      0.238083
    526      0.000168      0.000251     -7.450968     -7.450716      0.238104
    527      0.000166      0.000249     -7.450965     -7.450716      0.238126
    528      0.000164      0.000246     -7.450962     -7.450716      0.238150
    529      0.000162      0.000243     -7.450959     -7.450716      0.238175
    530      0.000160      0.000240     -7.450956     -7.450716      0.238200
    531      0.000158      0.000237     -7.450953     -7.450716      0.238227
    532      0.000156      0.000234     -7.450950     -7.450716      0.238253
    533      0.000154      0.000231     -7.450948     -7.450716      0.238279
    534      0.000152      0.000229     -7.450945     -7.450716      0.238305
    535      0.000151      0.000226     -7.450942     -7.450716      0.238330
    536      0.000149      0.000224     -7.450940     -7.450716      0.238355
    537      0.000148      0.000222     -7.450938     -7.450716      0.238377
    538      0.000147      0.000220     -7.450936     -7.450716      0.238399
    539      0.000146      0.000218     -7.450934     -7.450716      0.238418
    540      0.000145      0.000217     -7.450933     -7.450716      0.238436
    541      0.000144      0.000216     -7.450932     -7.450716      0.238451
    542      0.000144      0.000216     -7.450932     -7.450716      0.238465
    543      0.000144      0.000216     -7.450932     -7.450716      0.238476
    544      0.000144      0.000217     -7.450933     -7.450716      0.238484
    545      0.000145      0.000218     -7.450934     -7.450716      0.238491
    546      0.000146      0.000219     -7.450935     -7.450716      0.238495
    547      0.000147      0.000221     -7.450937     -7.450716      0.238498
    548      0.000149      0.000223     -7.450939     -7.450716      0.238499
    549      0.000150      0.000226     -7.450942     -7.450716      0.238499
    550      0.000152      0.000228     -7.450944     -7.450716      0.238498
    551      0.000154      0.000231     -7.450947     -7.450716      0.238496
    552      0.000156      0.000234     -7.450950     -7.450716      0.238494
    553      0.000158      0.000237     -7.450953     -7.450716      0.238492
    554      0.000160      0.000240     -7.450956     -7.450716      0.238490
    555      0.000161      0.000242     -7.450958     -7.450716      0.238488
    556      0.000163      0.000245     -7.450961     -7.450716      0.238488
    557      0.000165      0.000247     -7.450963     -7.450716      0.238489
    558      0.000166      0.000249     -7.450965     -7.450716      0.238491
    559      0.000168      0.000251     -7.450967     -7.450716      0.238495
    560      0.000169      0.000253     -7.450969     -7.450716      0.238500
    561      0.000169      0.000254     -7.450970     -7.450716      0.238508
    562      0.000170      0.000255     -7.450971     -7.450716      0.238519
    563      0.000170      0.000255     -7.450971     -7.450716      0.238532
    564      0.000170      0.000255     -7.450971     -7.450716      0.238547
    565      0.000169      0.000254     -7.450970     -7.450716      0.238565
    566      0.000169      0.000253     -7.450969     -7.450716      0.238586
    567      0.000167      0.000251     -7.450967     -7.450716      0.238609
    568      0.000166      0.000249     -7.450965     -7.450716      0.238634
    569      0.000164      0.000246     -7.450962     -7.450716      0.238661
    570      0.000162      0.000243     -7.450959     -7.450716      0.238690
    571      0.000160      0.000240     -7.450956     -7.450716      0.238721
    572      0.000158      0.000237     -7.450953     -7.450716      0.238752
    573      0.000155      0.000233     -7.450950     -7.450716      0.238784
    574      0.000153      0.000230     -7.450946     -7.450716      0.238817
    575      0.000151      0.000226     -7.450942     -7.450716      0.238850
    576      0.000148      0.000222     -7.450938     -7.450716      0.238882
    577      0.000146      0.000218     -7.450935     -7.450716      0.238915
    578      0.000143      0.000215     -7.450931     -7.450716      0.238946
    579      0.000141      0.000211     -7.450928     -7.450716      0.238976
    580      0.000139      0.000208     -7.450924     -7.450716      0.239004
    581      0.000137      0.000205     -7.450921     -7.450716      0.239031
    582      0.000135      0.000202     -7.450919     -7.450716      0.239055
    583      0.000133      0.000200     -7.450916     -7.450716      0.239077
    584      0.000132      0.000198     -7.450914     -7.450716      0.239097
    585      0.000131      0.000196     -7.450912     -7.450716      0.239115
    586      0.000130      0.000195     -7.450911     -7.450716      0.239129
    587      0.000129      0.000194     -7.450910     -7.450716      0.239141
    588      0.000129      0.000194     -7.450910     -7.450716      0.239151
    589      0.000129      0.000194     -7.450910     -7.450716      0.239157
    590      0.000129      0.000194     -7.450910     -7.450716      0.239162
    591      0.000130      0.000194     -7.450911     -7.450716      0.239164
    592      0.000130      0.000195     -7.450912     -7.450716      0.239165
    593      0.000131      0.000196     -7.450913     -7.450716      0.239164
    594      0.000132      0.000198     -7.450914     -7.450716      0.239161
    595      0.000133      0.000199     -7.450915     -7.450716      0.239157
    596      0.000134      0.000200     -7.450917     -7.450716      0.239152
    597      0.000135      0.000202     -7.450918     -7.450716      0.239147
    598      0.000136      0.000203     -7.450920     -7.450716      0.239142
    599      0.000137      0.000205     -7.450921     -7.450716      0.239136
    600      0.000137      0.000206     -7.450922     -7.450716      0.239132
    601      0.000138      0.000207     -7.450923     -7.450716      0.239127
    602      0.000139      0.000208     -7.450924     -7.450716      0.239124
    603      0.000139      0.000208     -7.450925     -7.450716      0.239122
    604      0.000139      0.000209     -7.450925     -7.450716      0.239122
    605      0.000139      0.000208     -7.450924     -7.450716      0.239123
    606      0.000138      0.000208     -7.450924     -7.450716      0.239126
    607      0.000138      0.000207     -7.450923     -7.450716      0.239130
    608      0.000137      0.000205     -7.450922     -7.450716      0.239136
    609      0.000136      0.000204     -7.450920     -7.450716      0.239144
    610      0.000134      0.000202     -7.450918     -7.450716      0.239153
    611      0.000133      0.000199     -7.450916     -7.450716      0.239164
    612      0.000131      0.000197     -7.450913     -7.450716      0.239176
    613      0.000129      0.000194     -7.450910     -7.450716      0.239189
    614      0.000127      0.000190     -7.450907     -7.450716      0.239202
    615      0.000125      0.000187     -7.450904     -7.450716      0.239217
    616      0.000123      0.000184     -7.450900     -7.450716      0.239231
    617      0.000120      0.000181     -7.450897     -7.450716      0.239244
    618      0.000118      0.000177     -7.450894     -7.450716      0.239258
    619      0.000116      0.000174     -7.450891     -7.450716      0.239270
    620      0.000114      0.000171     -7.450888     -7.450716      0.239282
    621      0.000112      0.000168     -7.450885     -7.450716      0.239292
    622      0.000111      0.000166     -7.450882     -7.450716      0.239299
    623      0.000109      0.000164     -7.450880     -7.450716      0.239305
    624      0.000108      0.000162     -7.450878     -7.450716      0.239309
    625      0.000107      0.000161     -7.450877     -7.450716      0.239309
    626      0.000106      0.000160     -7.450876     -7.450716      0.239307
    627      0.000106      0.000159     -7.450876     -7.450716      0.239301
    628      0.000106      0.000159     -7.450876     -7.450716      0.239292
    629      0.000107      0.000160     -7.450876     -7.450716      0.239280
    630      0.000107      0.000161     -7.450878     -7.450716      0.239265
    631      0.000109      0.000163     -7.450879     -7.450716      0.239247
    632      0.000110      0.000165     -7.450881     -7.450716      0.239225
    633      0.000112      0.000168     -7.450884     -7.450716      0.239201
    634      0.000114      0.000171     -7.450887     -7.450716      0.239174
    635      0.000116      0.000175     -7.450891     -7.450716      0.239144
    636      0.000119      0.000178     -7.450895     -7.450716      0.239112
    637      0.000122      0.000183     -7.450899     -7.450716      0.239078
    638      0.000125      0.000187     -7.450904     -7.450716      0.239042
    639      0.000128      0.000192     -7.450908     -7.450716      0.239004
    640      0.000131      0.000197     -7.450913     -7.450716      0.238966
    641      0.000135      0.000202     -7.450918     -7.450716      0.238927
    642      0.000138      0.000207     -7.450923     -7.450716      0.238888
    643      0.000141      0.000212     -7.450928     -7.450716      0.238849
    644      0.000145      0.000217     -7.450933     -7.450716      0.238810
    645      0.000148      0.000222     -7.450938     -7.450716      0.238772
    646      0.000151      0.000226     -7.450943     -7.450716      0.238735
    647      0.000154      0.000230     -7.450947     -7.450716      0.238699
    648      0.000156      0.000234     -7.450951     -7.450716      0.238665
    649      0.000159      0.000238     -7.450954     -7.450716      0.238633
    650      0.000161      0.000241     -7.450958     -7.450716      0.238602
    651      0.000163      0.000244     -7.450961     -7.450716      0.238574
    652      0.000164      0.000247     -7.450963     -7.450716      0.238547
    653      0.000166      0.000249     -7.450965     -7.450716      0.238523
    654      0.000167      0.000250     -7.450966     -7.450716      0.238501
    655      0.000168      0.000251     -7.450968     -7.450716      0.238482
    656      0.000168      0.000252     -7.450968     -7.450716      0.238464
    657      0.000168      0.000253     -7.450969     -7.450716      0.238448
    658      0.000168      0.000253     -7.450969     -7.450716      0.238434
    659      0.000168      0.000252     -7.450969     -7.450716      0.238421
    660      0.000168      0.000252     -7.450968     -7.450716      0.238410
    661      0.000167      0.000251     -7.450967     -7.450716      0.238400
    662      0.000167      0.000250     -7.450966     -7.450716      0.238391
    663      0.000166      0.000249     -7.450965     -7.450716      0.238383
    664      0.000165      0.000247     -7.450964     -7.450716      0.238376
    665      0.000164      0.000246     -7.450962     -7.450716      0.238368
    666      0.000163      0.000245     -7.450961     -7.450716      0.238361
    667      0.000162      0.000243     -7.450959     -7.450716      0.238353
    668      0.000161      0.000242     -7.450958     -7.450716      0.238345
    669      0.000160      0.000241     -7.450957     -7.450716      0.238337
    670      0.000160      0.000239     -7.450956     -7.450716      0.238327
    671      0.000159      0.000238     -7.450955     -7.450716      0.238317
    672      0.000158      0.000237     -7.450954     -7.450716      0.238306
    673      0.000158      0.000237     -7.450953     -7.450716      0.238294
    674      0.000158      0.000236     -7.450953     -7.450716      0.238280
    675      0.000157      0.000236     -7.450952     -7.450716      0.238266
    676      0.000157      0.000236     -7.450952     -7.450716      0.238251
    677      0.000157      0.000236     -7.450952     -7.450716      0.238235
    678      0.000157      0.000236     -7.450952     -7.450716      0.238218
    679      0.000157      0.000236     -7.450952     -7.450716      0.238200
    680      0.000158      0.000236     -7.450953     -7.450716      0.238182
    681      0.000158      0.000237     -7.450953     -7.450716      0.238163
    682      0.000158      0.000237     -7.450954     -7.450716      0.238144
    683      0.000158      0.000238     -7.450954     -7.450716      0.238125
    684      0.000159      0.000238     -7.450955     -7.450716      0.238105
    685      0.000159      0.000239     -7.450955     -7.450716      0.238086
    686      0.000160      0.000240     -7.450956     -7.450716      0.238067
    687      0.000160      0.000240     -7.450956     -7.450716      0.238049
    688      0.000160      0.000241     -7.450957     -7.450716      0.238031
    689      0.000161      0.000241     -7.450958     -7.450716      0.238014
    690      0.000161      0.000241     -7.450958     -7.450716      0.237998
    691      0.000161      0.000241     -7.450958     -7.450716      0.237984
    692      0.000161      0.000241     -7.450958     -7.450716      0.237971
    693      0.000161      0.000241     -7.450957     -7.450716      0.237959
    694      0.000160      0.000240     -7.450957     -7.450716      0.237949
    695      0.000160      0.000240     -7.450956     -7.450716      0.237940
    696      0.000159      0.000239     -7.450955     -7.450716      0.237933
    697      0.000159      0.000238     -7.450954     -7.450716      0.237927
    698      0.000158      0.000237     -7.450953     -7.450716      0.237923
    699      0.000157      0.000235     -7.450951     -7.450716      0.237921
    700      0.000156      0.000233     -7.450950     -7.450716      0.237920
    701      0.000154      0.000232     -7.450948     -7.450716      0.237920
    702      0.000153      0.000230     -7.450946     -7.450716      0.237922
    703      0.000152      0.000227     -7.450944     -7.450716      0.237925
    704      0.000150      0.000225     -7.450941     -7.450716      0.237929
    705      0.000149      0.000223     -7.450939     -7.450716      0.237934
    706      0.000147      0.000221     -7.450937     -7.450716      0.237940
    707      0.000146      0.000218     -7.450935     -7.450716      0.237946
    708      0.000144      0.000216     -7.450932     -7.450716      0.237953
    709      0.000143      0.000214     -7.450930     -7.450716      0.237960
    710      0.000141      0.000212     -7.450928     -7.450716      0.237968
    711      0.000140      0.000209     -7.450926     -7.450716      0.237976
    712      0.000138      0.000207     -7.450924     -7.450716      0.237983
    713      0.000137      0.000206     -7.450922     -7.450716      0.237990
    714      0.000136      0.000204     -7.450920     -7.450716      0.237997
    715      0.000135      0.000203     -7.450919     -7.450716      0.238004
    716      0.000134      0.000201     -7.450917     -7.450716      0.238010
    717      0.000133      0.000200     -7.450916     -7.450716      0.238015
    718      0.000133      0.000199     -7.450915     -7.450716      0.238021
    719      0.000132      0.000198     -7.450914     -7.450716      0.238025
    720      0.000132      0.000197     -7.450914     -7.450716      0.238029
    721      0.000131      0.000197     -7.450913     -7.450716      0.238032
    722      0.000131      0.000196     -7.450913     -7.450716      0.238035
    723      0.000131      0.000196     -7.450913     -7.450716      0.238037
    724      0.000131      0.000196     -7.450913     -7.450716      0.238038
    725      0.000131      0.000197     -7.450913     -7.450716      0.238039
    726      0.000131      0.000197     -7.450913     -7.450716      0.238039
    727      0.000132      0.000198     -7.450914     -7.450716      0.238038
    728      0.000132      0.000198     -7.450915     -7.450716      0.238038
    729      0.000133      0.000199     -7.450915     -7.450716      0.238037
    730      0.000133      0.000200     -7.450916     -7.450716      0.238036
    731      0.000134      0.000201     -7.450917     -7.450716      0.238034
    732      0.000135      0.000202     -7.450919     -7.450716      0.238033
    733      0.000135      0.000203     -7.450920     -7.450716      0.238031
    734      0.000136      0.000204     -7.450921     -7.450716      0.238030
    735      0.000137      0.000205     -7.450922     -7.450716      0.238029
    736      0.000138      0.000207     -7.450923     -7.450716      0.238029
    737      0.000138      0.000208     -7.450924     -7.450716      0.238028
    738      0.000139      0.000209     -7.450925     -7.450716      0.238028
    739      0.000140      0.000209     -7.450926     -7.450716      0.238029
    740      0.000140      0.000210     -7.450927     -7.450716      0.238030
    741      0.000141      0.000211     -7.450928     -7.450716      0.238032
    742      0.000141      0.000212     -7.450928     -7.450716      0.238034
    743      0.000142      0.000213     -7.450929     -7.450716      0.238037
    744      0.000143      0.000214     -7.450930     -7.450716      0.238040
    745      0.000143      0.000215     -7.450932     -7.450716      0.238044
    746      0.000144      0.000216     -7.450932     -7.450716      0.238049
    747      0.000145      0.000217     -7.450933     -7.450716      0.238054
    748      0.000145      0.000218     -7.450934     -7.450716      0.238060
    749      0.000146      0.000218     -7.450935     -7.450716      0.238067
    750      0.000146      0.000219     -7.450936     -7.450716      0.238074
    751      0.000147      0.000220     -7.450936     -7.450716      0.238082
    752      0.000147      0.000221     -7.450937     -7.450716      0.238091
    753      0.000148      0.000222     -7.450938     -7.450716      0.238100
    754      0.000148      0.000222     -7.450939     -7.450716      0.238110
    755      0.000148      0.000222     -7.450939     -7.450716      0.238121
    756      0.000148      0.000223     -7.450939     -7.450716      0.238133
    757      0.000149      0.000223     -7.450939     -7.450716      0.238145
    758      0.000149      0.000223     -7.450939     -7.450716      0.238158
    759      0.000149      0.000223     -7.450939     -7.450716      0.238171
    760      0.000149      0.000223     -7.450939     -7.450716      0.238185
    761      0.000148      0.000223     -7.450939     -7.450716      0.238199
    762      0.000148      0.000223     -7.450939     -7.450716      0.238214
    763      0.000148      0.000222     -7.450939     -7.450716      0.238228
    764      0.000148      0.000222     -7.450939     -7.450716      0.238243
    765      0.000148      0.000222     -7.450938     -7.450716      0.238258
    766      0.000148      0.000222     -7.450938     -7.450716      0.238273
    767      0.000148      0.000221     -7.450938     -7.450716      0.238288
    768      0.000147      0.000221     -7.450937     -7.450716      0.238303
    769      0.000147      0.000221     -7.450937     -7.450716      0.238318
    770      0.000147      0.000221     -7.450937     -7.450716      0.238332
    771      0.000147      0.000221     -7.450937     -7.450716      0.238346
    772      0.000147      0.000221     -7.450937     -7.450716      0.238360
    773      0.000147      0.000221     -7.450937     -7.450716      0.238373
    774      0.000147      0.000221     -7.450937     -7.450716      0.238386
    775      0.000147      0.000221     -7.450938     -7.450716      0.238398
    776      0.000148      0.000222     -7.450938     -7.450716      0.238409
    777      0.000148      0.000222     -7.450939     -7.450716      0.238420
    778      0.000149      0.000223     -7.450940     -7.450716      0.238430
    779      0.000149      0.000224     -7.450940     -7.450716      0.238440
    780      0.000150      0.000225     -7.450941     -7.450716      0.238450
    781      0.000151      0.000226     -7.450943     -7.450716      0.238459
    782      0.000152      0.000227     -7.450944     -7.450716      0.238468
    783      0.000152      0.000229     -7.450945     -7.450716      0.238477
    784      0.000153      0.000230     -7.450946     -7.450716      0.238485
    785      0.000154      0.000231     -7.450947     -7.450716      0.238494
    786      0.000155      0.000232     -7.450948     -7.450716      0.238503
    787      0.000155      0.000233     -7.450949     -7.450716      0.238512
    788      0.000156      0.000234     -7.450950     -7.450716      0.238522
    789      0.000156      0.000235     -7.450951     -7.450716      0.238532
    790      0.000157      0.000235     -7.450952     -7.450716      0.238543
    791      0.000157      0.000236     -7.450952     -7.450716      0.238554
    792      0.000157      0.000236     -7.450952     -7.450716      0.238565
    793      0.000157      0.000236     -7.450953     -7.450716      0.238577
    794      0.000157      0.000236     -7.450952     -7.450716      0.238590
    795      0.000157      0.000236     -7.450952     -7.450716      0.238604
    796      0.000157      0.000236     -7.450952     -7.450716      0.238618
    797      0.000157      0.000235     -7.450951     -7.450716      0.238634
    798      0.000156      0.000235     -7.450951     -7.450716      0.238649
    799      0.000156      0.000234     -7.450950     -7.450716      0.238665
    800      0.000155      0.000233     -7.450950     -7.450716      0.238682
    801      0.000155      0.000232     -7.450949     -7.450716      0.238700
    802      0.000154      0.000231     -7.450947     -7.450716      0.238718
    803      0.000153      0.000230     -7.450946     -7.450716      0.238737
    804      0.000152      0.000228     -7.450945     -7.450716      0.238756
    805      0.000151      0.000226     -7.450943     -7.450717      0.238776
    806      0.000150      0.000225     -7.450941     -7.450717      0.238796
    807      0.000149      0.000223     -7.450940     -7.450717      0.238815
    808      0.000147      0.000221     -7.450938     -7.450717      0.238835
    809      0.000146      0.000219     -7.450936     -7.450717      0.238855
    810      0.000145      0.000217     -7.450934     -7.450717      0.238874
    811      0.000144      0.000216     -7.450932     -7.450717      0.238893
    812      0.000142      0.000214     -7.450930     -7.450717      0.238912
    813      0.000141      0.000212     -7.450928     -7.450717      0.238930
    814      0.000140      0.000210     -7.450926     -7.450717      0.238947
    815      0.000139      0.000208     -7.450925     -7.450717      0.238964
    816      0.000138      0.000206     -7.450923     -7.450717      0.238980
    817      0.000136      0.000205     -7.450921     -7.450717      0.238994
    818      0.000136      0.000203     -7.450920     -7.450717      0.239008
    819      0.000135      0.000202     -7.450919     -7.450717      0.239020
    820      0.000134      0.000201     -7.450918     -7.450717      0.239031
    821      0.000134      0.000200     -7.450917     -7.450717      0.239041
    822      0.000133      0.000200     -7.450916     -7.450717      0.239050
    823      0.000133      0.000199     -7.450916     -7.450717      0.239058
    824      0.000132      0.000199     -7.450915     -7.450717      0.239065
    825      0.000132      0.000198     -7.450915     -7.450717      0.239070
    826      0.000132      0.000198     -7.450915     -7.450717      0.239075
    827      0.000132      0.000198     -7.450915     -7.450717      0.239078
    828      0.000132      0.000199     -7.450915     -7.450717      0.239081
    829      0.000133      0.000199     -7.450916     -7.450717      0.239083
    830      0.000133      0.000199     -7.450916     -7.450717      0.239085
    831      0.000133      0.000200     -7.450916     -7.450717      0.239086
    832      0.000133      0.000200     -7.450917     -7.450717      0.239087
    833      0.000134      0.000200     -7.450917     -7.450717      0.239087
    834      0.000134      0.000201     -7.450917     -7.450717      0.239088
    835      0.000134      0.000201     -7.450917     -7.450717      0.239089
    836      0.000134      0.000201     -7.450918     -7.450717      0.239090
    837      0.000134      0.000201     -7.450918     -7.450717      0.239092
    838      0.000134      0.000201     -7.450918     -7.450717      0.239093
    839      0.000134      0.000201     -7.450918     -7.450717      0.239095
    840      0.000134      0.000201     -7.450918     -7.450717      0.239098
    841      0.000134      0.000201     -7.450917     -7.450717      0.239101
    842      0.000133      0.000200     -7.450917     -7.450717      0.239105
    843      0.000133      0.000199     -7.450916     -7.450717      0.239109
    844      0.000132      0.000199     -7.450915     -7.450717      0.239113
    845      0.000132      0.000198     -7.450914     -7.450717      0.239118
    846      0.000131      0.000197     -7.450914     -7.450717      0.239123
    847      0.000131      0.000196     -7.450913     -7.450717      0.239129
    848      0.000130      0.000195     -7.450912     -7.450717      0.239135
    849      0.000129      0.000194     -7.450910     -7.450717      0.239140
    850      0.000128      0.000193     -7.450909     -7.450717      0.239146
    851      0.000128      0.000191     -7.450908     -7.450717      0.239152
    852      0.000127      0.000190     -7.450907     -7.450717      0.239157
    853      0.000126      0.000189     -7.450905     -7.450717      0.239161
    854      0.000125      0.000188     -7.450904     -7.450717      0.239164
    855      0.000125      0.000187     -7.450903     -7.450717      0.239167
    856      0.000124      0.000186     -7.450903     -7.450717      0.239167
    857      0.000124      0.000186     -7.450902     -7.450717      0.239167
    858      0.000124      0.000186     -7.450902     -7.450716      0.239165
    859      0.000124      0.000186     -7.450902     -7.450716      0.239161
    860      0.000124      0.000186     -7.450903     -7.450717      0.239156
    861      0.000124      0.000187     -7.450903     -7.450717      0.239148
    862      0.000125      0.000187     -7.450904     -7.450717      0.239139
    863      0.000126      0.000189     -7.450905     -7.450717      0.239128
    864      0.000127      0.000190     -7.450907     -7.450716      0.239115
    865      0.000128      0.000192     -7.450908     -7.450716      0.239100
    866      0.000129      0.000194     -7.450910     -7.450716      0.239083
    867      0.000131      0.000196     -7.450913     -7.450716      0.239064
    868      0.000132      0.000199     -7.450915     -7.450716      0.239044
    869      0.000134      0.000201     -7.450918     -7.450716      0.239022
    870      0.000136      0.000204     -7.450921     -7.450716      0.238999
    871      0.000138      0.000207     -7.450924     -7.450716      0.238974
    872      0.000140      0.000210     -7.450927     -7.450716      0.238949
    873      0.000142      0.000213     -7.450930     -7.450716      0.238923
    874      0.000144      0.000217     -7.450933     -7.450716      0.238897
    875      0.000146      0.000220     -7.450936     -7.450716      0.238871
    876      0.000148      0.000223     -7.450939     -7.450716      0.238844
    877      0.000150      0.000226     -7.450942     -7.450716      0.238818
    878      0.000152      0.000228     -7.450945     -7.450716      0.238792
    879      0.000154      0.000231     -7.450947     -7.450716      0.238766
    880      0.000156      0.000233     -7.450950     -7.450716      0.238742
    881      0.000157      0.000235     -7.450952     -7.450717      0.238718
    882      0.000158      0.000237     -7.450954     -7.450717      0.238696
    883      0.000159      0.000239     -7.450956     -7.450716      0.238675
    884      0.000160      0.000241     -7.450957     -7.450716      0.238655
    885      0.000161      0.000242     -7.450958     -7.450716      0.238637
    886      0.000162      0.000242     -7.450959     -7.450716      0.238620
    887      0.000162      0.000243     -7.450959     -7.450716      0.238605
    888      0.000162      0.000243     -7.450959     -7.450716      0.238592
    889      0.000162      0.000243     -7.450959     -7.450716      0.238580
    890      0.000161      0.000242     -7.450958     -7.450716      0.238570
    891      0.000161      0.000241     -7.450958     -7.450716      0.238561
    892      0.000160      0.000240     -7.450956     -7.450716      0.238553
    893      0.000159      0.000238     -7.450955     -7.450716      0.238546
    894      0.000158      0.000237     -7.450953     -7.450716      0.238541
    895      0.000157      0.000235     -7.450952     -7.450716      0.238535
    896      0.000156      0.000233     -7.450950     -7.450716      0.238531
    897      0.000154      0.000232     -7.450948     -7.450716      0.238526
    898      0.000153      0.000230     -7.450946     -7.450716      0.238521
    899      0.000152      0.000228     -7.450944     -7.450716      0.238517
    900      0.000151      0.000226     -7.450942     -7.450716      0.238511
    901      0.000150      0.000224     -7.450941     -7.450716      0.238505
    902      0.000148      0.000223     -7.450939     -7.450716      0.238499
    903      0.000148      0.000221     -7.450938     -7.450716      0.238491
    904      0.000147      0.000220     -7.450937     -7.450716      0.238481
    905      0.000146      0.000220     -7.450936     -7.450716      0.238471
    906      0.000146      0.000219     -7.450936     -7.450716      0.238458
    907      0.000146      0.000219     -7.450935     -7.450716      0.238444
    908      0.000146      0.000219     -7.450936     -7.450716      0.238429
    909      0.000146      0.000219     -7.450936     -7.450716      0.238412
    910      0.000147      0.000220     -7.450937     -7.450716      0.238394
    911      0.000148      0.000221     -7.450938     -7.450716      0.238374
    912      0.000149      0.000223     -7.450939     -7.450716      0.238352
    913      0.000150      0.000224     -7.450941     -7.450717      0.238329
    914      0.000151      0.000226     -7.450943     -7.450717      0.238305
    915      0.000152      0.000228     -7.450945     -7.450716      0.238281
    916      0.000154      0.000231     -7.450947     -7.450716      0.238256
    917      0.000155      0.000233     -7.450949     -7.450716      0.238231
    918      0.000157      0.000235     -7.450951     -7.450716      0.238206
    919      0.000158      0.000237     -7.450953     -7.450717      0.238182
    920      0.000159      0.000239     -7.450955     -7.450717      0.238158
    921      0.000160      0.000240     -7.450957     -7.450717      0.238136
    922      0.000161      0.000242     -7.450958     -7.450717      0.238115
    923      0.000162      0.000243     -7.450960     -7.450716      0.238095
    924      0.000163      0.000244     -7.450960     -7.450716      0.238077
    925      0.000163      0.000245     -7.450961     -7.450716      0.238061
    926      0.000163      0.000245     -7.450961     -7.450716      0.238046
    927      0.000163      0.000245     -7.450962     -7.450716      0.238034
    928      0.000163      0.000245     -7.450961     -7.450716      0.238025
    929      0.000163      0.000244     -7.450960     -7.450716      0.238018
    930      0.000162      0.000243     -7.450959     -7.450716      0.238013
    931      0.000161      0.000242     -7.450958     -7.450716      0.238010
    932      0.000160      0.000240     -7.450957     -7.450716      0.238010
    933      0.000159      0.000238     -7.450955     -7.450716      0.238012
    934      0.000157      0.000236     -7.450952     -7.450716      0.238016
    935      0.000155      0.000233     -7.450950     -7.450716      0.238022
    936      0.000154      0.000230     -7.450947     -7.450716      0.238029
    937      0.000151      0.000227     -7.450944     -7.450716      0.238039
    938      0.000149      0.000224     -7.450940     -7.450716      0.238050
    939      0.000147      0.000220     -7.450937     -7.450716      0.238061
    940      0.000144      0.000217     -7.450933     -7.450716      0.238073
    941      0.000142      0.000213     -7.450930     -7.450716      0.238086
    942      0.000140      0.000210     -7.450926     -7.450716      0.238098
    943      0.000138      0.000207     -7.450923     -7.450716      0.238111
    944      0.000136      0.000204     -7.450920     -7.450716      0.238122
    945      0.000134      0.000201     -7.450917     -7.450716      0.238133
    946      0.000132      0.000198     -7.450915     -7.450716      0.238143
    947      0.000131      0.000196     -7.450912     -7.450716      0.238151
    948      0.000129      0.000194     -7.450910     -7.450716      0.238158
    949      0.000128      0.000193     -7.450909     -7.450716      0.238163
    950      0.000128      0.000192     -7.450908     -7.450716      0.238166
    951      0.000127      0.000191     -7.450907     -7.450716      0.238167
    952      0.000127      0.000191     -7.450907     -7.450716      0.238166
    953      0.000127      0.000191     -7.450907     -7.450716      0.238164
    954      0.000128      0.000191     -7.450908     -7.450716      0.238159
    955      0.000128      0.000192     -7.450909     -7.450716      0.238153
    956      0.000129      0.000193     -7.450910     -7.450716      0.238145
    957      0.000130      0.000195     -7.450911     -7.450716      0.238136
    958      0.000131      0.000197     -7.450913     -7.450716      0.238125
    959      0.000132      0.000199     -7.450915     -7.450716      0.238113
    960      0.000134      0.000201     -7.450917     -7.450716      0.238101
    961      0.000135      0.000203     -7.450920     -7.450716      0.238088
    962      0.000137      0.000206     -7.450922     -7.450716      0.238074
    963      0.000139      0.000208     -7.450924     -7.450716      0.238061
    964      0.000140      0.000211     -7.450927     -7.450716      0.238048
    965      0.000142      0.000213     -7.450929     -7.450716      0.238035
    966      0.000144      0.000215     -7.450932     -7.450716      0.238023
    967      0.000145      0.000218     -7.450934     -7.450716      0.238012
    968      0.000146      0.000220     -7.450936     -7.450716      0.238003
    969      0.000148      0.000222     -7.450938     -7.450716      0.237995
    970      0.000149      0.000223     -7.450940     -7.450716      0.237989
    971      0.000150      0.000225     -7.450941     -7.450716      0.237984
    972      0.000151      0.000226     -7.450942     -7.450716      0.237982
    973      0.000151      0.000227     -7.450943     -7.450716      0.237981
    974      0.000151      0.000227     -7.450943     -7.450716      0.237983
    975      0.000152      0.000227     -7.450944     -7.450716      0.237987
    976      0.000152      0.000227     -7.450944     -7.450716      0.237993
    977      0.000151      0.000227     -7.450943     -7.450716      0.238001
    978      0.000151      0.000226     -7.450942     -7.450716      0.238011
    979      0.000150      0.000225     -7.450941     -7.450716      0.238023
    980      0.000149      0.000224     -7.450940     -7.450716      0.238036
    981      0.000148      0.000223     -7.450939     -7.450716      0.238051
    982      0.000147      0.000221     -7.450938     -7.450716      0.238067
    983      0.000146      0.000220     -7.450936     -7.450716      0.238084
    984      0.000145      0.000218     -7.450935     -7.450716      0.238101
    985      0.000145      0.000217     -7.450933     -7.450716      0.238119
    986      0.000144      0.000215     -7.450932     -7.450716      0.238137
    987      0.000143      0.000214     -7.450930     -7.450716      0.238155
    988      0.000142      0.000213     -7.450929     -7.450716      0.238172
    989      0.000141      0.000211     -7.450928     -7.450716      0.238189
    990      0.000140      0.000210     -7.450927     -7.450716      0.238205
    991      0.000140      0.000210     -7.450926     -7.450716      0.238220
    992      0.000140      0.000209     -7.450926     -7.450716      0.238234
    993      0.000139      0.000209     -7.450926     -7.450716      0.238246
    994      0.000140      0.000209     -7.450926     -7.450716      0.238256
    995      0.000140      0.000210     -7.450926     -7.450716      0.238266
    996      0.000140      0.000210     -7.450927     -7.450716      0.238273
    997      0.000141      0.000211     -7.450928     -7.450716      0.238279
    998      0.000142      0.000213     -7.450929     -7.450716      0.238284
    999      0.000143      0.000214     -7.450931     -7.450716      0.238286
   1000      0.000144      0.000216     -7.450932     -7.450716      0.238288
#
# Means      0.000142      0.000213     -7.450929     -7.450716      0.238465
