#
# MD1: a minimal molecular dynamics program
#
# abc
#  Input sample: 4
#                                (only positions read from file)
# Output sample: i4
# Number of steps:    1000, time step: 0.0030, total time:      3.0000
# Number of atoms:   256
# Box size:    6.198400    6.198400    6.198400, Volume:        238.144
# Density:    1.074982 (unchanged)
# Free evolution run.
#
#  Step   Temperature     Kinetic      Potential   Total Energy    Pressure
# -----  ------------  ------------  ------------  ------------  ------------
      1      0.000000      0.000000     -7.463084     -7.463084      0.001499
      2      0.000001      0.000002     -7.463086     -7.463084      0.001492
      3      0.000003      0.000004     -7.463088     -7.463084      0.001478
      4      0.000006      0.000008     -7.463092     -7.463084      0.001457
      5      0.000009      0.000014     -7.463098     -7.463084      0.001429
      6      0.000013      0.000020     -7.463104     -7.463084      0.001396
      7      0.000018      0.000028     -7.463112     -7.463084      0.001357
      8      0.000024      0.000036     -7.463120     -7.463084      0.001314
      9      0.000030      0.000045     -7.463129     -7.463084      0.001267
     10      0.000036      0.000055     -7.463139     -7.463084      0.001216
     11      0.000043      0.000065     -7.463149     -7.463084      0.001164
     12      0.000050      0.000075     -7.463159     -7.463084      0.001110
     13      0.000057      0.000086     -7.463170     -7.463084      0.001056
     14      0.000064      0.000096     -7.463180     -7.463084      0.001003
     15      0.000071      0.000106     -7.463190     -7.463084      0.000951
     16      0.000077      0.000115     -7.463200     -7.463084      0.000902
     17      0.000083      0.000124     -7.463209     -7.463084      0.000856
     18      0.000088      0.000133     -7.463217     -7.463084      0.000814
     19      0.000093      0.000140     -7.463224     -7.463084      0.000777
     20      0.000097      0.000146     -7.463230     -7.463084      0.000745
     21      0.000101      0.000151     -7.463236     -7.463084      0.000718
     22      0.000104      0.000155     -7.463240     -7.463084      0.000698
     23      0.000106      0.000158     -7.463243     -7.463084      0.000684
     24      0.000107      0.000160     -7.463244     -7.463084      0.000676
     25      0.000107      0.000160     -7.463245     -7.463084      0.000675
     26      0.000106      0.000160     -7.463244     -7.463084      0.000680
     27      0.000105      0.000158     -7.463242     -7.463084      0.000691
     28      0.000103      0.000155     -7.463239     -7.463084      0.000708
     29      0.000100      0.000151     -7.463235     -7.463084      0.000729
     30      0.000097      0.000146     -7.463230     -7.463084      0.000756
     31      0.000093      0.000140     -7.463224     -7.463084      0.000786
     32      0.000089      0.000134     -7.463218     -7.463084      0.000820
     33      0.000085      0.000127     -7.463211     -7.463084      0.000857
     34      0.000080      0.000120     -7.463204     -7.463084      0.000896
     35      0.000075      0.000112     -7.463196     -7.463084      0.000935
     36      0.000070      0.000104     -7.463189     -7.463084      0.000975
     37      0.000065      0.000097     -7.463181     -7.463084      0.001015
     38      0.000060      0.000090     -7.463174     -7.463084      0.001053
     39      0.000055      0.000083     -7.463167     -7.463084      0.001089
     40      0.000051      0.000076     -7.463160     -7.463084      0.001123
     41      0.000047      0.000070     -7.463154     -7.463084      0.001154
     42      0.000043      0.000065     -7.463149     -7.463084      0.001181
     43      0.000040      0.000060     -7.463144     -7.463084      0.001204
     44      0.000038      0.000057     -7.463141     -7.463084      0.001223
     45      0.000036      0.000054     -7.463138     -7.463084      0.001237
     46      0.000035      0.000052     -7.463136     -7.463084      0.001246
     47      0.000034      0.000051     -7.463135     -7.463084      0.001251
     48      0.000034      0.000050     -7.463134     -7.463084      0.001251
     49      0.000034      0.000051     -7.463135     -7.463084      0.001247
     50      0.000035      0.000052     -7.463136     -7.463084      0.001239
     51      0.000036      0.000055     -7.463139     -7.463084      0.001226
     52      0.000038      0.000057     -7.463141     -7.463084      0.001211
     53      0.000040      0.000061     -7.463145     -7.463084      0.001192
     54      0.000043      0.000064     -7.463148     -7.463084      0.001172
     55      0.000046      0.000069     -7.463153     -7.463084      0.001149
     56      0.000049      0.000073     -7.463157     -7.463084      0.001125
     57      0.000052      0.000077     -7.463162     -7.463084      0.001100
     58      0.000055      0.000082     -7.463166     -7.463084      0.001075
     59      0.000058      0.000086     -7.463171     -7.463084      0.001051
     60      0.000060      0.000091     -7.463175     -7.463084      0.001028
     61      0.000063      0.000095     -7.463179     -7.463084      0.001007
     62      0.000066      0.000098     -7.463182     -7.463084      0.000987
     63      0.000068      0.000102     -7.463186     -7.463084      0.000970
     64      0.000069      0.000104     -7.463188     -7.463084      0.000956
     65      0.000071      0.000106     -7.463191     -7.463084      0.000945
     66      0.000072      0.000108     -7.463192     -7.463084      0.000937
     67      0.000073      0.000109     -7.463193     -7.463084      0.000932
     68      0.000073      0.000109     -7.463193     -7.463084      0.000930
     69      0.000073      0.000109     -7.463193     -7.463084      0.000932
     70      0.000072      0.000108     -7.463192     -7.463084      0.000937
     71      0.000071      0.000107     -7.463191     -7.463084      0.000945
     72      0.000070      0.000105     -7.463189     -7.463084      0.000955
     73      0.000068      0.000102     -7.463187     -7.463084      0.000968
     74      0.000067      0.000100     -7.463184     -7.463084      0.000983
     75      0.000065      0.000097     -7.463181     -7.463084      0.000999
     76      0.000062      0.000094     -7.463178     -7.463084      0.001016
     77      0.000060      0.000090     -7.463175     -7.463084      0.001034
     78      0.000058      0.000087     -7.463171     -7.463084      0.001052
     79      0.000056      0.000084     -7.463168     -7.463084      0.001070
     80      0.000054      0.000081     -7.463165     -7.463084      0.001087
     81      0.000052      0.000078     -7.463162     -7.463084      0.001103
     82      0.000050      0.000075     -7.463160     -7.463084      0.001117
     83      0.000049      0.000073     -7.463157     -7.463084      0.001129
     84      0.000048      0.000071     -7.463155     -7.463084      0.001139
     85      0.000047      0.000070     -7.463154     -7.463084      0.001147
     86      0.000046      0.000069     -7.463153     -7.463084      0.001152
     87      0.000046      0.000069     -7.463153     -7.463084      0.001154
     88      0.000046      0.000069     -7.463153     -7.463084      0.001154
     89      0.000046      0.000070     -7.463154     -7.463084      0.001150
     90      0.000047      0.000071     -7.463155     -7.463084      0.001145
     91      0.000048      0.000072     -7.463156     -7.463084      0.001136
     92      0.000050      0.000074     -7.463158     -7.463084      0.001126
     93      0.000051      0.000077     -7.463161     -7.463084      0.001113
     94      0.000053      0.000079     -7.463163     -7.463084      0.001099
     95      0.000055      0.000082     -7.463166     -7.463084      0.001084
     96      0.000057      0.000085     -7.463169     -7.463084      0.001067
     97      0.000059      0.000089     -7.463173     -7.463084      0.001050
     98      0.000061      0.000092     -7.463176     -7.463084      0.001033
     99      0.000063      0.000095     -7.463179     -7.463084      0.001016
    100      0.000065      0.000098     -7.463182     -7.463084      0.001000
    101      0.000067      0.000101     -7.463185     -7.463084      0.000985
    102      0.000069      0.000103     -7.463187     -7.463084      0.000971
    103      0.000070      0.000105     -7.463190     -7.463084      0.000959
    104      0.000072      0.000107     -7.463191     -7.463084      0.000949
    105      0.000073      0.000109     -7.463193     -7.463084      0.000941
    106      0.000073      0.000110     -7.463194     -7.463084      0.000935
    107      0.000073      0.000110     -7.463194     -7.463084      0.000932
    108      0.000073      0.000110     -7.463194     -7.463084      0.000932
    109      0.000073      0.000110     -7.463194     -7.463084      0.000934
    110      0.000073      0.000109     -7.463193     -7.463084      0.000939
    111      0.000072      0.000107     -7.463192     -7.463084      0.000946
    112      0.000070      0.000106     -7.463190     -7.463084      0.000955
    113      0.000069      0.000103     -7.463188     -7.463084      0.000966
    114      0.000067      0.000101     -7.463185     -7.463084      0.000979
    115      0.000066      0.000098     -7.463182     -7.463084      0.000994
    116      0.000064      0.000095     -7.463179     -7.463084      0.001009
    117      0.000062      0.000092     -7.463176     -7.463084      0.001025
    118      0.000059      0.000089     -7.463173     -7.463084      0.001042
    119      0.000057      0.000086     -7.463170     -7.463084      0.001058
    120      0.000055      0.000083     -7.463167     -7.463084      0.001074
    121      0.000053      0.000080     -7.463164     -7.463084      0.001089
    122      0.000052      0.000078     -7.463162     -7.463084      0.001104
    123      0.000050      0.000075     -7.463159     -7.463084      0.001116
    124      0.000049      0.000073     -7.463157     -7.463084      0.001127
    125      0.000048      0.000071     -7.463156     -7.463084      0.001136
    126      0.000047      0.000070     -7.463154     -7.463084      0.001143
    127      0.000046      0.000069     -7.463153     -7.463084      0.001147
    128      0.000046      0.000069     -7.463153     -7.463084      0.001149
    129      0.000046      0.000069     -7.463153     -7.463084      0.001149
    130      0.000046      0.000070     -7.463154     -7.463084      0.001146
    131      0.000047      0.000071     -7.463155     -7.463084      0.001141
    132      0.000048      0.000072     -7.463156     -7.463084      0.001134
    133      0.000049      0.000074     -7.463158     -7.463084      0.001125
    134      0.000051      0.000076     -7.463160     -7.463084      0.001113
    135      0.000052      0.000079     -7.463163     -7.463084      0.001101
    136      0.000054      0.000081     -7.463165     -7.463084      0.001087
    137      0.000056      0.000084     -7.463168     -7.463084      0.001072
    138      0.000058      0.000087     -7.463171     -7.463084      0.001057
    139      0.000060      0.000090     -7.463174     -7.463084      0.001041
    140      0.000062      0.000093     -7.463177     -7.463084      0.001025
    141      0.000064      0.000096     -7.463180     -7.463084      0.001010
    142      0.000066      0.000099     -7.463183     -7.463084      0.000996
    143      0.000067      0.000101     -7.463185     -7.463084      0.000983
    144      0.000069      0.000103     -7.463187     -7.463084      0.000971
    145      0.000070      0.000105     -7.463189     -7.463084      0.000961
    146      0.000071      0.000107     -7.463191     -7.463084      0.000953
    147      0.000072      0.000108     -7.463192     -7.463084      0.000947
    148      0.000072      0.000109     -7.463193     -7.463084      0.000943
    149      0.000073      0.000109     -7.463193     -7.463084      0.000941
    150      0.000073      0.000109     -7.463193     -7.463084      0.000942
    151      0.000072      0.000108     -7.463192     -7.463084      0.000945
    152      0.000071      0.000107     -7.463191     -7.463084      0.000950
    153      0.000071      0.000106     -7.463190     -7.463084      0.000957
    154      0.000069      0.000104     -7.463188     -7.463084      0.000966
    155      0.000068      0.000102     -7.463186     -7.463084      0.000977
    156      0.000066      0.000100     -7.463184     -7.463084      0.000989
    157      0.000065      0.000097     -7.463181     -7.463084      0.001003
    158      0.000063      0.000094     -7.463178     -7.463084      0.001017
    159      0.000061      0.000091     -7.463175     -7.463084      0.001032
    160      0.000059      0.000088     -7.463172     -7.463084      0.001047
    161      0.000057      0.000085     -7.463169     -7.463084      0.001063
    162      0.000055      0.000083     -7.463167     -7.463084      0.001078
    163      0.000053      0.000080     -7.463164     -7.463084      0.001092
    164      0.000051      0.000077     -7.463161     -7.463084      0.001105
    165      0.000050      0.000075     -7.463159     -7.463084      0.001117
    166      0.000049      0.000073     -7.463157     -7.463084      0.001127
    167      0.000047      0.000071     -7.463155     -7.463084      0.001136
    168      0.000047      0.000070     -7.463154     -7.463084      0.001143
    169      0.000046      0.000069     -7.463153     -7.463084      0.001148
    170      0.000046      0.000068     -7.463152     -7.463084      0.001151
    171      0.000045      0.000068     -7.463152     -7.463084      0.001151
    172      0.000046      0.000068     -7.463152     -7.463084      0.001150
    173      0.000046      0.000069     -7.463153     -7.463084      0.001146
    174      0.000047      0.000070     -7.463154     -7.463084      0.001141
    175      0.000048      0.000071     -7.463155     -7.463084      0.001134
    176      0.000049      0.000073     -7.463157     -7.463084      0.001125
    177      0.000050      0.000075     -7.463159     -7.463084      0.001114
    178      0.000052      0.000077     -7.463161     -7.463084      0.001103
    179      0.000053      0.000080     -7.463164     -7.463084      0.001090
    180      0.000055      0.000082     -7.463166     -7.463084      0.001077
    181      0.000057      0.000085     -7.463169     -7.463084      0.001063
    182      0.000058      0.000087     -7.463172     -7.463084      0.001049
    183      0.000060      0.000090     -7.463174     -7.463084      0.001035
    184      0.000062      0.000093     -7.463177     -7.463084      0.001022
    185      0.000063      0.000095     -7.463179     -7.463084      0.001009
    186      0.000065      0.000097     -7.463182     -7.463084      0.000997
    187      0.000066      0.000099     -7.463184     -7.463084      0.000987
    188      0.000068      0.000101     -7.463185     -7.463084      0.000978
    189      0.000069      0.000103     -7.463187     -7.463084      0.000970
    190      0.000069      0.000104     -7.463188     -7.463084      0.000964
    191      0.000070      0.000105     -7.463189     -7.463084      0.000959
    192      0.000070      0.000106     -7.463190     -7.463084      0.000956
    193      0.000071      0.000106     -7.463190     -7.463084      0.000955
    194      0.000071      0.000106     -7.463190     -7.463084      0.000956
    195      0.000070      0.000105     -7.463190     -7.463084      0.000959
    196      0.000070      0.000105     -7.463189     -7.463084      0.000963
    197      0.000069      0.000104     -7.463188     -7.463084      0.000968
    198      0.000068      0.000102     -7.463187     -7.463084      0.000975
    199      0.000067      0.000101     -7.463185     -7.463084      0.000983
    200      0.000066      0.000099     -7.463184     -7.463084      0.000992
    201      0.000065      0.000098     -7.463182     -7.463084      0.001002
    202      0.000064      0.000096     -7.463180     -7.463084      0.001012
    203      0.000062      0.000094     -7.463178     -7.463084      0.001022
    204      0.000061      0.000092     -7.463176     -7.463084      0.001033
    205      0.000060      0.000090     -7.463174     -7.463084      0.001044
    206      0.000059      0.000088     -7.463172     -7.463084      0.001054
    207      0.000057      0.000086     -7.463170     -7.463084      0.001063
    208      0.000056      0.000084     -7.463168     -7.463084      0.001072
    209      0.000055      0.000083     -7.463167     -7.463084      0.001080
    210      0.000054      0.000081     -7.463166     -7.463084      0.001088
    211      0.000054      0.000080     -7.463164     -7.463084      0.001094
    212      0.000053      0.000079     -7.463163     -7.463084      0.001098
    213      0.000052      0.000079     -7.463163     -7.463084      0.001102
    214      0.000052      0.000078     -7.463162     -7.463084      0.001104
    215      0.000052      0.000078     -7.463162     -7.463084      0.001105
    216      0.000052      0.000078     -7.463162     -7.463084      0.001105
    217      0.000052      0.000078     -7.463162     -7.463084      0.001104
    218      0.000052      0.000079     -7.463163     -7.463084      0.001101
    219      0.000053      0.000079     -7.463163     -7.463084      0.001098
    220      0.000053      0.000080     -7.463164     -7.463084      0.001093
    221      0.000054      0.000081     -7.463165     -7.463084      0.001088
    222      0.000055      0.000082     -7.463166     -7.463084      0.001083
    223      0.000055      0.000083     -7.463167     -7.463084      0.001076
    224      0.000056      0.000084     -7.463168     -7.463084      0.001070
    225      0.000057      0.000085     -7.463169     -7.463084      0.001063
    226      0.000058      0.000087     -7.463171     -7.463084      0.001057
    227      0.000059      0.000088     -7.463172     -7.463084      0.001050
    228      0.000059      0.000089     -7.463173     -7.463084      0.001044
    229      0.000060      0.000090     -7.463174     -7.463084      0.001038
    230      0.000061      0.000091     -7.463175     -7.463084      0.001032
    231      0.000061      0.000092     -7.463176     -7.463084      0.001027
    232      0.000062      0.000093     -7.463177     -7.463084      0.001023
    233      0.000062      0.000094     -7.463178     -7.463084      0.001019
    234      0.000063      0.000094     -7.463178     -7.463084      0.001016
    235      0.000063      0.000095     -7.463179     -7.463084      0.001013
    236      0.000063      0.000095     -7.463179     -7.463084      0.001011
    237      0.000064      0.000095     -7.463179     -7.463084      0.001010
    238      0.000064      0.000095     -7.463180     -7.463084      0.001010
    239      0.000064      0.000095     -7.463180     -7.463084      0.001010
    240      0.000064      0.000095     -7.463179     -7.463084      0.001011
    241      0.000063      0.000095     -7.463179     -7.463084      0.001012
    242      0.000063      0.000095     -7.463179     -7.463084      0.001013
    243      0.000063      0.000095     -7.463179     -7.463084      0.001015
    244      0.000063      0.000094     -7.463178     -7.463084      0.001016
    245      0.000063      0.000094     -7.463178     -7.463084      0.001018
    246      0.000062      0.000094     -7.463178     -7.463084      0.001020
    247      0.000062      0.000093     -7.463177     -7.463084      0.001022
    248      0.000062      0.000093     -7.463177     -7.463084      0.001024
    249      0.000062      0.000093     -7.463177     -7.463084      0.001026
    250      0.000062      0.000092     -7.463176     -7.463084      0.001028
    251      0.000061      0.000092     -7.463176     -7.463084      0.001029
    252      0.000061      0.000092     -7.463176     -7.463084      0.001031
    253      0.000061      0.000092     -7.463176     -7.463084      0.001032
    254      0.000061      0.000091     -7.463176     -7.463084      0.001033
    255      0.000061      0.000091     -7.463175     -7.463084      0.001033
    256      0.000061      0.000091     -7.463175     -7.463084      0.001034
    257      0.000061      0.000091     -7.463175     -7.463084      0.001035
    258      0.000061      0.000091     -7.463175     -7.463084      0.001035
    259      0.000060      0.000091     -7.463175     -7.463084      0.001036
    260      0.000060      0.000090     -7.463175     -7.463084      0.001036
    261      0.000060      0.000090     -7.463174     -7.463084      0.001037
    262      0.000060      0.000090     -7.463174     -7.463084      0.001038
    263      0.000060      0.000090     -7.463174     -7.463084      0.001040
    264      0.000060      0.000089     -7.463173     -7.463084      0.001042
    265      0.000059      0.000089     -7.463173     -7.463084      0.001044
    266      0.000059      0.000088     -7.463172     -7.463084      0.001046
    267      0.000058      0.000088     -7.463172     -7.463084      0.001049
    268      0.000058      0.000087     -7.463171     -7.463084      0.001052
    269      0.000057      0.000086     -7.463170     -7.463084      0.001056
    270      0.000057      0.000085     -7.463170     -7.463084      0.001060
    271      0.000056      0.000084     -7.463169     -7.463084      0.001065
    272      0.000056      0.000084     -7.463168     -7.463084      0.001069
    273      0.000055      0.000083     -7.463167     -7.463084      0.001074
    274      0.000054      0.000082     -7.463166     -7.463084      0.001079
    275      0.000054      0.000081     -7.463165     -7.463084      0.001085
    276      0.000053      0.000080     -7.463164     -7.463084      0.001090
    277      0.000052      0.000079     -7.463163     -7.463084      0.001095
    278      0.000052      0.000078     -7.463162     -7.463084      0.001099
    279      0.000051      0.000077     -7.463161     -7.463084      0.001103
    280      0.000051      0.000076     -7.463160     -7.463084      0.001107
    281      0.000050      0.000076     -7.463160     -7.463084      0.001110
    282      0.000050      0.000075     -7.463159     -7.463084      0.001112
    283      0.000050      0.000075     -7.463159     -7.463084      0.001114
    284      0.000050      0.000075     -7.463159     -7.463084      0.001115
    285      0.000050      0.000075     -7.463159     -7.463084      0.001114
    286      0.000050      0.000076     -7.463160     -7.463084      0.001112
    287      0.000051      0.000076     -7.463160     -7.463084      0.001110
    288      0.000051      0.000077     -7.463161     -7.463084      0.001106
    289      0.000052      0.000078     -7.463162     -7.463084      0.001101
    290      0.000053      0.000079     -7.463163     -7.463084      0.001095
    291      0.000054      0.000081     -7.463165     -7.463084      0.001088
    292      0.000055      0.000082     -7.463166     -7.463084      0.001080
    293      0.000056      0.000084     -7.463168     -7.463084      0.001071
    294      0.000057      0.000086     -7.463170     -7.463084      0.001061
    295      0.000059      0.000088     -7.463172     -7.463084      0.001051
    296      0.000060      0.000090     -7.463175     -7.463084      0.001040
    297      0.000062      0.000093     -7.463177     -7.463084      0.001029
    298      0.000063      0.000095     -7.463179     -7.463084      0.001018
    299      0.000065      0.000097     -7.463181     -7.463084      0.001006
    300      0.000066      0.000099     -7.463184     -7.463084      0.000995
    301      0.000068      0.000102     -7.463186     -7.463084      0.000984
    302      0.000069      0.000104     -7.463188     -7.463084      0.000974
    303      0.000070      0.000106     -7.463190     -7.463084      0.000965
    304      0.000071      0.000107     -7.463191     -7.463084      0.000956
    305      0.000072      0.000109     -7.463193     -7.463084      0.000949
    306      0.000073      0.000110     -7.463194     -7.463084      0.000942
    307      0.000074      0.000111     -7.463195     -7.463084      0.000937
    308      0.000074      0.000112     -7.463196     -7.463084      0.000934
    309      0.000075      0.000112     -7.463196     -7.463084      0.000932
    310      0.000075      0.000112     -7.463196     -7.463084      0.000931
    311      0.000075      0.000112     -7.463196     -7.463084      0.000932
    312      0.000074      0.000111     -7.463195     -7.463084      0.000935
    313      0.000074      0.000110     -7.463195     -7.463084      0.000939
    314      0.000073      0.000109     -7.463193     -7.463084      0.000945
    315      0.000072      0.000108     -7.463192     -7.463084      0.000952
    316      0.000071      0.000106     -7.463190     -7.463084      0.000960
    317      0.000069      0.000104     -7.463188     -7.463084      0.000969
    318      0.000068      0.000102     -7.463186     -7.463084      0.000980
    319      0.000067      0.000100     -7.463184     -7.463084      0.000991
    320      0.000065      0.000097     -7.463181     -7.463084      0.001003
    321      0.000063      0.000095     -7.463179     -7.463084      0.001016
    322      0.000061      0.000092     -7.463176     -7.463084      0.001029
    323      0.000060      0.000090     -7.463174     -7.463084      0.001041
    324      0.000058      0.000087     -7.463171     -7.463084      0.001054
    325      0.000056      0.000084     -7.463169     -7.463084      0.001067
    326      0.000055      0.000082     -7.463166     -7.463084      0.001079
    327      0.000053      0.000080     -7.463164     -7.463084      0.001090
    328      0.000052      0.000077     -7.463162     -7.463084      0.001101
    329      0.000050      0.000075     -7.463160     -7.463084      0.001111
    330      0.000049      0.000074     -7.463158     -7.463084      0.001119
    331      0.000048      0.000072     -7.463156     -7.463084      0.001127
    332      0.000047      0.000071     -7.463155     -7.463084      0.001133
    333      0.000047      0.000070     -7.463154     -7.463084      0.001138
    334      0.000046      0.000069     -7.463153     -7.463084      0.001141
    335      0.000046      0.000068     -7.463153     -7.463084      0.001144
    336      0.000046      0.000068     -7.463152     -7.463084      0.001145
    337      0.000046      0.000068     -7.463152     -7.463084      0.001144
    338      0.000046      0.000069     -7.463153     -7.463084      0.001143
    339      0.000046      0.000069     -7.463153     -7.463084      0.001140
    340      0.000047      0.000070     -7.463154     -7.463084      0.001136
    341      0.000047      0.000071     -7.463155     -7.463084      0.001131
    342      0.000048      0.000072     -7.463156     -7.463084      0.001126
    343      0.000049      0.000073     -7.463157     -7.463084      0.001119
    344      0.000050      0.000074     -7.463159     -7.463084      0.001113
    345      0.000051      0.000076     -7.463160     -7.463084      0.001106
    346      0.000052      0.000077     -7.463162     -7.463084      0.001098
    347      0.000053      0.000079     -7.463163     -7.463084      0.001090
    348      0.000054      0.000081     -7.463165     -7.463084      0.001083
    349      0.000055      0.000082     -7.463166     -7.463084      0.001075
    350      0.000056      0.000084     -7.463168     -7.463084      0.001068
    351      0.000057      0.000085     -7.463169     -7.463084      0.001061
    352      0.000058      0.000087     -7.463171     -7.463084      0.001055
    353      0.000059      0.000088     -7.463172     -7.463084      0.001049
    354      0.000059      0.000089     -7.463173     -7.463084      0.001043
    355      0.000060      0.000090     -7.463174     -7.463084      0.001038
    356      0.000061      0.000091     -7.463175     -7.463084      0.001034
    357      0.000061      0.000092     -7.463176     -7.463084      0.001030
    358      0.000062      0.000093     -7.463177     -7.463084      0.001027
    359      0.000062      0.000094     -7.463178     -7.463084      0.001024
    360      0.000063      0.000094     -7.463178     -7.463084      0.001022
    361      0.000063      0.000095     -7.463179     -7.463084      0.001020
    362      0.000063      0.000095     -7.463179     -7.463084      0.001019
    363      0.000064      0.000095     -7.463179     -7.463084      0.001018
    364      0.000064      0.000096     -7.463180     -7.463084      0.001017
    365      0.000064      0.000096     -7.463180     -7.463084      0.001016
    366      0.000064      0.000096     -7.463180     -7.463084      0.001015
    367      0.000064      0.000096     -7.463180     -7.463084      0.001014
    368      0.000064      0.000096     -7.463180     -7.463084      0.001014
    369      0.000064      0.000096     -7.463180     -7.463084      0.001013
    370      0.000064      0.000096     -7.463181     -7.463084      0.001012
    371      0.000064      0.000097     -7.463181     -7.463084      0.001011
    372      0.000065      0.000097     -7.463181     -7.463084      0.001009
    373      0.000065      0.000097     -7.463181     -7.463084      0.001008
    374      0.000065      0.000097     -7.463181     -7.463084      0.001006
    375      0.000065      0.000098     -7.463182     -7.463084      0.001004
    376      0.000065      0.000098     -7.463182     -7.463084      0.001002
    377      0.000065      0.000098     -7.463182     -7.463084      0.001000
    378      0.000066      0.000098     -7.463182     -7.463084      0.000998
    379      0.000066      0.000099     -7.463183     -7.463084      0.000996
    380      0.000066      0.000099     -7.463183     -7.463084      0.000994
    381      0.000066      0.000099     -7.463183     -7.463084      0.000993
    382      0.000066      0.000099     -7.463183     -7.463084      0.000991
    383      0.000066      0.000099     -7.463183     -7.463084      0.000990
    384      0.000066      0.000099     -7.463183     -7.463084      0.000990
    385      0.000066      0.000099     -7.463183     -7.463084      0.000990
    386      0.000066      0.000099     -7.463183     -7.463084      0.000991
    387      0.000066      0.000099     -7.463183     -7.463084      0.000992
    388      0.000065      0.000098     -7.463182     -7.463084      0.000994
    389      0.000065      0.000098     -7.463182     -7.463084      0.000997
    390      0.000065      0.000097     -7.463181     -7.463084      0.001000
    391      0.000064      0.000096     -7.463180     -7.463084      0.001005
    392      0.000063      0.000095     -7.463179     -7.463084      0.001010
    393      0.000062      0.000094     -7.463178     -7.463084      0.001016
    394      0.000062      0.000092     -7.463177     -7.463084      0.001023
    395      0.000061      0.000091     -7.463175     -7.463084      0.001030
    396      0.000060      0.000090     -7.463174     -7.463084      0.001038
    397      0.000059      0.000088     -7.463172     -7.463084      0.001046
    398      0.000058      0.000087     -7.463171     -7.463084      0.001055
    399      0.000057      0.000085     -7.463169     -7.463084      0.001063
    400      0.000056      0.000083     -7.463167     -7.463084      0.001072
    401      0.000054      0.000082     -7.463166     -7.463084      0.001081
    402      0.000053      0.000080     -7.463164     -7.463084      0.001089
    403      0.000052      0.000079     -7.463163     -7.463084      0.001097
    404      0.000052      0.000077     -7.463162     -7.463084      0.001105
    405      0.000051      0.000076     -7.463160     -7.463084      0.001111
    406      0.000050      0.000075     -7.463159     -7.463084      0.001117
    407      0.000050      0.000074     -7.463158     -7.463084      0.001122
    408      0.000049      0.000074     -7.463158     -7.463084      0.001126
    409      0.000049      0.000073     -7.463157     -7.463084      0.001128
    410      0.000049      0.000073     -7.463157     -7.463084      0.001129
    411      0.000049      0.000073     -7.463157     -7.463084      0.001129
    412      0.000049      0.000074     -7.463158     -7.463084      0.001128
    413      0.000049      0.000074     -7.463158     -7.463084      0.001125
    414      0.000050      0.000075     -7.463159     -7.463084      0.001120
    415      0.000051      0.000076     -7.463160     -7.463084      0.001115
    416      0.000051      0.000077     -7.463161     -7.463084      0.001108
    417      0.000052      0.000079     -7.463163     -7.463084      0.001100
    418      0.000054      0.000080     -7.463164     -7.463084      0.001091
    419      0.000055      0.000082     -7.463166     -7.463084      0.001081
    420      0.000056      0.000084     -7.463168     -7.463084      0.001071
    421      0.000057      0.000086     -7.463170     -7.463084      0.001060
    422      0.000059      0.000088     -7.463172     -7.463084      0.001049
    423      0.000060      0.000090     -7.463174     -7.463084      0.001037
    424      0.000062      0.000092     -7.463177     -7.463084      0.001026
    425      0.000063      0.000094     -7.463179     -7.463084      0.001015
    426      0.000064      0.000096     -7.463180     -7.463084      0.001005
    427      0.000065      0.000098     -7.463182     -7.463084      0.000995
    428      0.000066      0.000100     -7.463184     -7.463084      0.000987
    429      0.000067      0.000101     -7.463185     -7.463084      0.000979
    430      0.000068      0.000102     -7.463186     -7.463084      0.000973
    431      0.000069      0.000103     -7.463187     -7.463084      0.000968
    432      0.000069      0.000104     -7.463188     -7.463084      0.000964
    433      0.000069      0.000104     -7.463188     -7.463084      0.000963
    434      0.000069      0.000104     -7.463188     -7.463084      0.000962
    435      0.000069      0.000104     -7.463188     -7.463084      0.000964
    436      0.000069      0.000103     -7.463187     -7.463084      0.000967
    437      0.000068      0.000102     -7.463186     -7.463084      0.000972
    438      0.000067      0.000101     -7.463185     -7.463084      0.000978
    439      0.000066      0.000100     -7.463184     -7.463084      0.000986
    440      0.000065      0.000098     -7.463182     -7.463084      0.000995
    441      0.000064      0.000096     -7.463180     -7.463084      0.001005
    442      0.000063      0.000094     -7.463178     -7.463084      0.001016
    443      0.000061      0.000092     -7.463176     -7.463084      0.001027
    444      0.000060      0.000090     -7.463174     -7.463084      0.001040
    445      0.000058      0.000087     -7.463171     -7.463084      0.001052
    446      0.000057      0.000085     -7.463169     -7.463084      0.001065
    447      0.000055      0.000083     -7.463167     -7.463084      0.001077
    448      0.000054      0.000081     -7.463165     -7.463084      0.001088
    449      0.000052      0.000079     -7.463163     -7.463084      0.001099
    450      0.000051      0.000077     -7.463161     -7.463084      0.001109
    451      0.000050      0.000075     -7.463159     -7.463084      0.001118
    452      0.000049      0.000074     -7.463158     -7.463084      0.001126
    453      0.000049      0.000073     -7.463157     -7.463084      0.001132
    454      0.000048      0.000072     -7.463156     -7.463084      0.001136
    455      0.000048      0.000072     -7.463156     -7.463084      0.001138
    456      0.000048      0.000072     -7.463156     -7.463084      0.001139
    457      0.000048      0.000072     -7.463156     -7.463084      0.001138
    458      0.000048      0.000072     -7.463157     -7.463084      0.001135
    459      0.000049      0.000073     -7.463158     -7.463084      0.001130
    460      0.000050      0.000075     -7.463159     -7.463084      0.001123
    461      0.000051      0.000076     -7.463160     -7.463084      0.001114
    462      0.000052      0.000078     -7.463162     -7.463084      0.001104
    463      0.000054      0.000080     -7.463165     -7.463084      0.001093
    464      0.000055      0.000083     -7.463167     -7.463084      0.001081
    465      0.000057      0.000085     -7.463169     -7.463084      0.001067
    466      0.000059      0.000088     -7.463172     -7.463084      0.001053
    467      0.000060      0.000091     -7.463175     -7.463084      0.001038
    468      0.000062      0.000093     -7.463178     -7.463084      0.001024
    469      0.000064      0.000096     -7.463180     -7.463084      0.001009
    470      0.000066      0.000099     -7.463183     -7.463084      0.000995
    471      0.000068      0.000101     -7.463186     -7.463084      0.000981
    472      0.000069      0.000104     -7.463188     -7.463084      0.000968
    473      0.000071      0.000106     -7.463190     -7.463084      0.000957
    474      0.000072      0.000108     -7.463192     -7.463084      0.000946
    475      0.000073      0.000109     -7.463194     -7.463084      0.000937
    476      0.000074      0.000111     -7.463195     -7.463084      0.000930
    477      0.000074      0.000112     -7.463196     -7.463084      0.000925
    478      0.000075      0.000112     -7.463196     -7.463084      0.000922
    479      0.000075      0.000112     -7.463197     -7.463084      0.000921
    480      0.000075      0.000112     -7.463196     -7.463084      0.000922
    481      0.000074      0.000112     -7.463196     -7.463084      0.000925
    482      0.000074      0.000111     -7.463195     -7.463084      0.000930
    483      0.000073      0.000109     -7.463193     -7.463084      0.000936
    484      0.000072      0.000108     -7.463192     -7.463084      0.000945
    485      0.000070      0.000106     -7.463190     -7.463084      0.000956
    486      0.000069      0.000103     -7.463188     -7.463084      0.000968
    487      0.000067      0.000101     -7.463185     -7.463084      0.000981
    488      0.000065      0.000098     -7.463182     -7.463084      0.000995
    489      0.000063      0.000095     -7.463179     -7.463084      0.001010
    490      0.000061      0.000092     -7.463176     -7.463084      0.001026
    491      0.000059      0.000089     -7.463173     -7.463084      0.001042
    492      0.000057      0.000086     -7.463170     -7.463084      0.001059
    493      0.000055      0.000083     -7.463167     -7.463084      0.001075
    494      0.000053      0.000080     -7.463164     -7.463084      0.001090
    495      0.000051      0.000077     -7.463161     -7.463084      0.001105
    496      0.000050      0.000075     -7.463159     -7.463084      0.001119
    497      0.000048      0.000072     -7.463156     -7.463084      0.001132
    498      0.000047      0.000070     -7.463154     -7.463084      0.001144
    499      0.000045      0.000068     -7.463152     -7.463084      0.001154
    500      0.000044      0.000066     -7.463151     -7.463084      0.001162
    501      0.000043      0.000065     -7.463149     -7.463084      0.001168
    502      0.000043      0.000064     -7.463148     -7.463084      0.001173
    503      0.000042      0.000064     -7.463148     -7.463084      0.001176
    504      0.000042      0.000063     -7.463148     -7.463084      0.001177
    505      0.000042      0.000064     -7.463148     -7.463084      0.001176
    506      0.000043      0.000064     -7.463148     -7.463084      0.001173
    507      0.000043      0.000065     -7.463149     -7.463084      0.001169
    508      0.000044      0.000066     -7.463150     -7.463084      0.001163
    509      0.000045      0.000068     -7.463152     -7.463084      0.001155
    510      0.000046      0.000069     -7.463153     -7.463084      0.001146
    511      0.000047      0.000071     -7.463155     -7.463084      0.001135
    512      0.000049      0.000073     -7.463157     -7.463084      0.001124
    513      0.000050      0.000076     -7.463160     -7.463084      0.001112
    514      0.000052      0.000078     -7.463162     -7.463084      0.001099
    515      0.000054      0.000080     -7.463165     -7.463084      0.001086
    516      0.000055      0.000083     -7.463167     -7.463084      0.001073
    517      0.000057      0.000086     -7.463170     -7.463084      0.001060
    518      0.000059      0.000088     -7.463172     -7.463084      0.001047
    519      0.000060      0.000090     -7.463175     -7.463084      0.001034
    520      0.000062      0.000093     -7.463177     -7.463084      0.001022
    521      0.000063      0.000095     -7.463179     -7.463084      0.001010
    522      0.000065      0.000097     -7.463181     -7.463084      0.000999
    523      0.000066      0.000099     -7.463183     -7.463084      0.000990
    524      0.000067      0.000101     -7.463185     -7.463084      0.000981
    525      0.000068      0.000102     -7.463186     -7.463084      0.000973
    526      0.000069      0.000104     -7.463188     -7.463084      0.000967
    527      0.000070      0.000105     -7.463189     -7.463084      0.000961
    528      0.000070      0.000106     -7.463190     -7.463084      0.000957
    529      0.000071      0.000106     -7.463190     -7.463084      0.000954
    530      0.000071      0.000107     -7.463191     -7.463084      0.000953
    531      0.000071      0.000107     -7.463191     -7.463084      0.000952
    532      0.000071      0.000107     -7.463191     -7.463084      0.000952
    533      0.000071      0.000107     -7.463191     -7.463084      0.000954
    534      0.000071      0.000106     -7.463191     -7.463084      0.000956
    535      0.000071      0.000106     -7.463190     -7.463084      0.000959
    536      0.000070      0.000105     -7.463190     -7.463084      0.000962
    537      0.000070      0.000105     -7.463189     -7.463084      0.000966
    538      0.000069      0.000104     -7.463188     -7.463084      0.000971
    539      0.000069      0.000103     -7.463187     -7.463084      0.000976
    540      0.000068      0.000102     -7.463186     -7.463084      0.000982
    541      0.000067      0.000101     -7.463185     -7.463084      0.000987
    542      0.000067      0.000100     -7.463184     -7.463084      0.000993
    543      0.000066      0.000099     -7.463183     -7.463084      0.000999
    544      0.000065      0.000098     -7.463182     -7.463084      0.001005
    545      0.000064      0.000096     -7.463181     -7.463084      0.001011
    546      0.000064      0.000095     -7.463179     -7.463084      0.001017
    547      0.000063      0.000094     -7.463178     -7.463084      0.001023
    548      0.000062      0.000093     -7.463177     -7.463084      0.001028
    549      0.000061      0.000092     -7.463176     -7.463084      0.001034
    550      0.000061      0.000091     -7.463175     -7.463084      0.001039
    551      0.000060      0.000090     -7.463174     -7.463084      0.001045
    552      0.000059      0.000089     -7.463173     -7.463084      0.001050
    553      0.000058      0.000088     -7.463172     -7.463084      0.001055
    554      0.000058      0.000086     -7.463171     -7.463084      0.001060
    555      0.000057      0.000085     -7.463170     -7.463084      0.001065
    556      0.000056      0.000084     -7.463168     -7.463084      0.001070
    557      0.000056      0.000083     -7.463167     -7.463084      0.001075
    558      0.000055      0.000082     -7.463166     -7.463084      0.001079
    559      0.000054      0.000081     -7.463165     -7.463084      0.001084
    560      0.000054      0.000080     -7.463164     -7.463084      0.001089
    561      0.000053      0.000079     -7.463163     -7.463084      0.001093
    562      0.000052      0.000078     -7.463162     -7.463084      0.001097
    563      0.000052      0.000077     -7.463162     -7.463084      0.001102
    564      0.000051      0.000077     -7.463161     -7.463084      0.001106
    565      0.000051      0.000076     -7.463160     -7.463084      0.001109
    566      0.000050      0.000075     -7.463159     -7.463084      0.001113
    567      0.000050      0.000074     -7.463159     -7.463084      0.001116
    568      0.000049      0.000074     -7.463158     -7.463084      0.001118
    569      0.000049      0.000074     -7.463158     -7.463084      0.001120
    570      0.000049      0.000073     -7.463157     -7.463084      0.001122
    571      0.000049      0.000073     -7.463157     -7.463084      0.001123
    572      0.000049      0.000073     -7.463157     -7.463084      0.001123
    573      0.000049      0.000073     -7.463157     -7.463084      0.001122
    574      0.000049      0.000074     -7.463158     -7.463084      0.001120
    575      0.000049      0.000074     -7.463158     -7.463084      0.001118
    576      0.000050      0.000075     -7.463159     -7.463084      0.001114
    577      0.000051      0.000076     -7.463160     -7.463084      0.001110
    578      0.000051      0.000077     -7.463161     -7.463084      0.001105
    579      0.000052      0.000078     -7.463162     -7.463084      0.001098
    580      0.000053      0.000080     -7.463164     -7.463084      0.001091
    581      0.000054      0.000081     -7.463165     -7.463084      0.001083
    582      0.000055      0.000083     -7.463167     -7.463084      0.001074
    583      0.000057      0.000085     -7.463169     -7.463084      0.001065
    584      0.000058      0.000087     -7.463171     -7.463084      0.001055
    585      0.000059      0.000089     -7.463173     -7.463084      0.001044
    586      0.000061      0.000091     -7.463175     -7.463084      0.001033
    587      0.000062      0.000094     -7.463178     -7.463084      0.001022
    588      0.000064      0.000096     -7.463180     -7.463084      0.001011
    589      0.000065      0.000098     -7.463182     -7.463084      0.000999
    590      0.000067      0.000100     -7.463184     -7.463084      0.000988
    591      0.000068      0.000102     -7.463187     -7.463084      0.000978
    592      0.000070      0.000104     -7.463188     -7.463084      0.000968
    593      0.000071      0.000106     -7.463190     -7.463084      0.000959
    594      0.000072      0.000108     -7.463192     -7.463084      0.000950
    595      0.000073      0.000109     -7.463193     -7.463084      0.000943
    596      0.000074      0.000110     -7.463195     -7.463084      0.000937
    597      0.000074      0.000111     -7.463195     -7.463084      0.000932
    598      0.000075      0.000112     -7.463196     -7.463084      0.000929
    599      0.000075      0.000112     -7.463196     -7.463084      0.000927
    600      0.000075      0.000112     -7.463196     -7.463084      0.000927
    601      0.000075      0.000112     -7.463196     -7.463084      0.000929
    602      0.000074      0.000111     -7.463195     -7.463084      0.000932
    603      0.000074      0.000110     -7.463194     -7.463084      0.000936
    604      0.000073      0.000109     -7.463193     -7.463084      0.000943
    605      0.000072      0.000107     -7.463191     -7.463084      0.000951
    606      0.000070      0.000105     -7.463190     -7.463084      0.000960
    607      0.000069      0.000103     -7.463187     -7.463084      0.000971
    608      0.000067      0.000101     -7.463185     -7.463084      0.000983
    609      0.000066      0.000098     -7.463182     -7.463084      0.000996
    610      0.000064      0.000096     -7.463180     -7.463084      0.001010
    611      0.000062      0.000093     -7.463177     -7.463084      0.001024
    612      0.000060      0.000090     -7.463174     -7.463084      0.001039
    613      0.000058      0.000087     -7.463171     -7.463084      0.001055
    614      0.000056      0.000084     -7.463168     -7.463084      0.001070
    615      0.000054      0.000081     -7.463165     -7.463084      0.001085
    616      0.000052      0.000078     -7.463162     -7.463084      0.001100
    617      0.000050      0.000075     -7.463159     -7.463084      0.001114
    618      0.000048      0.000072     -7.463156     -7.463084      0.001128
    619      0.000047      0.000070     -7.463154     -7.463084      0.001140
    620      0.000045      0.000068     -7.463152     -7.463084      0.001151
    621      0.000044      0.000066     -7.463150     -7.463084      0.001161
    622      0.000043      0.000064     -7.463148     -7.463084      0.001169
    623      0.000042      0.000063     -7.463147     -7.463084      0.001175
    624      0.000041      0.000062     -7.463146     -7.463084      0.001180
    625      0.000041      0.000062     -7.463146     -7.463084      0.001183
    626      0.000041      0.000061     -7.463145     -7.463084      0.001184
    627      0.000041      0.000062     -7.463146     -7.463084      0.001182
    628      0.000041      0.000062     -7.463146     -7.463084      0.001180
    629      0.000042      0.000063     -7.463147     -7.463084      0.001175
    630      0.000043      0.000065     -7.463149     -7.463084      0.001168
    631      0.000044      0.000066     -7.463150     -7.463084      0.001160
    632      0.000045      0.000068     -7.463152     -7.463084      0.001150
    633      0.000047      0.000070     -7.463155     -7.463084      0.001138
    634      0.000049      0.000073     -7.463157     -7.463084      0.001126
    635      0.000050      0.000076     -7.463160     -7.463084      0.001112
    636      0.000052      0.000079     -7.463163     -7.463084      0.001097
    637      0.000054      0.000082     -7.463166     -7.463084      0.001082
    638      0.000057      0.000085     -7.463169     -7.463084      0.001066
    639      0.000059      0.000088     -7.463172     -7.463084      0.001050
    640      0.000061      0.000091     -7.463175     -7.463084      0.001034
    641      0.000063      0.000094     -7.463178     -7.463084      0.001018
    642      0.000065      0.000097     -7.463182     -7.463084      0.001002
    643      0.000067      0.000100     -7.463185     -7.463084      0.000988
    644      0.000069      0.000103     -7.463187     -7.463084      0.000974
    645      0.000070      0.000106     -7.463190     -7.463084      0.000961
    646      0.000072      0.000108     -7.463192     -7.463084      0.000949
    647      0.000073      0.000110     -7.463194     -7.463084      0.000939
    648      0.000075      0.000112     -7.463196     -7.463084      0.000930
    649      0.000075      0.000113     -7.463197     -7.463084      0.000923
    650      0.000076      0.000114     -7.463198     -7.463084      0.000917
    651      0.000077      0.000115     -7.463199     -7.463084      0.000914
    652      0.000077      0.000115     -7.463200     -7.463084      0.000912
    653      0.000077      0.000115     -7.463200     -7.463084      0.000912
    654      0.000077      0.000115     -7.463199     -7.463084      0.000914
    655      0.000076      0.000114     -7.463198     -7.463084      0.000918
    656      0.000075      0.000113     -7.463197     -7.463084      0.000923
    657      0.000075      0.000112     -7.463196     -7.463084      0.000930
    658      0.000073      0.000110     -7.463194     -7.463084      0.000939
    659      0.000072      0.000108     -7.463192     -7.463084      0.000949
    660      0.000071      0.000106     -7.463190     -7.463084      0.000960
    661      0.000069      0.000103     -7.463188     -7.463084      0.000972
    662      0.000067      0.000101     -7.463185     -7.463084      0.000986
    663      0.000065      0.000098     -7.463182     -7.463084      0.000999
    664      0.000063      0.000095     -7.463179     -7.463084      0.001014
    665      0.000062      0.000092     -7.463176     -7.463084      0.001029
    666      0.000060      0.000089     -7.463173     -7.463084      0.001043
    667      0.000058      0.000086     -7.463171     -7.463084      0.001058
    668      0.000056      0.000084     -7.463168     -7.463084      0.001073
    669      0.000054      0.000081     -7.463165     -7.463084      0.001086
    670      0.000052      0.000078     -7.463162     -7.463084      0.001100
    671      0.000051      0.000076     -7.463160     -7.463084      0.001112
    672      0.000049      0.000074     -7.463158     -7.463084      0.001123
    673      0.000048      0.000072     -7.463156     -7.463084      0.001133
    674      0.000047      0.000070     -7.463154     -7.463084      0.001141
    675      0.000046      0.000068     -7.463153     -7.463084      0.001148
    676      0.000045      0.000067     -7.463151     -7.463084      0.001154
    677      0.000044      0.000067     -7.463151     -7.463084      0.001158
    678      0.000044      0.000066     -7.463150     -7.463084      0.001160
    679      0.000044      0.000066     -7.463150     -7.463084      0.001160
    680      0.000044      0.000066     -7.463150     -7.463084      0.001159
    681      0.000045      0.000067     -7.463151     -7.463084      0.001156
    682      0.000045      0.000068     -7.463152     -7.463084      0.001151
    683      0.000046      0.000069     -7.463153     -7.463084      0.001145
    684      0.000047      0.000070     -7.463154     -7.463084      0.001137
    685      0.000048      0.000072     -7.463156     -7.463084      0.001128
    686      0.000049      0.000074     -7.463158     -7.463084      0.001118
    687      0.000051      0.000076     -7.463160     -7.463084      0.001106
    688      0.000053      0.000079     -7.463163     -7.463084      0.001094
    689      0.000054      0.000081     -7.463165     -7.463084      0.001081
    690      0.000056      0.000084     -7.463168     -7.463084      0.001068
    691      0.000058      0.000087     -7.463171     -7.463084      0.001054
    692      0.000060      0.000089     -7.463174     -7.463084      0.001040
    693      0.000061      0.000092     -7.463176     -7.463084      0.001026
    694      0.000063      0.000095     -7.463179     -7.463084      0.001013
    695      0.000065      0.000097     -7.463181     -7.463084      0.001000
    696      0.000066      0.000100     -7.463184     -7.463084      0.000988
    697      0.000068      0.000102     -7.463186     -7.463084      0.000977
    698      0.000069      0.000104     -7.463188     -7.463084      0.000967
    699      0.000070      0.000106     -7.463190     -7.463084      0.000958
    700      0.000071      0.000107     -7.463191     -7.463084      0.000951
    701      0.000072      0.000108     -7.463192     -7.463084      0.000945
    702      0.000073      0.000109     -7.463193     -7.463084      0.000941
    703      0.000073      0.000110     -7.463194     -7.463084      0.000938
    704      0.000073      0.000110     -7.463194     -7.463084      0.000937
    705      0.000073      0.000110     -7.463194     -7.463084      0.000938
    706      0.000073      0.000109     -7.463193     -7.463084      0.000941
    707      0.000072      0.000108     -7.463193     -7.463084      0.000945
    708      0.000072      0.000107     -7.463191     -7.463084      0.000951
    709      0.000071      0.000106     -7.463190     -7.463084      0.000959
    710      0.000069      0.000104     -7.463188     -7.463084      0.000968
    711      0.000068      0.000102     -7.463186     -7.463084      0.000978
    712      0.000067      0.000100     -7.463184     -7.463084      0.000990
    713      0.000065      0.000098     -7.463182     -7.463084      0.001002
    714      0.000063      0.000095     -7.463179     -7.463084      0.001015
    715      0.000062      0.000093     -7.463177     -7.463084      0.001029
    716      0.000060      0.000090     -7.463174     -7.463084      0.001042
    717      0.000058      0.000087     -7.463171     -7.463084      0.001056
    718      0.000056      0.000085     -7.463169     -7.463084      0.001070
    719      0.000055      0.000082     -7.463166     -7.463084      0.001083
    720      0.000053      0.000080     -7.463164     -7.463084      0.001095
    721      0.000052      0.000078     -7.463162     -7.463084      0.001107
    722      0.000050      0.000076     -7.463160     -7.463084      0.001117
    723      0.000049      0.000074     -7.463158     -7.463084      0.001126
    724      0.000048      0.000072     -7.463156     -7.463084      0.001134
    725      0.000047      0.000071     -7.463155     -7.463084      0.001140
    726      0.000047      0.000070     -7.463154     -7.463084      0.001144
    727      0.000046      0.000070     -7.463154     -7.463084      0.001147
    728      0.000046      0.000069     -7.463153     -7.463084      0.001148
    729      0.000046      0.000069     -7.463154     -7.463084      0.001147
    730      0.000047      0.000070     -7.463154     -7.463084      0.001144
    731      0.000047      0.000071     -7.463155     -7.463084      0.001140
    732      0.000048      0.000072     -7.463156     -7.463084      0.001133
    733      0.000049      0.000073     -7.463157     -7.463084      0.001125
    734      0.000050      0.000075     -7.463159     -7.463084      0.001116
    735      0.000051      0.000077     -7.463161     -7.463084      0.001106
    736      0.000053      0.000079     -7.463163     -7.463084      0.001094
    737      0.000054      0.000081     -7.463166     -7.463084      0.001082
    738      0.000056      0.000084     -7.463168     -7.463084      0.001068
    739      0.000058      0.000086     -7.463171     -7.463084      0.001055
    740      0.000059      0.000089     -7.463173     -7.463084      0.001041
    741      0.000061      0.000091     -7.463176     -7.463084      0.001028
    742      0.000063      0.000094     -7.463178     -7.463084      0.001015
    743      0.000064      0.000096     -7.463180     -7.463084      0.001003
    744      0.000066      0.000098     -7.463183     -7.463084      0.000991
    745      0.000067      0.000100     -7.463185     -7.463084      0.000981
    746      0.000068      0.000102     -7.463186     -7.463084      0.000972
    747      0.000069      0.000104     -7.463188     -7.463084      0.000964
    748      0.000070      0.000105     -7.463189     -7.463084      0.000958
    749      0.000070      0.000106     -7.463190     -7.463084      0.000954
    750      0.000071      0.000106     -7.463190     -7.463084      0.000951
    751      0.000071      0.000106     -7.463190     -7.463084      0.000951
    752      0.000071      0.000106     -7.463190     -7.463084      0.000952
    753      0.000070      0.000105     -7.463190     -7.463084      0.000955
    754      0.000070      0.000105     -7.463189     -7.463084      0.000960
    755      0.000069      0.000103     -7.463188     -7.463084      0.000967
    756      0.000068      0.000102     -7.463186     -7.463084      0.000975
    757      0.000067      0.000100     -7.463184     -7.463084      0.000985
    758      0.000065      0.000098     -7.463182     -7.463084      0.000996
    759      0.000064      0.000096     -7.463180     -7.463084      0.001007
    760      0.000062      0.000094     -7.463178     -7.463084      0.001020
    761      0.000061      0.000091     -7.463175     -7.463084      0.001033
    762      0.000059      0.000089     -7.463173     -7.463084      0.001047
    763      0.000058      0.000086     -7.463170     -7.463084      0.001060
    764      0.000056      0.000084     -7.463168     -7.463084      0.001073
    765      0.000054      0.000082     -7.463166     -7.463084      0.001085
    766      0.000053      0.000079     -7.463164     -7.463084      0.001097
    767      0.000052      0.000077     -7.463162     -7.463084      0.001108
    768      0.000051      0.000076     -7.463160     -7.463084      0.001117
    769      0.000050      0.000074     -7.463158     -7.463084      0.001125
    770      0.000049      0.000073     -7.463157     -7.463084      0.001131
    771      0.000048      0.000072     -7.463156     -7.463084      0.001135
    772      0.000048      0.000072     -7.463156     -7.463084      0.001138
    773      0.000048      0.000072     -7.463156     -7.463084      0.001139
    774      0.000048      0.000072     -7.463156     -7.463084      0.001138
    775      0.000048      0.000073     -7.463157     -7.463084      0.001135
    776      0.000049      0.000073     -7.463158     -7.463084      0.001130
    777      0.000050      0.000075     -7.463159     -7.463084      0.001123
    778      0.000051      0.000076     -7.463160     -7.463084      0.001115
    779      0.000052      0.000078     -7.463162     -7.463084      0.001105
    780      0.000053      0.000080     -7.463164     -7.463084      0.001095
    781      0.000055      0.000082     -7.463166     -7.463084      0.001083
    782      0.000056      0.000084     -7.463169     -7.463084      0.001070
    783      0.000058      0.000087     -7.463171     -7.463084      0.001057
    784      0.000059      0.000089     -7.463173     -7.463084      0.001044
    785      0.000061      0.000092     -7.463176     -7.463084      0.001031
    786      0.000063      0.000094     -7.463178     -7.463084      0.001018
    787      0.000064      0.000096     -7.463180     -7.463084      0.001006
    788      0.000066      0.000098     -7.463183     -7.463084      0.000994
    789      0.000067      0.000100     -7.463184     -7.463084      0.000984
    790      0.000068      0.000102     -7.463186     -7.463084      0.000975
    791      0.000069      0.000103     -7.463187     -7.463084      0.000967
    792      0.000070      0.000104     -7.463188     -7.463084      0.000961
    793      0.000070      0.000105     -7.463189     -7.463084      0.000957
    794      0.000070      0.000106     -7.463190     -7.463084      0.000955
    795      0.000070      0.000106     -7.463190     -7.463084      0.000954
    796      0.000070      0.000105     -7.463189     -7.463084      0.000955
    797      0.000070      0.000105     -7.463189     -7.463084      0.000959
    798      0.000069      0.000104     -7.463188     -7.463084      0.000964
    799      0.000068      0.000103     -7.463187     -7.463084      0.000970
    800      0.000067      0.000101     -7.463185     -7.463084      0.000978
    801      0.000066      0.000099     -7.463184     -7.463084      0.000987
    802      0.000065      0.000098     -7.463182     -7.463084      0.000998
    803      0.000064      0.000095     -7.463180     -7.463084      0.001009
    804      0.000062      0.000093     -7.463177     -7.463084      0.001020
    805      0.000061      0.000091     -7.463175     -7.463084      0.001032
    806      0.000059      0.000089     -7.463173     -7.463084      0.001045
    807      0.000058      0.000087     -7.463171     -7.463084      0.001056
    808      0.000057      0.000085     -7.463169     -7.463084      0.001068
    809      0.000055      0.000083     -7.463167     -7.463084      0.001078
    810      0.000054      0.000081     -7.463165     -7.463084      0.001088
    811      0.000053      0.000080     -7.463164     -7.463084      0.001096
    812      0.000052      0.000078     -7.463163     -7.463084      0.001103
    813      0.000052      0.000078     -7.463162     -7.463084      0.001108
    814      0.000051      0.000077     -7.463161     -7.463084      0.001112
    815      0.000051      0.000077     -7.463161     -7.463084      0.001114
    816      0.000051      0.000077     -7.463161     -7.463084      0.001114
    817      0.000051      0.000077     -7.463161     -7.463084      0.001112
    818      0.000052      0.000078     -7.463162     -7.463084      0.001108
    819      0.000053      0.000079     -7.463163     -7.463084      0.001103
    820      0.000053      0.000080     -7.463164     -7.463084      0.001096
    821      0.000054      0.000082     -7.463166     -7.463084      0.001088
    822      0.000056      0.000084     -7.463168     -7.463084      0.001078
    823      0.000057      0.000085     -7.463170     -7.463084      0.001068
    824      0.000058      0.000088     -7.463172     -7.463084      0.001056
    825      0.000060      0.000090     -7.463174     -7.463084      0.001045
    826      0.000061      0.000092     -7.463176     -7.463084      0.001033
    827      0.000063      0.000094     -7.463178     -7.463084      0.001021
    828      0.000064      0.000096     -7.463180     -7.463084      0.001009
    829      0.000065      0.000098     -7.463182     -7.463084      0.000998
    830      0.000067      0.000100     -7.463184     -7.463084      0.000988
    831      0.000068      0.000101     -7.463185     -7.463084      0.000980
    832      0.000068      0.000103     -7.463187     -7.463084      0.000972
    833      0.000069      0.000103     -7.463188     -7.463084      0.000967
    834      0.000069      0.000104     -7.463188     -7.463084      0.000963
    835      0.000070      0.000104     -7.463188     -7.463084      0.000961
    836      0.000069      0.000104     -7.463188     -7.463084      0.000961
    837      0.000069      0.000104     -7.463188     -7.463084      0.000963
    838      0.000068      0.000103     -7.463187     -7.463084      0.000967
    839      0.000068      0.000101     -7.463186     -7.463084      0.000973
    840      0.000066      0.000100     -7.463184     -7.463084      0.000982
    841      0.000065      0.000098     -7.463182     -7.463084      0.000992
    842      0.000064      0.000095     -7.463180     -7.463084      0.001003
    843      0.000062      0.000093     -7.463177     -7.463084      0.001016
    844      0.000060      0.000090     -7.463174     -7.463084      0.001031
    845      0.000058      0.000087     -7.463171     -7.463084      0.001046
    846      0.000056      0.000084     -7.463168     -7.463084      0.001062
    847      0.000054      0.000081     -7.463165     -7.463084      0.001078
    848      0.000052      0.000078     -7.463162     -7.463084      0.001094
    849      0.000050      0.000075     -7.463159     -7.463084      0.001110
    850      0.000048      0.000072     -7.463157     -7.463084      0.001125
    851      0.000047      0.000070     -7.463154     -7.463084      0.001139
    852      0.000045      0.000068     -7.463152     -7.463084      0.001152
    853      0.000044      0.000066     -7.463150     -7.463084      0.001163
    854      0.000043      0.000064     -7.463148     -7.463084      0.001172
    855      0.000042      0.000063     -7.463147     -7.463084      0.001179
    856      0.000041      0.000062     -7.463146     -7.463084      0.001184
    857      0.000041      0.000061     -7.463146     -7.463084      0.001187
    858      0.000041      0.000062     -7.463146     -7.463084      0.001187
    859      0.000041      0.000062     -7.463146     -7.463084      0.001185
    860      0.000042      0.000063     -7.463147     -7.463084      0.001180
    861      0.000043      0.000065     -7.463149     -7.463084      0.001173
    862      0.000045      0.000067     -7.463151     -7.463084      0.001163
    863      0.000046      0.000069     -7.463153     -7.463084      0.001151
    864      0.000048      0.000072     -7.463156     -7.463084      0.001137
    865      0.000050      0.000075     -7.463159     -7.463084      0.001121
    866      0.000052      0.000079     -7.463163     -7.463084      0.001104
    867      0.000055      0.000082     -7.463166     -7.463084      0.001085
    868      0.000057      0.000086     -7.463170     -7.463084      0.001065
    869      0.000060      0.000090     -7.463174     -7.463084      0.001045
    870      0.000063      0.000094     -7.463178     -7.463084      0.001025
    871      0.000065      0.000098     -7.463182     -7.463084      0.001004
    872      0.000068      0.000102     -7.463186     -7.463084      0.000985
    873      0.000070      0.000105     -7.463189     -7.463084      0.000966
    874      0.000072      0.000109     -7.463193     -7.463084      0.000948
    875      0.000074      0.000112     -7.463196     -7.463084      0.000931
    876      0.000076      0.000114     -7.463198     -7.463084      0.000917
    877      0.000078      0.000117     -7.463201     -7.463084      0.000904
    878      0.000079      0.000119     -7.463203     -7.463084      0.000894
    879      0.000080      0.000120     -7.463204     -7.463084      0.000886
    880      0.000081      0.000121     -7.463205     -7.463084      0.000880
    881      0.000081      0.000122     -7.463206     -7.463084      0.000877
    882      0.000081      0.000121     -7.463206     -7.463084      0.000877
    883      0.000081      0.000121     -7.463205     -7.463084      0.000880
    884      0.000080      0.000120     -7.463204     -7.463084      0.000885
    885      0.000079      0.000118     -7.463202     -7.463084      0.000892
    886      0.000078      0.000116     -7.463200     -7.463084      0.000902
    887      0.000076      0.000114     -7.463198     -7.463084      0.000914
    888      0.000074      0.000111     -7.463195     -7.463084      0.000928
    889      0.000072      0.000108     -7.463192     -7.463084      0.000944
    890      0.000070      0.000105     -7.463189     -7.463084      0.000961
    891      0.000068      0.000101     -7.463185     -7.463084      0.000979
    892      0.000065      0.000098     -7.463182     -7.463084      0.000998
    893      0.000063      0.000094     -7.463178     -7.463084      0.001017
    894      0.000060      0.000090     -7.463174     -7.463084      0.001037
    895      0.000058      0.000086     -7.463171     -7.463084      0.001056
    896      0.000055      0.000083     -7.463167     -7.463084      0.001075
    897      0.000053      0.000079     -7.463164     -7.463084      0.001092
    898      0.000051      0.000076     -7.463160     -7.463084      0.001109
    899      0.000049      0.000073     -7.463157     -7.463084      0.001125
    900      0.000047      0.000071     -7.463155     -7.463084      0.001138
    901      0.000046      0.000068     -7.463152     -7.463084      0.001151
    902      0.000044      0.000066     -7.463151     -7.463084      0.001161
    903      0.000043      0.000065     -7.463149     -7.463084      0.001169
    904      0.000043      0.000064     -7.463148     -7.463084      0.001175
    905      0.000042      0.000063     -7.463147     -7.463084      0.001178
    906      0.000042      0.000063     -7.463147     -7.463084      0.001180
    907      0.000042      0.000063     -7.463147     -7.463084      0.001179
    908      0.000042      0.000063     -7.463148     -7.463084      0.001177
    909      0.000043      0.000064     -7.463148     -7.463084      0.001172
    910      0.000044      0.000066     -7.463150     -7.463084      0.001166
    911      0.000045      0.000067     -7.463151     -7.463084      0.001157
    912      0.000046      0.000069     -7.463153     -7.463084      0.001148
    913      0.000047      0.000071     -7.463155     -7.463084      0.001137
    914      0.000049      0.000073     -7.463157     -7.463084      0.001125
    915      0.000051      0.000076     -7.463160     -7.463084      0.001113
    916      0.000052      0.000078     -7.463162     -7.463084      0.001100
    917      0.000054      0.000081     -7.463165     -7.463084      0.001086
    918      0.000056      0.000084     -7.463168     -7.463084      0.001073
    919      0.000057      0.000086     -7.463170     -7.463084      0.001059
    920      0.000059      0.000089     -7.463173     -7.463084      0.001046
    921      0.000061      0.000091     -7.463175     -7.463084      0.001034
    922      0.000062      0.000093     -7.463177     -7.463084      0.001022
    923      0.000064      0.000095     -7.463179     -7.463084      0.001011
    924      0.000065      0.000097     -7.463181     -7.463084      0.001001
    925      0.000066      0.000099     -7.463183     -7.463084      0.000993
    926      0.000067      0.000100     -7.463184     -7.463084      0.000985
    927      0.000068      0.000101     -7.463186     -7.463084      0.000979
    928      0.000068      0.000102     -7.463187     -7.463084      0.000975
    929      0.000069      0.000103     -7.463187     -7.463084      0.000971
    930      0.000069      0.000103     -7.463188     -7.463084      0.000969
    931      0.000069      0.000104     -7.463188     -7.463084      0.000968
    932      0.000069      0.000104     -7.463188     -7.463084      0.000968
    933      0.000069      0.000103     -7.463187     -7.463084      0.000970
    934      0.000069      0.000103     -7.463187     -7.463084      0.000972
    935      0.000068      0.000102     -7.463186     -7.463084      0.000976
    936      0.000068      0.000101     -7.463186     -7.463084      0.000980
    937      0.000067      0.000100     -7.463185     -7.463084      0.000985
    938      0.000066      0.000099     -7.463184     -7.463084      0.000991
    939      0.000066      0.000098     -7.463182     -7.463084      0.000996
    940      0.000065      0.000097     -7.463181     -7.463084      0.001003
    941      0.000064      0.000096     -7.463180     -7.463084      0.001009
    942      0.000063      0.000095     -7.463179     -7.463084      0.001016
    943      0.000062      0.000093     -7.463177     -7.463084      0.001022
    944      0.000061      0.000092     -7.463176     -7.463084      0.001028
    945      0.000061      0.000091     -7.463175     -7.463084      0.001034
    946      0.000060      0.000090     -7.463174     -7.463084      0.001040
    947      0.000059      0.000089     -7.463173     -7.463084      0.001046
    948      0.000058      0.000088     -7.463172     -7.463084      0.001051
    949      0.000058      0.000087     -7.463171     -7.463084      0.001055
    950      0.000057      0.000086     -7.463170     -7.463084      0.001060
    951      0.000057      0.000085     -7.463169     -7.463084      0.001063
    952      0.000056      0.000085     -7.463169     -7.463084      0.001066
    953      0.000056      0.000084     -7.463168     -7.463084      0.001069
    954      0.000056      0.000084     -7.463168     -7.463084      0.001071
    955      0.000056      0.000083     -7.463167     -7.463084      0.001073
    956      0.000055      0.000083     -7.463167     -7.463084      0.001075
    957      0.000055      0.000083     -7.463167     -7.463084      0.001076
    958      0.000055      0.000083     -7.463167     -7.463084      0.001076
    959      0.000055      0.000083     -7.463167     -7.463084      0.001077
    960      0.000055      0.000083     -7.463167     -7.463084      0.001077
    961      0.000055      0.000083     -7.463167     -7.463084      0.001077
    962      0.000055      0.000083     -7.463167     -7.463084      0.001076
    963      0.000055      0.000083     -7.463167     -7.463084      0.001075
    964      0.000055      0.000083     -7.463167     -7.463084      0.001075
    965      0.000056      0.000083     -7.463167     -7.463084      0.001073
    966      0.000056      0.000084     -7.463168     -7.463084      0.001072
    967      0.000056      0.000084     -7.463168     -7.463084      0.001071
    968      0.000056      0.000084     -7.463168     -7.463084      0.001069
    969      0.000056      0.000085     -7.463169     -7.463084      0.001067
    970      0.000057      0.000085     -7.463169     -7.463084      0.001065
    971      0.000057      0.000086     -7.463170     -7.463084      0.001063
    972      0.000057      0.000086     -7.463170     -7.463084      0.001060
    973      0.000058      0.000087     -7.463171     -7.463084      0.001058
    974      0.000058      0.000087     -7.463171     -7.463084      0.001055
    975      0.000059      0.000088     -7.463172     -7.463084      0.001052
    976      0.000059      0.000088     -7.463173     -7.463084      0.001049
    977      0.000059      0.000089     -7.463173     -7.463084      0.001045
    978      0.000060      0.000090     -7.463174     -7.463084      0.001042
    979      0.000060      0.000091     -7.463175     -7.463084      0.001038
    980      0.000061      0.000091     -7.463175     -7.463084      0.001034
    981      0.000061      0.000092     -7.463176     -7.463084      0.001030
    982      0.000062      0.000093     -7.463177     -7.463084      0.001026
    983      0.000062      0.000094     -7.463178     -7.463084      0.001023
    984      0.000063      0.000094     -7.463178     -7.463084      0.001019
    985      0.000063      0.000095     -7.463179     -7.463084      0.001015
    986      0.000064      0.000096     -7.463180     -7.463084      0.001012
    987      0.000064      0.000096     -7.463180     -7.463084      0.001009
    988      0.000064      0.000097     -7.463181     -7.463084      0.001007
    989      0.000065      0.000097     -7.463181     -7.463084      0.001004
    990      0.000065      0.000097     -7.463181     -7.463084      0.001003
    991      0.000065      0.000097     -7.463181     -7.463084      0.001002
    992      0.000065      0.000097     -7.463182     -7.463084      0.001001
    993      0.000065      0.000097     -7.463181     -7.463084      0.001002
    994      0.000065      0.000097     -7.463181     -7.463084      0.001003
    995      0.000064      0.000097     -7.463181     -7.463084      0.001004
    996      0.000064      0.000096     -7.463180     -7.463084      0.001007
    997      0.000064      0.000095     -7.463180     -7.463084      0.001010
    998      0.000063      0.000095     -7.463179     -7.463084      0.001014
    999      0.000062      0.000094     -7.463178     -7.463084      0.001019
   1000      0.000062      0.000093     -7.463177     -7.463084      0.001024
#
# Means      0.000059      0.000089     -7.463173     -7.463084      0.001044
