#
# MD1: a minimal molecular dynamics program
#
# abc
#  Input sample: 5
#                                (only positions read from file)
# Output sample: i5
# Number of steps:    1000, time step: 0.0030, total time:      3.0000
# Number of atoms:   500
# Box size:    7.748000    7.748000    7.748000, Volume:        465.124
# Density:    1.074982 (unchanged)
# Free evolution run.
#
#  Step   Temperature     Kinetic      Potential   Total Energy    Pressure
# -----  ------------  ------------  ------------  ------------  ------------
      1      0.000000      0.000000     -7.463092     -7.463092      0.001457
      2      0.000001      0.000002     -7.463093     -7.463092      0.001450
      3      0.000003      0.000004     -7.463096     -7.463092      0.001435
      4      0.000006      0.000008     -7.463100     -7.463092      0.001414
      5      0.000009      0.000014     -7.463106     -7.463092      0.001387
      6      0.000013      0.000020     -7.463112     -7.463092      0.001353
      7      0.000018      0.000027     -7.463119     -7.463092      0.001314
      8      0.000024      0.000036     -7.463128     -7.463092      0.001271
      9      0.000030      0.000045     -7.463137     -7.463092      0.001224
     10      0.000036      0.000054     -7.463146     -7.463092      0.001174
     11      0.000043      0.000064     -7.463156     -7.463092      0.001122
     12      0.000050      0.000075     -7.463167     -7.463092      0.001069
     13      0.000057      0.000085     -7.463177     -7.463092      0.001016
     14      0.000063      0.000095     -7.463187     -7.463092      0.000964
     15      0.000070      0.000105     -7.463197     -7.463092      0.000914
     16      0.000076      0.000114     -7.463206     -7.463092      0.000867
     17      0.000081      0.000122     -7.463214     -7.463092      0.000823
     18      0.000087      0.000130     -7.463222     -7.463092      0.000783
     19      0.000091      0.000137     -7.463229     -7.463092      0.000748
     20      0.000095      0.000142     -7.463234     -7.463092      0.000719
     21      0.000098      0.000147     -7.463239     -7.463092      0.000696
     22      0.000100      0.000150     -7.463243     -7.463092      0.000679
     23      0.000102      0.000153     -7.463245     -7.463092      0.000668
     24      0.000102      0.000154     -7.463246     -7.463092      0.000664
     25      0.000102      0.000153     -7.463245     -7.463092      0.000666
     26      0.000101      0.000152     -7.463244     -7.463092      0.000674
     27      0.000100      0.000149     -7.463241     -7.463092      0.000688
     28      0.000097      0.000146     -7.463238     -7.463092      0.000708
     29      0.000094      0.000141     -7.463233     -7.463092      0.000733
     30      0.000091      0.000136     -7.463228     -7.463092      0.000762
     31      0.000086      0.000130     -7.463222     -7.463092      0.000795
     32      0.000082      0.000123     -7.463215     -7.463092      0.000830
     33      0.000077      0.000116     -7.463208     -7.463092      0.000868
     34      0.000072      0.000109     -7.463200     -7.463092      0.000907
     35      0.000067      0.000101     -7.463193     -7.463092      0.000947
     36      0.000062      0.000094     -7.463185     -7.463092      0.000987
     37      0.000057      0.000086     -7.463178     -7.463092      0.001025
     38      0.000053      0.000079     -7.463171     -7.463092      0.001061
     39      0.000048      0.000073     -7.463165     -7.463092      0.001096
     40      0.000045      0.000067     -7.463159     -7.463092      0.001127
     41      0.000041      0.000061     -7.463153     -7.463092      0.001154
     42      0.000038      0.000057     -7.463149     -7.463092      0.001177
     43      0.000035      0.000053     -7.463145     -7.463092      0.001196
     44      0.000034      0.000050     -7.463142     -7.463092      0.001210
     45      0.000032      0.000048     -7.463140     -7.463092      0.001220
     46      0.000032      0.000047     -7.463139     -7.463092      0.001224
     47      0.000032      0.000047     -7.463139     -7.463092      0.001224
     48      0.000032      0.000048     -7.463140     -7.463092      0.001219
     49      0.000033      0.000050     -7.463141     -7.463092      0.001210
     50      0.000035      0.000052     -7.463144     -7.463092      0.001197
     51      0.000037      0.000055     -7.463147     -7.463092      0.001181
     52      0.000039      0.000058     -7.463150     -7.463092      0.001161
     53      0.000042      0.000062     -7.463154     -7.463092      0.001139
     54      0.000044      0.000067     -7.463159     -7.463092      0.001115
     55      0.000047      0.000071     -7.463163     -7.463092      0.001091
     56      0.000051      0.000076     -7.463168     -7.463092      0.001065
     57      0.000054      0.000081     -7.463172     -7.463092      0.001040
     58      0.000057      0.000085     -7.463177     -7.463092      0.001015
     59      0.000060      0.000089     -7.463181     -7.463092      0.000992
     60      0.000062      0.000093     -7.463185     -7.463092      0.000970
     61      0.000065      0.000097     -7.463189     -7.463092      0.000951
     62      0.000067      0.000100     -7.463192     -7.463092      0.000934
     63      0.000068      0.000103     -7.463195     -7.463092      0.000921
     64      0.000070      0.000105     -7.463197     -7.463092      0.000910
     65      0.000071      0.000106     -7.463198     -7.463092      0.000904
     66      0.000071      0.000106     -7.463198     -7.463092      0.000901
     67      0.000071      0.000106     -7.463198     -7.463092      0.000901
     68      0.000070      0.000106     -7.463198     -7.463092      0.000905
     69      0.000070      0.000104     -7.463196     -7.463092      0.000912
     70      0.000068      0.000102     -7.463194     -7.463092      0.000922
     71      0.000067      0.000100     -7.463192     -7.463092      0.000935
     72      0.000065      0.000097     -7.463189     -7.463092      0.000951
     73      0.000063      0.000094     -7.463186     -7.463092      0.000968
     74      0.000060      0.000091     -7.463183     -7.463092      0.000987
     75      0.000058      0.000087     -7.463179     -7.463092      0.001007
     76      0.000056      0.000083     -7.463175     -7.463092      0.001027
     77      0.000053      0.000080     -7.463172     -7.463092      0.001047
     78      0.000051      0.000076     -7.463168     -7.463092      0.001066
     79      0.000048      0.000073     -7.463165     -7.463092      0.001084
     80      0.000046      0.000070     -7.463162     -7.463092      0.001101
     81      0.000045      0.000067     -7.463159     -7.463092      0.001116
     82      0.000043      0.000065     -7.463157     -7.463092      0.001128
     83      0.000042      0.000063     -7.463155     -7.463092      0.001137
     84      0.000041      0.000062     -7.463154     -7.463092      0.001144
     85      0.000041      0.000061     -7.463153     -7.463092      0.001148
     86      0.000041      0.000061     -7.463153     -7.463092      0.001148
     87      0.000041      0.000062     -7.463154     -7.463092      0.001145
     88      0.000042      0.000063     -7.463155     -7.463092      0.001140
     89      0.000043      0.000065     -7.463157     -7.463092      0.001131
     90      0.000045      0.000067     -7.463159     -7.463092      0.001119
     91      0.000046      0.000070     -7.463161     -7.463092      0.001105
     92      0.000048      0.000073     -7.463165     -7.463092      0.001089
     93      0.000051      0.000076     -7.463168     -7.463092      0.001071
     94      0.000053      0.000080     -7.463172     -7.463092      0.001052
     95      0.000056      0.000083     -7.463175     -7.463092      0.001031
     96      0.000058      0.000087     -7.463179     -7.463092      0.001011
     97      0.000061      0.000091     -7.463183     -7.463092      0.000990
     98      0.000063      0.000095     -7.463187     -7.463092      0.000970
     99      0.000066      0.000099     -7.463190     -7.463092      0.000952
    100      0.000068      0.000102     -7.463194     -7.463092      0.000934
    101      0.000070      0.000105     -7.463197     -7.463092      0.000918
    102      0.000071      0.000107     -7.463199     -7.463092      0.000905
    103      0.000073      0.000109     -7.463201     -7.463092      0.000894
    104      0.000074      0.000111     -7.463203     -7.463092      0.000886
    105      0.000074      0.000112     -7.463204     -7.463092      0.000881
    106      0.000075      0.000112     -7.463204     -7.463092      0.000879
    107      0.000074      0.000112     -7.463204     -7.463092      0.000880
    108      0.000074      0.000111     -7.463203     -7.463092      0.000884
    109      0.000073      0.000110     -7.463202     -7.463092      0.000891
    110      0.000072      0.000108     -7.463200     -7.463092      0.000901
    111      0.000070      0.000105     -7.463197     -7.463092      0.000914
    112      0.000068      0.000102     -7.463194     -7.463092      0.000928
    113      0.000066      0.000099     -7.463191     -7.463092      0.000945
    114      0.000064      0.000096     -7.463188     -7.463092      0.000963
    115      0.000061      0.000092     -7.463184     -7.463092      0.000982
    116      0.000059      0.000088     -7.463180     -7.463092      0.001003
    117      0.000056      0.000085     -7.463177     -7.463092      0.001023
    118      0.000054      0.000081     -7.463173     -7.463092      0.001043
    119      0.000051      0.000077     -7.463169     -7.463092      0.001062
    120      0.000049      0.000074     -7.463166     -7.463092      0.001081
    121      0.000047      0.000070     -7.463162     -7.463092      0.001098
    122      0.000045      0.000068     -7.463159     -7.463092      0.001113
    123      0.000043      0.000065     -7.463157     -7.463092      0.001126
    124      0.000042      0.000063     -7.463155     -7.463092      0.001136
    125      0.000041      0.000062     -7.463154     -7.463092      0.001144
    126      0.000040      0.000061     -7.463153     -7.463092      0.001150
    127      0.000040      0.000060     -7.463152     -7.463092      0.001152
    128      0.000040      0.000060     -7.463152     -7.463092      0.001151
    129      0.000041      0.000061     -7.463153     -7.463092      0.001148
    130      0.000041      0.000062     -7.463154     -7.463092      0.001142
    131      0.000043      0.000064     -7.463156     -7.463092      0.001133
    132      0.000044      0.000066     -7.463158     -7.463092      0.001122
    133      0.000046      0.000068     -7.463160     -7.463092      0.001109
    134      0.000047      0.000071     -7.463163     -7.463092      0.001094
    135      0.000050      0.000074     -7.463166     -7.463092      0.001078
    136      0.000052      0.000078     -7.463169     -7.463092      0.001060
    137      0.000054      0.000081     -7.463173     -7.463092      0.001042
    138      0.000056      0.000084     -7.463176     -7.463092      0.001024
    139      0.000058      0.000088     -7.463180     -7.463092      0.001006
    140      0.000061      0.000091     -7.463183     -7.463092      0.000989
    141      0.000063      0.000094     -7.463186     -7.463092      0.000973
    142      0.000065      0.000097     -7.463189     -7.463092      0.000958
    143      0.000066      0.000099     -7.463191     -7.463092      0.000944
    144      0.000068      0.000102     -7.463194     -7.463092      0.000933
    145      0.000069      0.000103     -7.463195     -7.463092      0.000924
    146      0.000070      0.000105     -7.463197     -7.463092      0.000917
    147      0.000070      0.000105     -7.463197     -7.463092      0.000912
    148      0.000071      0.000106     -7.463198     -7.463092      0.000910
    149      0.000070      0.000106     -7.463198     -7.463092      0.000911
    150      0.000070      0.000105     -7.463197     -7.463092      0.000914
    151      0.000069      0.000104     -7.463196     -7.463092      0.000919
    152      0.000068      0.000103     -7.463195     -7.463092      0.000927
    153      0.000067      0.000101     -7.463193     -7.463092      0.000936
    154      0.000066      0.000099     -7.463191     -7.463092      0.000947
    155      0.000064      0.000096     -7.463188     -7.463092      0.000960
    156      0.000062      0.000094     -7.463186     -7.463092      0.000974
    157      0.000061      0.000091     -7.463183     -7.463092      0.000989
    158      0.000059      0.000088     -7.463180     -7.463092      0.001004
    159      0.000057      0.000085     -7.463177     -7.463092      0.001019
    160      0.000055      0.000082     -7.463174     -7.463092      0.001035
    161      0.000053      0.000080     -7.463172     -7.463092      0.001049
    162      0.000051      0.000077     -7.463169     -7.463092      0.001063
    163      0.000050      0.000075     -7.463167     -7.463092      0.001075
    164      0.000048      0.000073     -7.463165     -7.463092      0.001086
    165      0.000047      0.000071     -7.463163     -7.463092      0.001095
    166      0.000046      0.000069     -7.463161     -7.463092      0.001103
    167      0.000046      0.000068     -7.463160     -7.463092      0.001108
    168      0.000045      0.000068     -7.463160     -7.463092      0.001111
    169      0.000045      0.000068     -7.463160     -7.463092      0.001112
    170      0.000045      0.000068     -7.463160     -7.463092      0.001111
    171      0.000046      0.000068     -7.463160     -7.463092      0.001108
    172      0.000046      0.000069     -7.463161     -7.463092      0.001103
    173      0.000047      0.000071     -7.463163     -7.463092      0.001097
    174      0.000048      0.000072     -7.463164     -7.463092      0.001088
    175      0.000049      0.000074     -7.463166     -7.463092      0.001078
    176      0.000051      0.000076     -7.463168     -7.463092      0.001067
    177      0.000052      0.000079     -7.463170     -7.463092      0.001056
    178      0.000054      0.000081     -7.463173     -7.463092      0.001043
    179      0.000055      0.000083     -7.463175     -7.463092      0.001031
    180      0.000057      0.000086     -7.463178     -7.463092      0.001018
    181      0.000059      0.000088     -7.463180     -7.463092      0.001006
    182      0.000060      0.000090     -7.463182     -7.463092      0.000994
    183      0.000061      0.000092     -7.463184     -7.463092      0.000983
    184      0.000063      0.000094     -7.463186     -7.463092      0.000974
    185      0.000064      0.000096     -7.463188     -7.463092      0.000966
    186      0.000065      0.000097     -7.463189     -7.463092      0.000959
    187      0.000065      0.000098     -7.463190     -7.463092      0.000954
    188      0.000066      0.000098     -7.463190     -7.463092      0.000950
    189      0.000066      0.000099     -7.463191     -7.463092      0.000949
    190      0.000066      0.000099     -7.463191     -7.463092      0.000949
    191      0.000066      0.000098     -7.463190     -7.463092      0.000951
    192      0.000065      0.000098     -7.463190     -7.463092      0.000954
    193      0.000065      0.000097     -7.463189     -7.463092      0.000959
    194      0.000064      0.000096     -7.463187     -7.463092      0.000966
    195      0.000063      0.000094     -7.463186     -7.463092      0.000974
    196      0.000062      0.000092     -7.463184     -7.463092      0.000982
    197      0.000060      0.000091     -7.463183     -7.463092      0.000992
    198      0.000059      0.000089     -7.463181     -7.463092      0.001002
    199      0.000058      0.000087     -7.463179     -7.463092      0.001012
    200      0.000057      0.000085     -7.463177     -7.463092      0.001022
    201      0.000055      0.000083     -7.463175     -7.463092      0.001032
    202      0.000054      0.000081     -7.463173     -7.463092      0.001042
    203      0.000053      0.000079     -7.463171     -7.463092      0.001050
    204      0.000052      0.000078     -7.463170     -7.463092      0.001058
    205      0.000051      0.000077     -7.463169     -7.463092      0.001065
    206      0.000050      0.000076     -7.463168     -7.463092      0.001070
    207      0.000050      0.000075     -7.463167     -7.463092      0.001074
    208      0.000050      0.000074     -7.463166     -7.463092      0.001077
    209      0.000049      0.000074     -7.463166     -7.463092      0.001078
    210      0.000050      0.000074     -7.463166     -7.463092      0.001077
    211      0.000050      0.000075     -7.463167     -7.463092      0.001075
    212      0.000050      0.000075     -7.463167     -7.463092      0.001071
    213      0.000051      0.000076     -7.463168     -7.463092      0.001067
    214      0.000052      0.000077     -7.463169     -7.463092      0.001060
    215      0.000052      0.000079     -7.463171     -7.463092      0.001053
    216      0.000053      0.000080     -7.463172     -7.463092      0.001045
    217      0.000055      0.000082     -7.463174     -7.463092      0.001037
    218      0.000056      0.000084     -7.463176     -7.463092      0.001028
    219      0.000057      0.000085     -7.463177     -7.463092      0.001018
    220      0.000058      0.000087     -7.463179     -7.463092      0.001009
    221      0.000059      0.000089     -7.463181     -7.463092      0.001000
    222      0.000060      0.000090     -7.463182     -7.463092      0.000992
    223      0.000061      0.000092     -7.463184     -7.463092      0.000984
    224      0.000062      0.000093     -7.463185     -7.463092      0.000977
    225      0.000063      0.000094     -7.463186     -7.463092      0.000972
    226      0.000063      0.000095     -7.463187     -7.463092      0.000967
    227      0.000064      0.000096     -7.463188     -7.463092      0.000964
    228      0.000064      0.000096     -7.463188     -7.463092      0.000962
    229      0.000064      0.000096     -7.463188     -7.463092      0.000962
    230      0.000064      0.000096     -7.463188     -7.463092      0.000964
    231      0.000063      0.000095     -7.463187     -7.463092      0.000966
    232      0.000063      0.000094     -7.463186     -7.463092      0.000971
    233      0.000062      0.000093     -7.463185     -7.463092      0.000976
    234      0.000061      0.000092     -7.463184     -7.463092      0.000983
    235      0.000060      0.000091     -7.463182     -7.463092      0.000991
    236      0.000059      0.000089     -7.463181     -7.463092      0.001000
    237      0.000058      0.000087     -7.463179     -7.463092      0.001009
    238      0.000057      0.000085     -7.463177     -7.463092      0.001019
    239      0.000056      0.000083     -7.463175     -7.463092      0.001029
    240      0.000054      0.000081     -7.463173     -7.463092      0.001039
    241      0.000053      0.000079     -7.463171     -7.463092      0.001049
    242      0.000052      0.000078     -7.463170     -7.463092      0.001058
    243      0.000051      0.000076     -7.463168     -7.463092      0.001067
    244      0.000050      0.000074     -7.463166     -7.463092      0.001075
    245      0.000049      0.000073     -7.463165     -7.463092      0.001082
    246      0.000048      0.000072     -7.463164     -7.463092      0.001088
    247      0.000048      0.000071     -7.463163     -7.463092      0.001092
    248      0.000047      0.000071     -7.463163     -7.463092      0.001095
    249      0.000047      0.000070     -7.463162     -7.463092      0.001096
    250      0.000047      0.000070     -7.463162     -7.463092      0.001096
    251      0.000047      0.000071     -7.463163     -7.463092      0.001095
    252      0.000048      0.000071     -7.463163     -7.463092      0.001091
    253      0.000048      0.000072     -7.463164     -7.463092      0.001087
    254      0.000049      0.000073     -7.463165     -7.463092      0.001081
    255      0.000050      0.000075     -7.463167     -7.463092      0.001073
    256      0.000051      0.000076     -7.463168     -7.463092      0.001065
    257      0.000052      0.000078     -7.463170     -7.463092      0.001056
    258      0.000053      0.000080     -7.463172     -7.463092      0.001046
    259      0.000055      0.000082     -7.463174     -7.463092      0.001035
    260      0.000056      0.000084     -7.463176     -7.463092      0.001025
    261      0.000058      0.000086     -7.463178     -7.463092      0.001014
    262      0.000059      0.000088     -7.463180     -7.463092      0.001003
    263      0.000060      0.000090     -7.463182     -7.463092      0.000993
    264      0.000062      0.000092     -7.463184     -7.463092      0.000983
    265      0.000063      0.000094     -7.463186     -7.463092      0.000974
    266      0.000064      0.000096     -7.463188     -7.463092      0.000965
    267      0.000065      0.000097     -7.463189     -7.463092      0.000958
    268      0.000066      0.000098     -7.463190     -7.463092      0.000952
    269      0.000066      0.000099     -7.463191     -7.463092      0.000948
    270      0.000067      0.000100     -7.463192     -7.463092      0.000944
    271      0.000067      0.000100     -7.463192     -7.463092      0.000943
    272      0.000067      0.000100     -7.463192     -7.463092      0.000942
    273      0.000067      0.000100     -7.463192     -7.463092      0.000943
    274      0.000067      0.000100     -7.463192     -7.463092      0.000946
    275      0.000066      0.000099     -7.463191     -7.463092      0.000949
    276      0.000066      0.000098     -7.463190     -7.463092      0.000954
    277      0.000065      0.000097     -7.463189     -7.463092      0.000960
    278      0.000064      0.000096     -7.463188     -7.463092      0.000967
    279      0.000063      0.000094     -7.463186     -7.463092      0.000975
    280      0.000062      0.000093     -7.463185     -7.463092      0.000983
    281      0.000061      0.000091     -7.463183     -7.463092      0.000991
    282      0.000060      0.000089     -7.463181     -7.463092      0.001000
    283      0.000059      0.000088     -7.463180     -7.463092      0.001009
    284      0.000057      0.000086     -7.463178     -7.463092      0.001018
    285      0.000056      0.000084     -7.463176     -7.463092      0.001026
    286      0.000055      0.000083     -7.463175     -7.463092      0.001034
    287      0.000054      0.000081     -7.463173     -7.463092      0.001041
    288      0.000053      0.000080     -7.463172     -7.463092      0.001048
    289      0.000053      0.000079     -7.463171     -7.463092      0.001054
    290      0.000052      0.000078     -7.463170     -7.463092      0.001058
    291      0.000052      0.000077     -7.463169     -7.463092      0.001062
    292      0.000051      0.000077     -7.463169     -7.463092      0.001065
    293      0.000051      0.000076     -7.463168     -7.463092      0.001066
    294      0.000051      0.000076     -7.463168     -7.463092      0.001067
    295      0.000051      0.000076     -7.463168     -7.463092      0.001066
    296      0.000051      0.000076     -7.463168     -7.463092      0.001065
    297      0.000051      0.000077     -7.463169     -7.463092      0.001063
    298      0.000052      0.000077     -7.463169     -7.463092      0.001059
    299      0.000052      0.000078     -7.463170     -7.463092      0.001056
    300      0.000052      0.000079     -7.463171     -7.463092      0.001051
    301      0.000053      0.000080     -7.463171     -7.463092      0.001047
    302      0.000054      0.000080     -7.463172     -7.463092      0.001042
    303      0.000054      0.000081     -7.463173     -7.463092      0.001037
    304      0.000055      0.000082     -7.463174     -7.463092      0.001032
    305      0.000055      0.000083     -7.463175     -7.463092      0.001027
    306      0.000056      0.000084     -7.463176     -7.463092      0.001023
    307      0.000056      0.000085     -7.463177     -7.463092      0.001019
    308      0.000057      0.000085     -7.463177     -7.463092      0.001015
    309      0.000057      0.000086     -7.463178     -7.463092      0.001012
    310      0.000058      0.000086     -7.463178     -7.463092      0.001010
    311      0.000058      0.000087     -7.463179     -7.463092      0.001009
    312      0.000058      0.000087     -7.463179     -7.463092      0.001008
    313      0.000058      0.000087     -7.463179     -7.463092      0.001008
    314      0.000058      0.000087     -7.463179     -7.463092      0.001009
    315      0.000058      0.000086     -7.463178     -7.463092      0.001011
    316      0.000057      0.000086     -7.463178     -7.463092      0.001013
    317      0.000057      0.000085     -7.463177     -7.463092      0.001016
    318      0.000057      0.000085     -7.463177     -7.463092      0.001020
    319      0.000056      0.000084     -7.463176     -7.463092      0.001023
    320      0.000056      0.000083     -7.463175     -7.463092      0.001028
    321      0.000055      0.000083     -7.463175     -7.463092      0.001032
    322      0.000055      0.000082     -7.463174     -7.463092      0.001036
    323      0.000054      0.000081     -7.463173     -7.463092      0.001040
    324      0.000054      0.000080     -7.463172     -7.463092      0.001044
    325      0.000053      0.000080     -7.463172     -7.463092      0.001048
    326      0.000053      0.000079     -7.463171     -7.463092      0.001051
    327      0.000052      0.000079     -7.463171     -7.463092      0.001054
    328      0.000052      0.000078     -7.463170     -7.463092      0.001056
    329      0.000052      0.000078     -7.463170     -7.463092      0.001057
    330      0.000052      0.000078     -7.463170     -7.463092      0.001057
    331      0.000052      0.000078     -7.463170     -7.463092      0.001056
    332      0.000052      0.000079     -7.463170     -7.463092      0.001055
    333      0.000053      0.000079     -7.463171     -7.463092      0.001052
    334      0.000053      0.000080     -7.463172     -7.463092      0.001049
    335      0.000054      0.000080     -7.463172     -7.463092      0.001045
    336      0.000054      0.000081     -7.463173     -7.463092      0.001040
    337      0.000055      0.000082     -7.463174     -7.463092      0.001034
    338      0.000056      0.000084     -7.463176     -7.463092      0.001028
    339      0.000057      0.000085     -7.463177     -7.463092      0.001022
    340      0.000058      0.000086     -7.463178     -7.463092      0.001015
    341      0.000058      0.000088     -7.463180     -7.463092      0.001008
    342      0.000059      0.000089     -7.463181     -7.463092      0.001000
    343      0.000060      0.000090     -7.463182     -7.463092      0.000993
    344      0.000061      0.000092     -7.463184     -7.463092      0.000986
    345      0.000062      0.000093     -7.463185     -7.463092      0.000980
    346      0.000063      0.000094     -7.463186     -7.463092      0.000974
    347      0.000063      0.000095     -7.463187     -7.463092      0.000969
    348      0.000064      0.000096     -7.463188     -7.463092      0.000964
    349      0.000065      0.000097     -7.463189     -7.463092      0.000961
    350      0.000065      0.000097     -7.463189     -7.463092      0.000958
    351      0.000065      0.000098     -7.463190     -7.463092      0.000956
    352      0.000065      0.000098     -7.463190     -7.463092      0.000956
    353      0.000065      0.000098     -7.463190     -7.463092      0.000957
    354      0.000065      0.000097     -7.463189     -7.463092      0.000959
    355      0.000065      0.000097     -7.463189     -7.463092      0.000961
    356      0.000064      0.000096     -7.463188     -7.463092      0.000965
    357      0.000063      0.000095     -7.463187     -7.463092      0.000970
    358      0.000063      0.000094     -7.463186     -7.463092      0.000976
    359      0.000062      0.000093     -7.463185     -7.463092      0.000983
    360      0.000061      0.000092     -7.463183     -7.463092      0.000990
    361      0.000060      0.000090     -7.463182     -7.463092      0.000998
    362      0.000059      0.000088     -7.463180     -7.463092      0.001006
    363      0.000058      0.000087     -7.463179     -7.463092      0.001015
    364      0.000057      0.000085     -7.463177     -7.463092      0.001023
    365      0.000056      0.000084     -7.463176     -7.463092      0.001032
    366      0.000055      0.000082     -7.463174     -7.463092      0.001040
    367      0.000054      0.000080     -7.463172     -7.463092      0.001048
    368      0.000053      0.000079     -7.463171     -7.463092      0.001055
    369      0.000052      0.000078     -7.463170     -7.463092      0.001061
    370      0.000051      0.000077     -7.463169     -7.463092      0.001067
    371      0.000051      0.000076     -7.463168     -7.463092      0.001071
    372      0.000050      0.000075     -7.463167     -7.463092      0.001075
    373      0.000050      0.000075     -7.463166     -7.463092      0.001077
    374      0.000049      0.000074     -7.463166     -7.463092      0.001078
    375      0.000049      0.000074     -7.463166     -7.463092      0.001078
    376      0.000049      0.000074     -7.463166     -7.463092      0.001077
    377      0.000050      0.000075     -7.463166     -7.463092      0.001075
    378      0.000050      0.000075     -7.463167     -7.463092      0.001071
    379      0.000051      0.000076     -7.463168     -7.463092      0.001067
    380      0.000051      0.000077     -7.463169     -7.463092      0.001062
    381      0.000052      0.000078     -7.463170     -7.463092      0.001056
    382      0.000053      0.000079     -7.463171     -7.463092      0.001049
    383      0.000054      0.000080     -7.463172     -7.463092      0.001042
    384      0.000054      0.000082     -7.463174     -7.463092      0.001034
    385      0.000055      0.000083     -7.463175     -7.463092      0.001027
    386      0.000056      0.000084     -7.463176     -7.463092      0.001019
    387      0.000057      0.000086     -7.463178     -7.463092      0.001011
    388      0.000058      0.000087     -7.463179     -7.463092      0.001004
    389      0.000059      0.000088     -7.463180     -7.463092      0.000997
    390      0.000060      0.000090     -7.463182     -7.463092      0.000991
    391      0.000060      0.000091     -7.463183     -7.463092      0.000986
    392      0.000061      0.000092     -7.463183     -7.463092      0.000981
    393      0.000061      0.000092     -7.463184     -7.463092      0.000978
    394      0.000062      0.000093     -7.463185     -7.463092      0.000975
    395      0.000062      0.000093     -7.463185     -7.463092      0.000974
    396      0.000062      0.000093     -7.463185     -7.463092      0.000974
    397      0.000062      0.000093     -7.463185     -7.463092      0.000975
    398      0.000062      0.000093     -7.463185     -7.463092      0.000977
    399      0.000061      0.000092     -7.463184     -7.463092      0.000981
    400      0.000061      0.000091     -7.463183     -7.463092      0.000985
    401      0.000060      0.000090     -7.463182     -7.463092      0.000991
    402      0.000060      0.000089     -7.463181     -7.463092      0.000997
    403      0.000059      0.000088     -7.463180     -7.463092      0.001004
    404      0.000058      0.000087     -7.463179     -7.463092      0.001011
    405      0.000057      0.000085     -7.463177     -7.463092      0.001019
    406      0.000056      0.000084     -7.463176     -7.463092      0.001027
    407      0.000055      0.000083     -7.463174     -7.463092      0.001035
    408      0.000054      0.000081     -7.463173     -7.463092      0.001043
    409      0.000053      0.000080     -7.463172     -7.463092      0.001050
    410      0.000052      0.000079     -7.463170     -7.463092      0.001057
    411      0.000052      0.000077     -7.463169     -7.463092      0.001064
    412      0.000051      0.000076     -7.463168     -7.463092      0.001069
    413      0.000050      0.000076     -7.463168     -7.463092      0.001074
    414      0.000050      0.000075     -7.463167     -7.463092      0.001077
    415      0.000050      0.000075     -7.463167     -7.463092      0.001079
    416      0.000050      0.000074     -7.463166     -7.463092      0.001080
    417      0.000050      0.000075     -7.463166     -7.463092      0.001080
    418      0.000050      0.000075     -7.463167     -7.463092      0.001079
    419      0.000050      0.000075     -7.463167     -7.463092      0.001076
    420      0.000051      0.000076     -7.463168     -7.463092      0.001072
    421      0.000051      0.000077     -7.463169     -7.463092      0.001066
    422      0.000052      0.000078     -7.463170     -7.463092      0.001060
    423      0.000053      0.000080     -7.463172     -7.463092      0.001053
    424      0.000054      0.000081     -7.463173     -7.463092      0.001044
    425      0.000055      0.000083     -7.463175     -7.463092      0.001036
    426      0.000056      0.000084     -7.463176     -7.463092      0.001026
    427      0.000057      0.000086     -7.463178     -7.463092      0.001017
    428      0.000059      0.000088     -7.463180     -7.463092      0.001007
    429      0.000060      0.000090     -7.463182     -7.463092      0.000997
    430      0.000061      0.000091     -7.463183     -7.463092      0.000988
    431      0.000062      0.000093     -7.463185     -7.463092      0.000979
    432      0.000063      0.000094     -7.463186     -7.463092      0.000971
    433      0.000064      0.000096     -7.463188     -7.463092      0.000964
    434      0.000065      0.000097     -7.463189     -7.463092      0.000958
    435      0.000065      0.000098     -7.463190     -7.463092      0.000953
    436      0.000065      0.000098     -7.463190     -7.463092      0.000950
    437      0.000066      0.000099     -7.463191     -7.463092      0.000948
    438      0.000066      0.000099     -7.463191     -7.463092      0.000947
    439      0.000066      0.000098     -7.463190     -7.463092      0.000948
    440      0.000065      0.000098     -7.463190     -7.463092      0.000950
    441      0.000065      0.000097     -7.463189     -7.463092      0.000954
    442      0.000064      0.000096     -7.463188     -7.463092      0.000959
    443      0.000063      0.000095     -7.463187     -7.463092      0.000966
    444      0.000062      0.000093     -7.463185     -7.463092      0.000974
    445      0.000061      0.000092     -7.463184     -7.463092      0.000982
    446      0.000060      0.000090     -7.463182     -7.463092      0.000992
    447      0.000059      0.000088     -7.463180     -7.463092      0.001003
    448      0.000057      0.000086     -7.463178     -7.463092      0.001014
    449      0.000056      0.000084     -7.463176     -7.463092      0.001025
    450      0.000054      0.000082     -7.463174     -7.463092      0.001036
    451      0.000053      0.000080     -7.463172     -7.463092      0.001047
    452      0.000052      0.000078     -7.463170     -7.463092      0.001058
    453      0.000051      0.000076     -7.463168     -7.463092      0.001068
    454      0.000049      0.000074     -7.463166     -7.463092      0.001077
    455      0.000048      0.000073     -7.463165     -7.463092      0.001085
    456      0.000048      0.000071     -7.463163     -7.463092      0.001091
    457      0.000047      0.000070     -7.463162     -7.463092      0.001097
    458      0.000046      0.000070     -7.463162     -7.463092      0.001101
    459      0.000046      0.000069     -7.463161     -7.463092      0.001103
    460      0.000046      0.000069     -7.463161     -7.463092      0.001104
    461      0.000046      0.000069     -7.463161     -7.463092      0.001102
    462      0.000047      0.000070     -7.463162     -7.463092      0.001100
    463      0.000047      0.000071     -7.463163     -7.463092      0.001095
    464      0.000048      0.000072     -7.463164     -7.463092      0.001089
    465      0.000049      0.000074     -7.463165     -7.463092      0.001082
    466      0.000050      0.000075     -7.463167     -7.463092      0.001073
    467      0.000051      0.000077     -7.463169     -7.463092      0.001063
    468      0.000053      0.000079     -7.463171     -7.463092      0.001052
    469      0.000054      0.000081     -7.463173     -7.463092      0.001041
    470      0.000056      0.000084     -7.463176     -7.463092      0.001028
    471      0.000057      0.000086     -7.463178     -7.463092      0.001016
    472      0.000059      0.000088     -7.463180     -7.463092      0.001004
    473      0.000060      0.000091     -7.463183     -7.463092      0.000992
    474      0.000062      0.000093     -7.463185     -7.463092      0.000980
    475      0.000063      0.000095     -7.463187     -7.463092      0.000969
    476      0.000065      0.000097     -7.463189     -7.463092      0.000959
    477      0.000066      0.000098     -7.463190     -7.463092      0.000951
    478      0.000067      0.000100     -7.463192     -7.463092      0.000944
    479      0.000067      0.000101     -7.463193     -7.463092      0.000938
    480      0.000068      0.000102     -7.463194     -7.463092      0.000934
    481      0.000068      0.000102     -7.463194     -7.463092      0.000932
    482      0.000068      0.000102     -7.463194     -7.463092      0.000931
    483      0.000068      0.000102     -7.463194     -7.463092      0.000932
    484      0.000068      0.000101     -7.463193     -7.463092      0.000936
    485      0.000067      0.000100     -7.463192     -7.463092      0.000940
    486      0.000066      0.000099     -7.463191     -7.463092      0.000947
    487      0.000065      0.000098     -7.463190     -7.463092      0.000955
    488      0.000064      0.000096     -7.463188     -7.463092      0.000965
    489      0.000063      0.000094     -7.463186     -7.463092      0.000975
    490      0.000061      0.000092     -7.463184     -7.463092      0.000987
    491      0.000059      0.000089     -7.463181     -7.463092      0.000999
    492      0.000058      0.000087     -7.463179     -7.463092      0.001012
    493      0.000056      0.000084     -7.463176     -7.463092      0.001025
    494      0.000055      0.000082     -7.463174     -7.463092      0.001038
    495      0.000053      0.000079     -7.463171     -7.463092      0.001051
    496      0.000051      0.000077     -7.463169     -7.463092      0.001063
    497      0.000050      0.000075     -7.463167     -7.463092      0.001074
    498      0.000049      0.000073     -7.463165     -7.463092      0.001084
    499      0.000048      0.000071     -7.463163     -7.463092      0.001092
    500      0.000047      0.000070     -7.463162     -7.463092      0.001099
    501      0.000046      0.000069     -7.463161     -7.463092      0.001105
    502      0.000046      0.000068     -7.463160     -7.463092      0.001108
    503      0.000045      0.000068     -7.463160     -7.463092      0.001110
    504      0.000045      0.000068     -7.463160     -7.463092      0.001110
    505      0.000046      0.000068     -7.463160     -7.463092      0.001108
    506      0.000046      0.000069     -7.463161     -7.463092      0.001104
    507      0.000047      0.000070     -7.463162     -7.463092      0.001098
    508      0.000048      0.000071     -7.463163     -7.463092      0.001091
    509      0.000049      0.000073     -7.463165     -7.463092      0.001082
    510      0.000050      0.000075     -7.463167     -7.463092      0.001072
    511      0.000051      0.000077     -7.463169     -7.463092      0.001060
    512      0.000053      0.000079     -7.463171     -7.463092      0.001048
    513      0.000055      0.000082     -7.463174     -7.463092      0.001035
    514      0.000056      0.000084     -7.463176     -7.463092      0.001022
    515      0.000058      0.000087     -7.463179     -7.463092      0.001009
    516      0.000060      0.000089     -7.463181     -7.463092      0.000996
    517      0.000061      0.000092     -7.463184     -7.463092      0.000983
    518      0.000063      0.000094     -7.463186     -7.463092      0.000972
    519      0.000064      0.000096     -7.463188     -7.463092      0.000961
    520      0.000065      0.000098     -7.463190     -7.463092      0.000952
    521      0.000066      0.000099     -7.463191     -7.463092      0.000944
    522      0.000067      0.000100     -7.463192     -7.463092      0.000938
    523      0.000068      0.000101     -7.463193     -7.463092      0.000933
    524      0.000068      0.000102     -7.463194     -7.463092      0.000931
    525      0.000068      0.000102     -7.463194     -7.463092      0.000931
    526      0.000068      0.000102     -7.463194     -7.463092      0.000932
    527      0.000067      0.000101     -7.463193     -7.463092      0.000936
    528      0.000067      0.000100     -7.463192     -7.463092      0.000941
    529      0.000066      0.000099     -7.463191     -7.463092      0.000948
    530      0.000065      0.000097     -7.463189     -7.463092      0.000957
    531      0.000063      0.000095     -7.463187     -7.463092      0.000967
    532      0.000062      0.000093     -7.463185     -7.463092      0.000979
    533      0.000061      0.000091     -7.463183     -7.463092      0.000991
    534      0.000059      0.000088     -7.463180     -7.463092      0.001004
    535      0.000057      0.000086     -7.463178     -7.463092      0.001018
    536      0.000056      0.000083     -7.463175     -7.463092      0.001032
    537      0.000054      0.000081     -7.463173     -7.463092      0.001045
    538      0.000052      0.000078     -7.463170     -7.463092      0.001058
    539      0.000051      0.000076     -7.463168     -7.463092      0.001070
    540      0.000049      0.000074     -7.463166     -7.463092      0.001081
    541      0.000048      0.000072     -7.463164     -7.463092      0.001091
    542      0.000047      0.000071     -7.463163     -7.463092      0.001100
    543      0.000046      0.000069     -7.463161     -7.463092      0.001106
    544      0.000046      0.000068     -7.463160     -7.463092      0.001111
    545      0.000045      0.000068     -7.463160     -7.463092      0.001114
    546      0.000045      0.000068     -7.463160     -7.463092      0.001115
    547      0.000045      0.000068     -7.463160     -7.463092      0.001113
    548      0.000046      0.000069     -7.463160     -7.463092      0.001110
    549      0.000046      0.000069     -7.463161     -7.463092      0.001105
    550      0.000047      0.000071     -7.463163     -7.463092      0.001098
    551      0.000048      0.000072     -7.463164     -7.463092      0.001089
    552      0.000050      0.000074     -7.463166     -7.463092      0.001078
    553      0.000051      0.000076     -7.463168     -7.463092      0.001067
    554      0.000053      0.000079     -7.463171     -7.463092      0.001054
    555      0.000054      0.000081     -7.463173     -7.463092      0.001040
    556      0.000056      0.000084     -7.463176     -7.463092      0.001026
    557      0.000058      0.000086     -7.463178     -7.463092      0.001012
    558      0.000059      0.000089     -7.463181     -7.463092      0.000998
    559      0.000061      0.000092     -7.463183     -7.463092      0.000985
    560      0.000063      0.000094     -7.463186     -7.463092      0.000972
    561      0.000064      0.000096     -7.463188     -7.463092      0.000960
    562      0.000065      0.000098     -7.463190     -7.463092      0.000949
    563      0.000066      0.000100     -7.463192     -7.463092      0.000940
    564      0.000067      0.000101     -7.463193     -7.463092      0.000933
    565      0.000068      0.000102     -7.463194     -7.463092      0.000928
    566      0.000068      0.000103     -7.463195     -7.463092      0.000925
    567      0.000069      0.000103     -7.463195     -7.463092      0.000923
    568      0.000068      0.000103     -7.463195     -7.463092      0.000924
    569      0.000068      0.000102     -7.463194     -7.463092      0.000927
    570      0.000067      0.000101     -7.463193     -7.463092      0.000932
    571      0.000067      0.000100     -7.463192     -7.463092      0.000939
    572      0.000065      0.000098     -7.463190     -7.463092      0.000948
    573      0.000064      0.000096     -7.463188     -7.463092      0.000959
    574      0.000063      0.000094     -7.463186     -7.463092      0.000971
    575      0.000061      0.000092     -7.463184     -7.463092      0.000984
    576      0.000059      0.000089     -7.463181     -7.463092      0.000998
    577      0.000058      0.000086     -7.463178     -7.463092      0.001012
    578      0.000056      0.000084     -7.463176     -7.463092      0.001027
    579      0.000054      0.000081     -7.463173     -7.463092      0.001041
    580      0.000052      0.000078     -7.463170     -7.463092      0.001055
    581      0.000051      0.000076     -7.463168     -7.463092      0.001069
    582      0.000049      0.000074     -7.463166     -7.463092      0.001081
    583      0.000048      0.000072     -7.463163     -7.463092      0.001092
    584      0.000047      0.000070     -7.463162     -7.463092      0.001102
    585      0.000046      0.000068     -7.463160     -7.463092      0.001110
    586      0.000045      0.000067     -7.463159     -7.463092      0.001116
    587      0.000044      0.000067     -7.463159     -7.463092      0.001120
    588      0.000044      0.000066     -7.463158     -7.463092      0.001122
    589      0.000044      0.000066     -7.463158     -7.463092      0.001121
    590      0.000045      0.000067     -7.463159     -7.463092      0.001119
    591      0.000045      0.000068     -7.463160     -7.463092      0.001114
    592      0.000046      0.000069     -7.463161     -7.463092      0.001107
    593      0.000047      0.000071     -7.463163     -7.463092      0.001098
    594      0.000049      0.000073     -7.463165     -7.463092      0.001088
    595      0.000050      0.000075     -7.463167     -7.463092      0.001076
    596      0.000052      0.000078     -7.463170     -7.463092      0.001063
    597      0.000053      0.000080     -7.463172     -7.463092      0.001049
    598      0.000055      0.000083     -7.463175     -7.463092      0.001034
    599      0.000057      0.000086     -7.463178     -7.463092      0.001019
    600      0.000059      0.000089     -7.463181     -7.463092      0.001004
    601      0.000061      0.000091     -7.463183     -7.463092      0.000989
    602      0.000063      0.000094     -7.463186     -7.463092      0.000975
    603      0.000064      0.000097     -7.463188     -7.463092      0.000961
    604      0.000066      0.000099     -7.463191     -7.463092      0.000950
    605      0.000067      0.000101     -7.463193     -7.463092      0.000939
    606      0.000068      0.000102     -7.463194     -7.463092      0.000930
    607      0.000069      0.000104     -7.463195     -7.463092      0.000923
    608      0.000070      0.000104     -7.463196     -7.463092      0.000919
    609      0.000070      0.000105     -7.463197     -7.463092      0.000916
    610      0.000070      0.000105     -7.463197     -7.463092      0.000916
    611      0.000070      0.000104     -7.463196     -7.463092      0.000918
    612      0.000069      0.000104     -7.463196     -7.463092      0.000922
    613      0.000068      0.000102     -7.463194     -7.463092      0.000928
    614      0.000067      0.000101     -7.463193     -7.463092      0.000936
    615      0.000066      0.000099     -7.463191     -7.463092      0.000946
    616      0.000064      0.000097     -7.463189     -7.463092      0.000958
    617      0.000063      0.000094     -7.463186     -7.463092      0.000971
    618      0.000061      0.000092     -7.463184     -7.463092      0.000985
    619      0.000059      0.000089     -7.463181     -7.463092      0.000999
    620      0.000057      0.000086     -7.463178     -7.463092      0.001015
    621      0.000055      0.000083     -7.463175     -7.463092      0.001030
    622      0.000053      0.000080     -7.463172     -7.463092      0.001045
    623      0.000052      0.000077     -7.463169     -7.463092      0.001060
    624      0.000050      0.000075     -7.463167     -7.463092      0.001074
    625      0.000048      0.000072     -7.463164     -7.463092      0.001087
    626      0.000047      0.000070     -7.463162     -7.463092      0.001098
    627      0.000045      0.000068     -7.463160     -7.463092      0.001108
    628      0.000044      0.000067     -7.463159     -7.463092      0.001116
    629      0.000044      0.000066     -7.463158     -7.463092      0.001122
    630      0.000043      0.000065     -7.463157     -7.463092      0.001126
    631      0.000043      0.000064     -7.463156     -7.463092      0.001128
    632      0.000043      0.000065     -7.463157     -7.463092      0.001127
    633      0.000043      0.000065     -7.463157     -7.463092      0.001125
    634      0.000044      0.000066     -7.463158     -7.463092      0.001120
    635      0.000045      0.000067     -7.463159     -7.463092      0.001113
    636      0.000046      0.000069     -7.463161     -7.463092      0.001105
    637      0.000047      0.000071     -7.463163     -7.463092      0.001095
    638      0.000049      0.000073     -7.463165     -7.463092      0.001083
    639      0.000050      0.000075     -7.463167     -7.463092      0.001070
    640      0.000052      0.000078     -7.463170     -7.463092      0.001057
    641      0.000054      0.000081     -7.463173     -7.463092      0.001042
    642      0.000056      0.000084     -7.463175     -7.463092      0.001028
    643      0.000058      0.000086     -7.463178     -7.463092      0.001013
    644      0.000059      0.000089     -7.463181     -7.463092      0.000999
    645      0.000061      0.000092     -7.463184     -7.463092      0.000985
    646      0.000063      0.000094     -7.463186     -7.463092      0.000972
    647      0.000064      0.000096     -7.463188     -7.463092      0.000961
    648      0.000065      0.000098     -7.463190     -7.463092      0.000951
    649      0.000067      0.000100     -7.463192     -7.463092      0.000942
    650      0.000067      0.000101     -7.463193     -7.463092      0.000935
    651      0.000068      0.000102     -7.463194     -7.463092      0.000930
    652      0.000069      0.000103     -7.463195     -7.463092      0.000927
    653      0.000069      0.000103     -7.463195     -7.463092      0.000926
    654      0.000069      0.000103     -7.463195     -7.463092      0.000926
    655      0.000068      0.000102     -7.463194     -7.463092      0.000929
    656      0.000068      0.000102     -7.463194     -7.463092      0.000934
    657      0.000067      0.000100     -7.463192     -7.463092      0.000940
    658      0.000066      0.000099     -7.463191     -7.463092      0.000948
    659      0.000065      0.000097     -7.463189     -7.463092      0.000957
    660      0.000064      0.000095     -7.463187     -7.463092      0.000967
    661      0.000062      0.000093     -7.463185     -7.463092      0.000979
    662      0.000061      0.000091     -7.463183     -7.463092      0.000990
    663      0.000059      0.000089     -7.463181     -7.463092      0.001003
    664      0.000058      0.000087     -7.463178     -7.463092      0.001015
    665      0.000056      0.000084     -7.463176     -7.463092      0.001027
    666      0.000055      0.000082     -7.463174     -7.463092      0.001039
    667      0.000053      0.000080     -7.463172     -7.463092      0.001050
    668      0.000052      0.000078     -7.463170     -7.463092      0.001060
    669      0.000051      0.000076     -7.463168     -7.463092      0.001069
    670      0.000050      0.000075     -7.463167     -7.463092      0.001076
    671      0.000049      0.000074     -7.463166     -7.463092      0.001082
    672      0.000049      0.000073     -7.463165     -7.463092      0.001087
    673      0.000048      0.000072     -7.463164     -7.463092      0.001090
    674      0.000048      0.000072     -7.463164     -7.463092      0.001091
    675      0.000048      0.000072     -7.463164     -7.463092      0.001091
    676      0.000048      0.000072     -7.463164     -7.463092      0.001089
    677      0.000049      0.000073     -7.463165     -7.463092      0.001085
    678      0.000049      0.000074     -7.463166     -7.463092      0.001080
    679      0.000050      0.000075     -7.463167     -7.463092      0.001074
    680      0.000051      0.000076     -7.463168     -7.463092      0.001067
    681      0.000052      0.000078     -7.463170     -7.463092      0.001058
    682      0.000053      0.000080     -7.463172     -7.463092      0.001050
    683      0.000054      0.000081     -7.463173     -7.463092      0.001040
    684      0.000055      0.000083     -7.463175     -7.463092      0.001031
    685      0.000057      0.000085     -7.463177     -7.463092      0.001021
    686      0.000058      0.000087     -7.463179     -7.463092      0.001011
    687      0.000059      0.000088     -7.463180     -7.463092      0.001003
    688      0.000060      0.000090     -7.463182     -7.463092      0.000994
    689      0.000061      0.000091     -7.463183     -7.463092      0.000987
    690      0.000062      0.000092     -7.463184     -7.463092      0.000980
    691      0.000062      0.000093     -7.463185     -7.463092      0.000975
    692      0.000063      0.000094     -7.463186     -7.463092      0.000971
    693      0.000063      0.000095     -7.463187     -7.463092      0.000968
    694      0.000063      0.000095     -7.463187     -7.463092      0.000967
    695      0.000063      0.000095     -7.463187     -7.463092      0.000967
    696      0.000063      0.000095     -7.463187     -7.463092      0.000968
    697      0.000063      0.000094     -7.463186     -7.463092      0.000971
    698      0.000062      0.000093     -7.463185     -7.463092      0.000975
    699      0.000062      0.000092     -7.463184     -7.463092      0.000980
    700      0.000061      0.000091     -7.463183     -7.463092      0.000986
    701      0.000060      0.000090     -7.463182     -7.463092      0.000993
    702      0.000059      0.000089     -7.463181     -7.463092      0.001000
    703      0.000058      0.000087     -7.463179     -7.463092      0.001008
    704      0.000057      0.000086     -7.463178     -7.463092      0.001016
    705      0.000056      0.000084     -7.463176     -7.463092      0.001024
    706      0.000055      0.000083     -7.463175     -7.463092      0.001032
    707      0.000054      0.000081     -7.463173     -7.463092      0.001040
    708      0.000053      0.000080     -7.463172     -7.463092      0.001047
    709      0.000053      0.000079     -7.463171     -7.463092      0.001053
    710      0.000052      0.000078     -7.463170     -7.463092      0.001059
    711      0.000051      0.000077     -7.463169     -7.463092      0.001063
    712      0.000051      0.000076     -7.463168     -7.463092      0.001067
    713      0.000051      0.000076     -7.463168     -7.463092      0.001069
    714      0.000051      0.000076     -7.463168     -7.463092      0.001070
    715      0.000051      0.000076     -7.463168     -7.463092      0.001070
    716      0.000051      0.000076     -7.463168     -7.463092      0.001069
    717      0.000051      0.000077     -7.463169     -7.463092      0.001066
    718      0.000052      0.000077     -7.463169     -7.463092      0.001063
    719      0.000052      0.000078     -7.463170     -7.463092      0.001058
    720      0.000053      0.000079     -7.463171     -7.463092      0.001053
    721      0.000054      0.000080     -7.463172     -7.463092      0.001047
    722      0.000054      0.000082     -7.463174     -7.463092      0.001040
    723      0.000055      0.000083     -7.463175     -7.463092      0.001033
    724      0.000056      0.000084     -7.463176     -7.463092      0.001026
    725      0.000057      0.000086     -7.463178     -7.463092      0.001019
    726      0.000058      0.000087     -7.463179     -7.463092      0.001011
    727      0.000059      0.000088     -7.463180     -7.463092      0.001005
    728      0.000059      0.000089     -7.463181     -7.463092      0.000998
    729      0.000060      0.000090     -7.463182     -7.463092      0.000993
    730      0.000061      0.000091     -7.463183     -7.463092      0.000988
    731      0.000061      0.000092     -7.463184     -7.463092      0.000984
    732      0.000061      0.000092     -7.463184     -7.463092      0.000981
    733      0.000062      0.000093     -7.463185     -7.463092      0.000980
    734      0.000062      0.000093     -7.463185     -7.463092      0.000979
    735      0.000062      0.000093     -7.463184     -7.463092      0.000979
    736      0.000061      0.000092     -7.463184     -7.463092      0.000981
    737      0.000061      0.000092     -7.463184     -7.463092      0.000983
    738      0.000061      0.000091     -7.463183     -7.463092      0.000987
    739      0.000060      0.000090     -7.463182     -7.463092      0.000991
    740      0.000059      0.000089     -7.463181     -7.463092      0.000996
    741      0.000059      0.000088     -7.463180     -7.463092      0.001002
    742      0.000058      0.000087     -7.463179     -7.463092      0.001009
    743      0.000057      0.000086     -7.463178     -7.463092      0.001015
    744      0.000056      0.000084     -7.463176     -7.463092      0.001022
    745      0.000055      0.000083     -7.463175     -7.463092      0.001029
    746      0.000055      0.000082     -7.463174     -7.463092      0.001035
    747      0.000054      0.000081     -7.463173     -7.463092      0.001041
    748      0.000053      0.000080     -7.463172     -7.463092      0.001047
    749      0.000053      0.000079     -7.463171     -7.463092      0.001052
    750      0.000052      0.000078     -7.463170     -7.463092      0.001056
    751      0.000052      0.000077     -7.463169     -7.463092      0.001059
    752      0.000051      0.000077     -7.463169     -7.463092      0.001062
    753      0.000051      0.000077     -7.463169     -7.463092      0.001063
    754      0.000051      0.000077     -7.463169     -7.463092      0.001063
    755      0.000052      0.000077     -7.463169     -7.463092      0.001062
    756      0.000052      0.000078     -7.463170     -7.463092      0.001059
    757      0.000052      0.000078     -7.463170     -7.463092      0.001056
    758      0.000053      0.000079     -7.463171     -7.463092      0.001052
    759      0.000054      0.000080     -7.463172     -7.463092      0.001046
    760      0.000054      0.000082     -7.463174     -7.463092      0.001041
    761      0.000055      0.000083     -7.463175     -7.463092      0.001034
    762      0.000056      0.000084     -7.463176     -7.463092      0.001027
    763      0.000057      0.000086     -7.463178     -7.463092      0.001019
    764      0.000058      0.000087     -7.463179     -7.463092      0.001012
    765      0.000059      0.000089     -7.463181     -7.463092      0.001004
    766      0.000060      0.000090     -7.463182     -7.463092      0.000997
    767      0.000061      0.000091     -7.463183     -7.463092      0.000990
    768      0.000062      0.000093     -7.463185     -7.463092      0.000983
    769      0.000062      0.000094     -7.463186     -7.463092      0.000978
    770      0.000063      0.000095     -7.463187     -7.463092      0.000973
    771      0.000064      0.000095     -7.463187     -7.463092      0.000969
    772      0.000064      0.000096     -7.463188     -7.463092      0.000966
    773      0.000064      0.000096     -7.463188     -7.463092      0.000964
    774      0.000064      0.000096     -7.463188     -7.463092      0.000964
    775      0.000064      0.000096     -7.463188     -7.463092      0.000965
    776      0.000064      0.000096     -7.463188     -7.463092      0.000967
    777      0.000063      0.000095     -7.463187     -7.463092      0.000970
    778      0.000063      0.000094     -7.463186     -7.463092      0.000974
    779      0.000062      0.000093     -7.463185     -7.463092      0.000980
    780      0.000061      0.000092     -7.463184     -7.463092      0.000986
    781      0.000060      0.000090     -7.463182     -7.463092      0.000993
    782      0.000059      0.000089     -7.463181     -7.463092      0.001001
    783      0.000058      0.000087     -7.463179     -7.463092      0.001009
    784      0.000057      0.000086     -7.463178     -7.463092      0.001018
    785      0.000056      0.000084     -7.463176     -7.463092      0.001027
    786      0.000055      0.000082     -7.463174     -7.463092      0.001035
    787      0.000054      0.000080     -7.463172     -7.463092      0.001044
    788      0.000053      0.000079     -7.463171     -7.463092      0.001052
    789      0.000052      0.000077     -7.463169     -7.463092      0.001059
    790      0.000051      0.000076     -7.463168     -7.463092      0.001066
    791      0.000050      0.000075     -7.463167     -7.463092      0.001072
    792      0.000049      0.000074     -7.463166     -7.463092      0.001076
    793      0.000049      0.000073     -7.463165     -7.463092      0.001080
    794      0.000049      0.000073     -7.463165     -7.463092      0.001083
    795      0.000048      0.000073     -7.463164     -7.463092      0.001084
    796      0.000048      0.000073     -7.463164     -7.463092      0.001084
    797      0.000048      0.000073     -7.463165     -7.463092      0.001083
    798      0.000049      0.000073     -7.463165     -7.463092      0.001080
    799      0.000049      0.000074     -7.463166     -7.463092      0.001077
    800      0.000050      0.000075     -7.463167     -7.463092      0.001072
    801      0.000051      0.000076     -7.463168     -7.463092      0.001066
    802      0.000051      0.000077     -7.463169     -7.463092      0.001060
    803      0.000052      0.000078     -7.463170     -7.463092      0.001053
    804      0.000053      0.000080     -7.463172     -7.463092      0.001045
    805      0.000054      0.000081     -7.463173     -7.463092      0.001037
    806      0.000055      0.000083     -7.463175     -7.463092      0.001029
    807      0.000056      0.000085     -7.463177     -7.463092      0.001021
    808      0.000057      0.000086     -7.463178     -7.463092      0.001013
    809      0.000058      0.000088     -7.463180     -7.463092      0.001005
    810      0.000059      0.000089     -7.463181     -7.463092      0.000997
    811      0.000060      0.000090     -7.463182     -7.463092      0.000991
    812      0.000061      0.000092     -7.463184     -7.463092      0.000985
    813      0.000062      0.000093     -7.463185     -7.463092      0.000980
    814      0.000062      0.000093     -7.463185     -7.463092      0.000976
    815      0.000063      0.000094     -7.463186     -7.463092      0.000973
    816      0.000063      0.000094     -7.463186     -7.463092      0.000971
    817      0.000063      0.000095     -7.463187     -7.463092      0.000970
    818      0.000063      0.000095     -7.463187     -7.463092      0.000970
    819      0.000063      0.000095     -7.463186     -7.463092      0.000971
    820      0.000063      0.000094     -7.463186     -7.463092      0.000973
    821      0.000062      0.000094     -7.463186     -7.463092      0.000976
    822      0.000062      0.000093     -7.463185     -7.463092      0.000980
    823      0.000061      0.000092     -7.463184     -7.463092      0.000985
    824      0.000061      0.000091     -7.463183     -7.463092      0.000990
    825      0.000060      0.000090     -7.463182     -7.463092      0.000996
    826      0.000059      0.000089     -7.463181     -7.463092      0.001002
    827      0.000058      0.000088     -7.463180     -7.463092      0.001009
    828      0.000058      0.000086     -7.463178     -7.463092      0.001015
    829      0.000057      0.000085     -7.463177     -7.463092      0.001021
    830      0.000056      0.000084     -7.463176     -7.463092      0.001027
    831      0.000055      0.000083     -7.463175     -7.463092      0.001033
    832      0.000055      0.000082     -7.463174     -7.463092      0.001038
    833      0.000054      0.000081     -7.463173     -7.463092      0.001043
    834      0.000054      0.000080     -7.463172     -7.463092      0.001047
    835      0.000053      0.000080     -7.463172     -7.463092      0.001050
    836      0.000053      0.000079     -7.463171     -7.463092      0.001052
    837      0.000053      0.000079     -7.463171     -7.463092      0.001053
    838      0.000053      0.000079     -7.463171     -7.463092      0.001054
    839      0.000053      0.000079     -7.463171     -7.463092      0.001054
    840      0.000053      0.000079     -7.463171     -7.463092      0.001053
    841      0.000053      0.000079     -7.463171     -7.463092      0.001051
    842      0.000053      0.000080     -7.463172     -7.463092      0.001049
    843      0.000054      0.000080     -7.463172     -7.463092      0.001046
    844      0.000054      0.000081     -7.463173     -7.463092      0.001042
    845      0.000055      0.000082     -7.463174     -7.463092      0.001038
    846      0.000055      0.000083     -7.463175     -7.463092      0.001034
    847      0.000056      0.000083     -7.463175     -7.463092      0.001030
    848      0.000056      0.000084     -7.463176     -7.463092      0.001025
    849      0.000057      0.000085     -7.463177     -7.463092      0.001021
    850      0.000057      0.000086     -7.463178     -7.463092      0.001017
    851      0.000058      0.000087     -7.463179     -7.463092      0.001013
    852      0.000058      0.000087     -7.463179     -7.463092      0.001009
    853      0.000059      0.000088     -7.463180     -7.463092      0.001006
    854      0.000059      0.000089     -7.463180     -7.463092      0.001003
    855      0.000059      0.000089     -7.463181     -7.463092      0.001001
    856      0.000059      0.000089     -7.463181     -7.463092      0.000999
    857      0.000060      0.000089     -7.463181     -7.463092      0.000998
    858      0.000060      0.000089     -7.463181     -7.463092      0.000998
    859      0.000060      0.000089     -7.463181     -7.463092      0.000998
    860      0.000060      0.000089     -7.463181     -7.463092      0.000999
    861      0.000059      0.000089     -7.463181     -7.463092      0.001000
    862      0.000059      0.000089     -7.463181     -7.463092      0.001002
    863      0.000059      0.000088     -7.463180     -7.463092      0.001004
    864      0.000059      0.000088     -7.463180     -7.463092      0.001007
    865      0.000058      0.000087     -7.463179     -7.463092      0.001009
    866      0.000058      0.000087     -7.463179     -7.463092      0.001012
    867      0.000057      0.000086     -7.463178     -7.463092      0.001015
    868      0.000057      0.000086     -7.463177     -7.463092      0.001018
    869      0.000057      0.000085     -7.463177     -7.463092      0.001021
    870      0.000056      0.000084     -7.463176     -7.463092      0.001023
    871      0.000056      0.000084     -7.463176     -7.463092      0.001025
    872      0.000056      0.000084     -7.463176     -7.463092      0.001027
    873      0.000056      0.000083     -7.463175     -7.463092      0.001029
    874      0.000055      0.000083     -7.463175     -7.463092      0.001030
    875      0.000055      0.000083     -7.463175     -7.463092      0.001030
    876      0.000055      0.000083     -7.463175     -7.463092      0.001031
    877      0.000055      0.000083     -7.463175     -7.463092      0.001030
    878      0.000055      0.000083     -7.463175     -7.463092      0.001030
    879      0.000055      0.000083     -7.463175     -7.463092      0.001029
    880      0.000056      0.000083     -7.463175     -7.463092      0.001027
    881      0.000056      0.000084     -7.463176     -7.463092      0.001025
    882      0.000056      0.000084     -7.463176     -7.463092      0.001023
    883      0.000056      0.000084     -7.463176     -7.463092      0.001021
    884      0.000057      0.000085     -7.463177     -7.463092      0.001019
    885      0.000057      0.000085     -7.463177     -7.463092      0.001017
    886      0.000057      0.000086     -7.463178     -7.463092      0.001015
    887      0.000057      0.000086     -7.463178     -7.463092      0.001014
    888      0.000057      0.000086     -7.463178     -7.463092      0.001012
    889      0.000058      0.000086     -7.463178     -7.463092      0.001012
    890      0.000058      0.000086     -7.463178     -7.463092      0.001011
    891      0.000058      0.000086     -7.463178     -7.463092      0.001011
    892      0.000058      0.000086     -7.463178     -7.463092      0.001012
    893      0.000057      0.000086     -7.463178     -7.463092      0.001013
    894      0.000057      0.000086     -7.463178     -7.463092      0.001015
    895      0.000057      0.000085     -7.463177     -7.463092      0.001017
    896      0.000057      0.000085     -7.463177     -7.463092      0.001020
    897      0.000056      0.000084     -7.463176     -7.463092      0.001023
    898      0.000056      0.000084     -7.463176     -7.463092      0.001027
    899      0.000055      0.000083     -7.463175     -7.463092      0.001032
    900      0.000055      0.000082     -7.463174     -7.463092      0.001036
    901      0.000054      0.000081     -7.463173     -7.463092      0.001041
    902      0.000054      0.000080     -7.463172     -7.463092      0.001045
    903      0.000053      0.000080     -7.463172     -7.463092      0.001050
    904      0.000053      0.000079     -7.463171     -7.463092      0.001055
    905      0.000052      0.000078     -7.463170     -7.463092      0.001059
    906      0.000052      0.000077     -7.463169     -7.463092      0.001062
    907      0.000051      0.000077     -7.463169     -7.463092      0.001065
    908      0.000051      0.000076     -7.463168     -7.463092      0.001067
    909      0.000051      0.000076     -7.463168     -7.463092      0.001069
    910      0.000051      0.000076     -7.463168     -7.463092      0.001069
    911      0.000051      0.000076     -7.463168     -7.463092      0.001069
    912      0.000051      0.000077     -7.463168     -7.463092      0.001067
    913      0.000051      0.000077     -7.463169     -7.463092      0.001065
    914      0.000052      0.000078     -7.463170     -7.463092      0.001061
    915      0.000052      0.000079     -7.463171     -7.463092      0.001056
    916      0.000053      0.000080     -7.463172     -7.463092      0.001051
    917      0.000054      0.000081     -7.463173     -7.463092      0.001044
    918      0.000055      0.000082     -7.463174     -7.463092      0.001036
    919      0.000056      0.000084     -7.463176     -7.463092      0.001028
    920      0.000057      0.000086     -7.463178     -7.463092      0.001019
    921      0.000058      0.000087     -7.463179     -7.463092      0.001009
    922      0.000059      0.000089     -7.463181     -7.463092      0.000999
    923      0.000061      0.000091     -7.463183     -7.463092      0.000989
    924      0.000062      0.000093     -7.463185     -7.463092      0.000979
    925      0.000063      0.000095     -7.463187     -7.463092      0.000970
    926      0.000064      0.000097     -7.463188     -7.463092      0.000960
    927      0.000065      0.000098     -7.463190     -7.463092      0.000952
    928      0.000066      0.000100     -7.463192     -7.463092      0.000944
    929      0.000067      0.000101     -7.463193     -7.463092      0.000937
    930      0.000068      0.000102     -7.463194     -7.463092      0.000932
    931      0.000068      0.000103     -7.463195     -7.463092      0.000927
    932      0.000069      0.000103     -7.463195     -7.463092      0.000925
    933      0.000069      0.000103     -7.463195     -7.463092      0.000923
    934      0.000069      0.000103     -7.463195     -7.463092      0.000924
    935      0.000069      0.000103     -7.463195     -7.463092      0.000926
    936      0.000068      0.000102     -7.463194     -7.463092      0.000930
    937      0.000067      0.000101     -7.463193     -7.463092      0.000935
    938      0.000067      0.000100     -7.463192     -7.463092      0.000942
    939      0.000066      0.000098     -7.463190     -7.463092      0.000951
    940      0.000064      0.000096     -7.463188     -7.463092      0.000961
    941      0.000063      0.000094     -7.463186     -7.463092      0.000972
    942      0.000061      0.000092     -7.463184     -7.463092      0.000984
    943      0.000060      0.000089     -7.463181     -7.463092      0.000997
    944      0.000058      0.000087     -7.463179     -7.463092      0.001011
    945      0.000056      0.000084     -7.463176     -7.463092      0.001026
    946      0.000054      0.000081     -7.463173     -7.463092      0.001040
    947      0.000052      0.000079     -7.463170     -7.463092      0.001055
    948      0.000051      0.000076     -7.463168     -7.463092      0.001069
    949      0.000049      0.000073     -7.463165     -7.463092      0.001083
    950      0.000047      0.000071     -7.463163     -7.463092      0.001096
    951      0.000046      0.000069     -7.463160     -7.463092      0.001107
    952      0.000044      0.000067     -7.463158     -7.463092      0.001118
    953      0.000043      0.000065     -7.463157     -7.463092      0.001127
    954      0.000042      0.000063     -7.463155     -7.463092      0.001135
    955      0.000041      0.000062     -7.463154     -7.463092      0.001140
    956      0.000041      0.000061     -7.463153     -7.463092      0.001144
    957      0.000041      0.000061     -7.463153     -7.463092      0.001146
    958      0.000041      0.000061     -7.463153     -7.463092      0.001146
    959      0.000041      0.000062     -7.463153     -7.463092      0.001144
    960      0.000042      0.000062     -7.463154     -7.463092      0.001139
    961      0.000042      0.000063     -7.463155     -7.463092      0.001133
    962      0.000043      0.000065     -7.463157     -7.463092      0.001125
    963      0.000044      0.000067     -7.463159     -7.463092      0.001115
    964      0.000046      0.000069     -7.463161     -7.463092      0.001104
    965      0.000047      0.000071     -7.463163     -7.463092      0.001092
    966      0.000049      0.000074     -7.463166     -7.463092      0.001078
    967      0.000051      0.000077     -7.463169     -7.463092      0.001063
    968      0.000053      0.000079     -7.463171     -7.463092      0.001048
    969      0.000055      0.000082     -7.463174     -7.463092      0.001032
    970      0.000057      0.000085     -7.463177     -7.463092      0.001017
    971      0.000059      0.000088     -7.463180     -7.463092      0.001001
    972      0.000061      0.000091     -7.463183     -7.463092      0.000986
    973      0.000063      0.000094     -7.463186     -7.463092      0.000971
    974      0.000064      0.000097     -7.463189     -7.463092      0.000958
    975      0.000066      0.000099     -7.463191     -7.463092      0.000945
    976      0.000068      0.000101     -7.463193     -7.463092      0.000934
    977      0.000069      0.000103     -7.463195     -7.463092      0.000925
    978      0.000070      0.000105     -7.463197     -7.463092      0.000917
    979      0.000071      0.000106     -7.463198     -7.463092      0.000911
    980      0.000071      0.000107     -7.463199     -7.463092      0.000906
    981      0.000071      0.000107     -7.463199     -7.463092      0.000904
    982      0.000072      0.000107     -7.463199     -7.463092      0.000904
    983      0.000071      0.000107     -7.463199     -7.463092      0.000905
    984      0.000071      0.000107     -7.463198     -7.463092      0.000909
    985      0.000070      0.000106     -7.463198     -7.463092      0.000914
    986      0.000070      0.000104     -7.463196     -7.463092      0.000921
    987      0.000069      0.000103     -7.463195     -7.463092      0.000929
    988      0.000067      0.000101     -7.463193     -7.463092      0.000939
    989      0.000066      0.000099     -7.463191     -7.463092      0.000949
    990      0.000065      0.000097     -7.463189     -7.463092      0.000961
    991      0.000063      0.000095     -7.463187     -7.463092      0.000973
    992      0.000061      0.000092     -7.463184     -7.463092      0.000986
    993      0.000060      0.000090     -7.463182     -7.463092      0.000999
    994      0.000058      0.000087     -7.463179     -7.463092      0.001012
    995      0.000057      0.000085     -7.463177     -7.463092      0.001024
    996      0.000055      0.000083     -7.463175     -7.463092      0.001036
    997      0.000054      0.000080     -7.463172     -7.463092      0.001048
    998      0.000052      0.000078     -7.463170     -7.463092      0.001058
    999      0.000051      0.000077     -7.463169     -7.463092      0.001068
   1000      0.000050      0.000075     -7.463167     -7.463092      0.001076
#
# Means      0.000057      0.000085     -7.463177     -7.463092      0.001020
