#
# MD1: a minimal molecular dynamics program
#
# abc
#  Input sample: 6
#                                (only positions read from file)
# Output sample: i6
# Number of steps:    1000, time step: 0.0030, total time:      3.0000
# Number of atoms:   864
# Box size:    9.297600    9.297600    9.297600, Volume:        803.734
# Density:    1.074982 (unchanged)
# Free evolution run.
#
#  Step   Temperature     Kinetic      Potential   Total Energy    Pressure
# -----  ------------  ------------  ------------  ------------  ------------
      1      0.000000      0.000000     -7.463099     -7.463099      0.001413
      2      0.000001      0.000001     -7.463100     -7.463099      0.001406
      3      0.000003      0.000004     -7.463103     -7.463099      0.001393
      4      0.000005      0.000008     -7.463106     -7.463099      0.001373
      5      0.000009      0.000013     -7.463111     -7.463099      0.001347
      6      0.000013      0.000019     -7.463117     -7.463099      0.001316
      7      0.000017      0.000026     -7.463124     -7.463099      0.001280
      8      0.000022      0.000034     -7.463132     -7.463099      0.001240
      9      0.000028      0.000042     -7.463141     -7.463099      0.001196
     10      0.000034      0.000051     -7.463150     -7.463099      0.001149
     11      0.000040      0.000061     -7.463159     -7.463099      0.001100
     12      0.000047      0.000070     -7.463169     -7.463099      0.001050
     13      0.000053      0.000080     -7.463178     -7.463099      0.001001
     14      0.000060      0.000089     -7.463188     -7.463099      0.000951
     15      0.000066      0.000099     -7.463197     -7.463099      0.000904
     16      0.000072      0.000107     -7.463206     -7.463099      0.000859
     17      0.000077      0.000116     -7.463214     -7.463099      0.000817
     18      0.000082      0.000123     -7.463222     -7.463099      0.000779
     19      0.000086      0.000130     -7.463228     -7.463099      0.000745
     20      0.000090      0.000135     -7.463234     -7.463099      0.000716
     21      0.000093      0.000140     -7.463239     -7.463099      0.000693
     22      0.000096      0.000143     -7.463242     -7.463099      0.000676
     23      0.000097      0.000146     -7.463244     -7.463099      0.000664
     24      0.000098      0.000147     -7.463246     -7.463099      0.000659
     25      0.000098      0.000147     -7.463246     -7.463099      0.000659
     26      0.000097      0.000146     -7.463245     -7.463099      0.000665
     27      0.000096      0.000144     -7.463243     -7.463099      0.000677
     28      0.000094      0.000141     -7.463240     -7.463099      0.000694
     29      0.000091      0.000137     -7.463236     -7.463099      0.000715
     30      0.000088      0.000132     -7.463231     -7.463099      0.000741
     31      0.000084      0.000127     -7.463225     -7.463099      0.000770
     32      0.000080      0.000121     -7.463219     -7.463099      0.000803
     33      0.000076      0.000114     -7.463213     -7.463099      0.000837
     34      0.000071      0.000107     -7.463206     -7.463099      0.000873
     35      0.000067      0.000100     -7.463199     -7.463099      0.000910
     36      0.000062      0.000093     -7.463192     -7.463099      0.000947
     37      0.000058      0.000086     -7.463185     -7.463099      0.000982
     38      0.000053      0.000080     -7.463178     -7.463099      0.001017
     39      0.000049      0.000074     -7.463172     -7.463099      0.001050
     40      0.000045      0.000068     -7.463166     -7.463099      0.001079
     41      0.000042      0.000063     -7.463161     -7.463099      0.001106
     42      0.000039      0.000058     -7.463157     -7.463099      0.001129
     43      0.000036      0.000054     -7.463153     -7.463099      0.001148
     44      0.000034      0.000051     -7.463150     -7.463099      0.001163
     45      0.000033      0.000049     -7.463148     -7.463099      0.001174
     46      0.000032      0.000048     -7.463146     -7.463099      0.001180
     47      0.000031      0.000047     -7.463146     -7.463099      0.001182
     48      0.000032      0.000047     -7.463146     -7.463099      0.001180
     49      0.000032      0.000048     -7.463147     -7.463099      0.001173
     50      0.000033      0.000050     -7.463149     -7.463099      0.001163
     51      0.000035      0.000052     -7.463151     -7.463099      0.001150
     52      0.000037      0.000055     -7.463154     -7.463099      0.001134
     53      0.000039      0.000059     -7.463157     -7.463099      0.001115
     54      0.000042      0.000062     -7.463161     -7.463099      0.001094
     55      0.000044      0.000066     -7.463165     -7.463099      0.001073
     56      0.000047      0.000071     -7.463169     -7.463099      0.001050
     57      0.000050      0.000075     -7.463173     -7.463099      0.001027
     58      0.000053      0.000079     -7.463178     -7.463099      0.001005
     59      0.000055      0.000083     -7.463182     -7.463099      0.000984
     60      0.000058      0.000087     -7.463185     -7.463099      0.000964
     61      0.000060      0.000090     -7.463189     -7.463099      0.000945
     62      0.000062      0.000093     -7.463192     -7.463099      0.000930
     63      0.000064      0.000095     -7.463194     -7.463099      0.000916
     64      0.000065      0.000097     -7.463196     -7.463099      0.000906
     65      0.000066      0.000099     -7.463197     -7.463099      0.000899
     66      0.000066      0.000099     -7.463198     -7.463099      0.000895
     67      0.000066      0.000100     -7.463198     -7.463099      0.000894
     68      0.000066      0.000099     -7.463198     -7.463099      0.000896
     69      0.000066      0.000098     -7.463197     -7.463099      0.000901
     70      0.000065      0.000097     -7.463196     -7.463099      0.000909
     71      0.000063      0.000095     -7.463194     -7.463099      0.000920
     72      0.000062      0.000093     -7.463191     -7.463099      0.000933
     73      0.000060      0.000090     -7.463189     -7.463099      0.000947
     74      0.000058      0.000087     -7.463186     -7.463099      0.000964
     75      0.000056      0.000084     -7.463183     -7.463099      0.000981
     76      0.000054      0.000081     -7.463179     -7.463099      0.000998
     77      0.000052      0.000077     -7.463176     -7.463099      0.001016
     78      0.000050      0.000074     -7.463173     -7.463099      0.001033
     79      0.000048      0.000071     -7.463170     -7.463099      0.001049
     80      0.000046      0.000069     -7.463167     -7.463099      0.001064
     81      0.000044      0.000066     -7.463165     -7.463099      0.001078
     82      0.000043      0.000064     -7.463163     -7.463099      0.001089
     83      0.000042      0.000062     -7.463161     -7.463099      0.001098
     84      0.000041      0.000061     -7.463160     -7.463099      0.001104
     85      0.000041      0.000061     -7.463159     -7.463099      0.001108
     86      0.000040      0.000061     -7.463159     -7.463099      0.001109
     87      0.000041      0.000061     -7.463160     -7.463099      0.001107
     88      0.000041      0.000062     -7.463161     -7.463099      0.001102
     89      0.000042      0.000064     -7.463162     -7.463099      0.001094
     90      0.000044      0.000066     -7.463164     -7.463099      0.001084
     91      0.000045      0.000068     -7.463167     -7.463099      0.001072
     92      0.000047      0.000071     -7.463169     -7.463099      0.001058
     93      0.000049      0.000074     -7.463172     -7.463099      0.001042
     94      0.000051      0.000077     -7.463176     -7.463099      0.001024
     95      0.000054      0.000080     -7.463179     -7.463099      0.001006
     96      0.000056      0.000084     -7.463183     -7.463099      0.000987
     97      0.000058      0.000087     -7.463186     -7.463099      0.000969
     98      0.000061      0.000091     -7.463190     -7.463099      0.000950
     99      0.000063      0.000094     -7.463193     -7.463099      0.000933
    100      0.000065      0.000097     -7.463196     -7.463099      0.000917
    101      0.000067      0.000100     -7.463199     -7.463099      0.000902
    102      0.000068      0.000102     -7.463201     -7.463099      0.000890
    103      0.000069      0.000104     -7.463203     -7.463099      0.000879
    104      0.000070      0.000106     -7.463204     -7.463099      0.000872
    105      0.000071      0.000107     -7.463205     -7.463099      0.000867
    106      0.000071      0.000107     -7.463206     -7.463099      0.000864
    107      0.000071      0.000107     -7.463205     -7.463099      0.000865
    108      0.000071      0.000106     -7.463205     -7.463099      0.000868
    109      0.000070      0.000105     -7.463204     -7.463099      0.000875
    110      0.000069      0.000103     -7.463202     -7.463099      0.000883
    111      0.000067      0.000101     -7.463200     -7.463099      0.000895
    112      0.000066      0.000098     -7.463197     -7.463099      0.000908
    113      0.000064      0.000095     -7.463194     -7.463099      0.000924
    114      0.000061      0.000092     -7.463191     -7.463099      0.000941
    115      0.000059      0.000089     -7.463187     -7.463099      0.000959
    116      0.000057      0.000085     -7.463184     -7.463099      0.000978
    117      0.000054      0.000081     -7.463180     -7.463099      0.000997
    118      0.000052      0.000078     -7.463176     -7.463099      0.001016
    119      0.000049      0.000074     -7.463173     -7.463099      0.001035
    120      0.000047      0.000071     -7.463169     -7.463099      0.001053
    121      0.000045      0.000068     -7.463166     -7.463099      0.001069
    122      0.000043      0.000065     -7.463163     -7.463099      0.001084
    123      0.000042      0.000062     -7.463161     -7.463099      0.001097
    124      0.000040      0.000060     -7.463159     -7.463099      0.001107
    125      0.000039      0.000059     -7.463157     -7.463099      0.001115
    126      0.000039      0.000058     -7.463156     -7.463099      0.001121
    127      0.000038      0.000057     -7.463156     -7.463099      0.001124
    128      0.000038      0.000057     -7.463156     -7.463099      0.001124
    129      0.000039      0.000058     -7.463156     -7.463099      0.001121
    130      0.000039      0.000059     -7.463157     -7.463099      0.001115
    131      0.000040      0.000060     -7.463159     -7.463099      0.001108
    132      0.000042      0.000062     -7.463161     -7.463099      0.001097
    133      0.000043      0.000065     -7.463163     -7.463099      0.001085
    134      0.000045      0.000067     -7.463166     -7.463099      0.001071
    135      0.000047      0.000070     -7.463169     -7.463099      0.001055
    136      0.000049      0.000074     -7.463172     -7.463099      0.001038
    137      0.000051      0.000077     -7.463176     -7.463099      0.001021
    138      0.000054      0.000080     -7.463179     -7.463099      0.001003
    139      0.000056      0.000084     -7.463182     -7.463099      0.000985
    140      0.000058      0.000087     -7.463186     -7.463099      0.000968
    141      0.000060      0.000090     -7.463189     -7.463099      0.000951
    142      0.000062      0.000093     -7.463192     -7.463099      0.000936
    143      0.000064      0.000096     -7.463194     -7.463099      0.000922
    144      0.000065      0.000098     -7.463197     -7.463099      0.000910
    145      0.000067      0.000100     -7.463199     -7.463099      0.000900
    146      0.000068      0.000101     -7.463200     -7.463099      0.000892
    147      0.000068      0.000102     -7.463201     -7.463099      0.000887
    148      0.000069      0.000103     -7.463202     -7.463099      0.000884
    149      0.000069      0.000103     -7.463202     -7.463099      0.000884
    150      0.000068      0.000102     -7.463201     -7.463099      0.000886
    151      0.000068      0.000102     -7.463200     -7.463099      0.000891
    152      0.000067      0.000100     -7.463199     -7.463099      0.000898
    153      0.000066      0.000099     -7.463197     -7.463099      0.000907
    154      0.000064      0.000096     -7.463195     -7.463099      0.000918
    155      0.000063      0.000094     -7.463193     -7.463099      0.000931
    156      0.000061      0.000091     -7.463190     -7.463099      0.000945
    157      0.000059      0.000089     -7.463187     -7.463099      0.000960
    158      0.000057      0.000086     -7.463184     -7.463099      0.000976
    159      0.000055      0.000083     -7.463181     -7.463099      0.000992
    160      0.000053      0.000080     -7.463178     -7.463099      0.001008
    161      0.000051      0.000077     -7.463175     -7.463099      0.001023
    162      0.000049      0.000074     -7.463172     -7.463099      0.001038
    163      0.000048      0.000071     -7.463170     -7.463099      0.001051
    164      0.000046      0.000069     -7.463168     -7.463099      0.001064
    165      0.000045      0.000067     -7.463166     -7.463099      0.001074
    166      0.000044      0.000065     -7.463164     -7.463099      0.001083
    167      0.000043      0.000064     -7.463163     -7.463099      0.001089
    168      0.000042      0.000063     -7.463162     -7.463099      0.001094
    169      0.000042      0.000063     -7.463161     -7.463099      0.001096
    170      0.000042      0.000063     -7.463161     -7.463099      0.001096
    171      0.000042      0.000063     -7.463162     -7.463099      0.001093
    172      0.000043      0.000064     -7.463163     -7.463099      0.001089
    173      0.000044      0.000065     -7.463164     -7.463099      0.001082
    174      0.000045      0.000067     -7.463166     -7.463099      0.001074
    175      0.000046      0.000069     -7.463167     -7.463099      0.001064
    176      0.000047      0.000071     -7.463170     -7.463099      0.001052
    177      0.000049      0.000073     -7.463172     -7.463099      0.001039
    178      0.000051      0.000076     -7.463175     -7.463099      0.001026
    179      0.000052      0.000079     -7.463177     -7.463099      0.001011
    180      0.000054      0.000081     -7.463180     -7.463099      0.000997
    181      0.000056      0.000084     -7.463183     -7.463099      0.000983
    182      0.000058      0.000087     -7.463185     -7.463099      0.000969
    183      0.000059      0.000089     -7.463188     -7.463099      0.000956
    184      0.000061      0.000091     -7.463190     -7.463099      0.000944
    185      0.000062      0.000094     -7.463192     -7.463099      0.000933
    186      0.000064      0.000095     -7.463194     -7.463099      0.000924
    187      0.000064      0.000097     -7.463195     -7.463099      0.000916
    188      0.000065      0.000098     -7.463196     -7.463099      0.000910
    189      0.000066      0.000099     -7.463197     -7.463099      0.000907
    190      0.000066      0.000099     -7.463198     -7.463099      0.000905
    191      0.000066      0.000099     -7.463197     -7.463099      0.000905
    192      0.000066      0.000098     -7.463197     -7.463099      0.000908
    193      0.000065      0.000098     -7.463196     -7.463099      0.000912
    194      0.000064      0.000096     -7.463195     -7.463099      0.000918
    195      0.000063      0.000095     -7.463194     -7.463099      0.000926
    196      0.000062      0.000093     -7.463192     -7.463099      0.000935
    197      0.000061      0.000091     -7.463190     -7.463099      0.000946
    198      0.000059      0.000089     -7.463188     -7.463099      0.000958
    199      0.000058      0.000087     -7.463185     -7.463099      0.000970
    200      0.000056      0.000084     -7.463183     -7.463099      0.000983
    201      0.000055      0.000082     -7.463181     -7.463099      0.000996
    202      0.000053      0.000079     -7.463178     -7.463099      0.001008
    203      0.000051      0.000077     -7.463176     -7.463099      0.001021
    204      0.000050      0.000075     -7.463174     -7.463099      0.001033
    205      0.000049      0.000073     -7.463172     -7.463099      0.001043
    206      0.000047      0.000071     -7.463170     -7.463099      0.001053
    207      0.000046      0.000070     -7.463168     -7.463099      0.001061
    208      0.000046      0.000068     -7.463167     -7.463099      0.001068
    209      0.000045      0.000067     -7.463166     -7.463099      0.001073
    210      0.000045      0.000067     -7.463165     -7.463099      0.001076
    211      0.000044      0.000066     -7.463165     -7.463099      0.001077
    212      0.000044      0.000067     -7.463165     -7.463099      0.001077
    213      0.000045      0.000067     -7.463166     -7.463099      0.001075
    214      0.000045      0.000068     -7.463166     -7.463099      0.001071
    215      0.000046      0.000069     -7.463167     -7.463099      0.001065
    216      0.000047      0.000070     -7.463169     -7.463099      0.001058
    217      0.000048      0.000072     -7.463170     -7.463099      0.001050
    218      0.000049      0.000074     -7.463172     -7.463099      0.001040
    219      0.000050      0.000075     -7.463174     -7.463099      0.001030
    220      0.000052      0.000078     -7.463176     -7.463099      0.001019
    221      0.000053      0.000080     -7.463178     -7.463099      0.001007
    222      0.000055      0.000082     -7.463181     -7.463099      0.000996
    223      0.000056      0.000084     -7.463183     -7.463099      0.000984
    224      0.000057      0.000086     -7.463185     -7.463099      0.000973
    225      0.000059      0.000088     -7.463187     -7.463099      0.000963
    226      0.000060      0.000090     -7.463189     -7.463099      0.000953
    227      0.000061      0.000091     -7.463190     -7.463099      0.000944
    228      0.000062      0.000093     -7.463192     -7.463099      0.000937
    229      0.000063      0.000094     -7.463193     -7.463099      0.000931
    230      0.000063      0.000095     -7.463193     -7.463099      0.000927
    231      0.000064      0.000095     -7.463194     -7.463099      0.000924
    232      0.000064      0.000096     -7.463194     -7.463099      0.000922
    233      0.000064      0.000095     -7.463194     -7.463099      0.000923
    234      0.000063      0.000095     -7.463194     -7.463099      0.000925
    235      0.000063      0.000094     -7.463193     -7.463099      0.000928
    236      0.000062      0.000093     -7.463192     -7.463099      0.000933
    237      0.000062      0.000092     -7.463191     -7.463099      0.000939
    238      0.000061      0.000091     -7.463189     -7.463099      0.000947
    239      0.000059      0.000089     -7.463188     -7.463099      0.000955
    240      0.000058      0.000087     -7.463186     -7.463099      0.000965
    241      0.000057      0.000086     -7.463184     -7.463099      0.000974
    242      0.000056      0.000084     -7.463182     -7.463099      0.000985
    243      0.000054      0.000082     -7.463180     -7.463099      0.000995
    244      0.000053      0.000080     -7.463178     -7.463099      0.001005
    245      0.000052      0.000078     -7.463176     -7.463099      0.001015
    246      0.000051      0.000076     -7.463175     -7.463099      0.001025
    247      0.000050      0.000074     -7.463173     -7.463099      0.001034
    248      0.000049      0.000073     -7.463171     -7.463099      0.001042
    249      0.000048      0.000072     -7.463170     -7.463099      0.001049
    250      0.000047      0.000070     -7.463169     -7.463099      0.001054
    251      0.000046      0.000070     -7.463168     -7.463099      0.001059
    252      0.000046      0.000069     -7.463168     -7.463099      0.001062
    253      0.000046      0.000069     -7.463167     -7.463099      0.001064
    254      0.000046      0.000069     -7.463167     -7.463099      0.001064
    255      0.000046      0.000069     -7.463167     -7.463099      0.001063
    256      0.000046      0.000069     -7.463168     -7.463099      0.001060
    257      0.000047      0.000070     -7.463169     -7.463099      0.001057
    258      0.000047      0.000071     -7.463170     -7.463099      0.001052
    259      0.000048      0.000072     -7.463171     -7.463099      0.001046
    260      0.000049      0.000073     -7.463172     -7.463099      0.001039
    261      0.000050      0.000075     -7.463173     -7.463099      0.001032
    262      0.000051      0.000076     -7.463175     -7.463099      0.001024
    263      0.000052      0.000078     -7.463177     -7.463099      0.001015
    264      0.000053      0.000080     -7.463178     -7.463099      0.001007
    265      0.000054      0.000081     -7.463180     -7.463099      0.000998
    266      0.000055      0.000083     -7.463182     -7.463099      0.000989
    267      0.000056      0.000085     -7.463183     -7.463099      0.000981
    268      0.000057      0.000086     -7.463185     -7.463099      0.000974
    269      0.000058      0.000087     -7.463186     -7.463099      0.000967
    270      0.000059      0.000089     -7.463187     -7.463099      0.000960
    271      0.000060      0.000090     -7.463188     -7.463099      0.000955
    272      0.000060      0.000090     -7.463189     -7.463099      0.000951
    273      0.000061      0.000091     -7.463190     -7.463099      0.000948
    274      0.000061      0.000091     -7.463190     -7.463099      0.000945
    275      0.000061      0.000092     -7.463190     -7.463099      0.000944
    276      0.000061      0.000092     -7.463190     -7.463099      0.000944
    277      0.000061      0.000091     -7.463190     -7.463099      0.000945
    278      0.000061      0.000091     -7.463190     -7.463099      0.000948
    279      0.000060      0.000090     -7.463189     -7.463099      0.000951
    280      0.000060      0.000090     -7.463188     -7.463099      0.000954
    281      0.000059      0.000089     -7.463188     -7.463099      0.000959
    282      0.000059      0.000088     -7.463187     -7.463099      0.000964
    283      0.000058      0.000087     -7.463185     -7.463099      0.000970
    284      0.000057      0.000086     -7.463184     -7.463099      0.000976
    285      0.000056      0.000085     -7.463183     -7.463099      0.000982
    286      0.000056      0.000083     -7.463182     -7.463099      0.000988
    287      0.000055      0.000082     -7.463181     -7.463099      0.000994
    288      0.000054      0.000081     -7.463180     -7.463099      0.001000
    289      0.000053      0.000080     -7.463179     -7.463099      0.001005
    290      0.000053      0.000079     -7.463178     -7.463099      0.001010
    291      0.000052      0.000078     -7.463177     -7.463099      0.001015
    292      0.000052      0.000077     -7.463176     -7.463099      0.001018
    293      0.000051      0.000077     -7.463175     -7.463099      0.001022
    294      0.000051      0.000076     -7.463175     -7.463099      0.001024
    295      0.000051      0.000076     -7.463175     -7.463099      0.001026
    296      0.000051      0.000076     -7.463174     -7.463099      0.001027
    297      0.000051      0.000076     -7.463174     -7.463099      0.001027
    298      0.000051      0.000076     -7.463175     -7.463099      0.001026
    299      0.000051      0.000076     -7.463175     -7.463099      0.001025
    300      0.000051      0.000076     -7.463175     -7.463099      0.001023
    301      0.000051      0.000077     -7.463176     -7.463099      0.001021
    302      0.000052      0.000077     -7.463176     -7.463099      0.001018
    303      0.000052      0.000078     -7.463177     -7.463099      0.001015
    304      0.000052      0.000079     -7.463177     -7.463099      0.001012
    305      0.000053      0.000079     -7.463178     -7.463099      0.001008
    306      0.000053      0.000080     -7.463179     -7.463099      0.001004
    307      0.000054      0.000081     -7.463179     -7.463099      0.001001
    308      0.000054      0.000081     -7.463180     -7.463099      0.000997
    309      0.000055      0.000082     -7.463181     -7.463099      0.000994
    310      0.000055      0.000083     -7.463181     -7.463099      0.000991
    311      0.000055      0.000083     -7.463182     -7.463099      0.000988
    312      0.000056      0.000084     -7.463182     -7.463099      0.000986
    313      0.000056      0.000084     -7.463183     -7.463099      0.000984
    314      0.000056      0.000084     -7.463183     -7.463099      0.000983
    315      0.000056      0.000085     -7.463183     -7.463099      0.000982
    316      0.000056      0.000085     -7.463183     -7.463099      0.000981
    317      0.000056      0.000085     -7.463183     -7.463099      0.000981
    318      0.000056      0.000085     -7.463183     -7.463099      0.000981
    319      0.000056      0.000085     -7.463183     -7.463099      0.000982
    320      0.000056      0.000084     -7.463183     -7.463099      0.000983
    321      0.000056      0.000084     -7.463183     -7.463099      0.000985
    322      0.000056      0.000084     -7.463182     -7.463099      0.000986
    323      0.000056      0.000083     -7.463182     -7.463099      0.000988
    324      0.000055      0.000083     -7.463182     -7.463099      0.000990
    325      0.000055      0.000083     -7.463181     -7.463099      0.000991
    326      0.000055      0.000082     -7.463181     -7.463099      0.000993
    327      0.000055      0.000082     -7.463181     -7.463099      0.000995
    328      0.000055      0.000082     -7.463180     -7.463099      0.000996
    329      0.000054      0.000082     -7.463180     -7.463099      0.000998
    330      0.000054      0.000081     -7.463180     -7.463099      0.000999
    331      0.000054      0.000081     -7.463180     -7.463099      0.000999
    332      0.000054      0.000081     -7.463180     -7.463099      0.001000
    333      0.000054      0.000081     -7.463180     -7.463099      0.001000
    334      0.000054      0.000081     -7.463180     -7.463099      0.000999
    335      0.000054      0.000081     -7.463180     -7.463099      0.000999
    336      0.000054      0.000081     -7.463180     -7.463099      0.000998
    337      0.000054      0.000082     -7.463180     -7.463099      0.000996
    338      0.000055      0.000082     -7.463181     -7.463099      0.000995
    339      0.000055      0.000082     -7.463181     -7.463099      0.000994
    340      0.000055      0.000082     -7.463181     -7.463099      0.000992
    341      0.000055      0.000083     -7.463181     -7.463099      0.000990
    342      0.000055      0.000083     -7.463182     -7.463099      0.000989
    343      0.000056      0.000083     -7.463182     -7.463099      0.000987
    344      0.000056      0.000084     -7.463182     -7.463099      0.000986
    345      0.000056      0.000084     -7.463182     -7.463099      0.000984
    346      0.000056      0.000084     -7.463183     -7.463099      0.000984
    347      0.000056      0.000084     -7.463183     -7.463099      0.000983
    348      0.000056      0.000084     -7.463183     -7.463099      0.000983
    349      0.000056      0.000084     -7.463182     -7.463099      0.000983
    350      0.000056      0.000084     -7.463182     -7.463099      0.000984
    351      0.000056      0.000083     -7.463182     -7.463099      0.000985
    352      0.000055      0.000083     -7.463182     -7.463099      0.000987
    353      0.000055      0.000083     -7.463181     -7.463099      0.000989
    354      0.000055      0.000082     -7.463181     -7.463099      0.000992
    355      0.000054      0.000082     -7.463180     -7.463099      0.000995
    356      0.000054      0.000081     -7.463180     -7.463099      0.000999
    357      0.000053      0.000080     -7.463179     -7.463099      0.001002
    358      0.000053      0.000079     -7.463178     -7.463099      0.001006
    359      0.000052      0.000079     -7.463177     -7.463099      0.001010
    360      0.000052      0.000078     -7.463176     -7.463099      0.001014
    361      0.000051      0.000077     -7.463176     -7.463099      0.001019
    362      0.000051      0.000076     -7.463175     -7.463099      0.001023
    363      0.000050      0.000076     -7.463174     -7.463099      0.001026
    364      0.000050      0.000075     -7.463174     -7.463099      0.001030
    365      0.000050      0.000074     -7.463173     -7.463099      0.001033
    366      0.000049      0.000074     -7.463173     -7.463099      0.001035
    367      0.000049      0.000074     -7.463172     -7.463099      0.001037
    368      0.000049      0.000074     -7.463172     -7.463099      0.001038
    369      0.000049      0.000073     -7.463172     -7.463099      0.001038
    370      0.000049      0.000074     -7.463172     -7.463099      0.001038
    371      0.000049      0.000074     -7.463172     -7.463099      0.001037
    372      0.000049      0.000074     -7.463173     -7.463099      0.001035
    373      0.000050      0.000075     -7.463173     -7.463099      0.001032
    374      0.000050      0.000075     -7.463174     -7.463099      0.001029
    375      0.000051      0.000076     -7.463175     -7.463099      0.001025
    376      0.000051      0.000077     -7.463176     -7.463099      0.001020
    377      0.000052      0.000078     -7.463177     -7.463099      0.001015
    378      0.000053      0.000079     -7.463178     -7.463099      0.001009
    379      0.000054      0.000081     -7.463179     -7.463099      0.001002
    380      0.000055      0.000082     -7.463180     -7.463099      0.000996
    381      0.000055      0.000083     -7.463182     -7.463099      0.000989
    382      0.000056      0.000084     -7.463183     -7.463099      0.000982
    383      0.000057      0.000086     -7.463184     -7.463099      0.000975
    384      0.000058      0.000087     -7.463186     -7.463099      0.000968
    385      0.000059      0.000088     -7.463187     -7.463099      0.000962
    386      0.000060      0.000089     -7.463188     -7.463099      0.000956
    387      0.000060      0.000090     -7.463189     -7.463099      0.000951
    388      0.000061      0.000091     -7.463190     -7.463099      0.000946
    389      0.000061      0.000092     -7.463191     -7.463099      0.000943
    390      0.000062      0.000093     -7.463191     -7.463099      0.000940
    391      0.000062      0.000093     -7.463192     -7.463099      0.000938
    392      0.000062      0.000093     -7.463192     -7.463099      0.000937
    393      0.000062      0.000093     -7.463192     -7.463099      0.000937
    394      0.000062      0.000093     -7.463192     -7.463099      0.000938
    395      0.000062      0.000093     -7.463191     -7.463099      0.000940
    396      0.000061      0.000092     -7.463191     -7.463099      0.000943
    397      0.000061      0.000091     -7.463190     -7.463099      0.000947
    398      0.000060      0.000091     -7.463189     -7.463099      0.000951
    399      0.000060      0.000089     -7.463188     -7.463099      0.000957
    400      0.000059      0.000088     -7.463187     -7.463099      0.000963
    401      0.000058      0.000087     -7.463186     -7.463099      0.000970
    402      0.000057      0.000086     -7.463184     -7.463099      0.000977
    403      0.000056      0.000084     -7.463183     -7.463099      0.000985
    404      0.000055      0.000083     -7.463181     -7.463099      0.000992
    405      0.000054      0.000081     -7.463180     -7.463099      0.001000
    406      0.000053      0.000080     -7.463178     -7.463099      0.001008
    407      0.000052      0.000078     -7.463177     -7.463099      0.001015
    408      0.000051      0.000077     -7.463176     -7.463099      0.001022
    409      0.000051      0.000076     -7.463174     -7.463099      0.001028
    410      0.000050      0.000075     -7.463173     -7.463099      0.001033
    411      0.000049      0.000074     -7.463172     -7.463099      0.001038
    412      0.000049      0.000073     -7.463172     -7.463099      0.001042
    413      0.000048      0.000072     -7.463171     -7.463099      0.001045
    414      0.000048      0.000072     -7.463171     -7.463099      0.001047
    415      0.000048      0.000072     -7.463171     -7.463099      0.001048
    416      0.000048      0.000072     -7.463171     -7.463099      0.001048
    417      0.000048      0.000072     -7.463171     -7.463099      0.001046
    418      0.000048      0.000073     -7.463171     -7.463099      0.001044
    419      0.000049      0.000073     -7.463172     -7.463099      0.001041
    420      0.000049      0.000074     -7.463173     -7.463099      0.001037
    421      0.000050      0.000075     -7.463173     -7.463099      0.001032
    422      0.000051      0.000076     -7.463175     -7.463099      0.001026
    423      0.000051      0.000077     -7.463176     -7.463099      0.001020
    424      0.000052      0.000078     -7.463177     -7.463099      0.001013
    425      0.000053      0.000080     -7.463178     -7.463099      0.001006
    426      0.000054      0.000081     -7.463180     -7.463099      0.000999
    427      0.000055      0.000082     -7.463181     -7.463099      0.000992
    428      0.000056      0.000084     -7.463182     -7.463099      0.000985
    429      0.000057      0.000085     -7.463183     -7.463099      0.000979
    430      0.000057      0.000086     -7.463185     -7.463099      0.000973
    431      0.000058      0.000087     -7.463186     -7.463099      0.000967
    432      0.000059      0.000088     -7.463187     -7.463099      0.000962
    433      0.000059      0.000089     -7.463187     -7.463099      0.000958
    434      0.000059      0.000089     -7.463188     -7.463099      0.000955
    435      0.000060      0.000090     -7.463188     -7.463099      0.000953
    436      0.000060      0.000090     -7.463188     -7.463099      0.000952
    437      0.000060      0.000090     -7.463188     -7.463099      0.000953
    438      0.000060      0.000089     -7.463188     -7.463099      0.000954
    439      0.000059      0.000089     -7.463188     -7.463099      0.000956
    440      0.000059      0.000088     -7.463187     -7.463099      0.000959
    441      0.000058      0.000088     -7.463186     -7.463099      0.000964
    442      0.000058      0.000087     -7.463185     -7.463099      0.000969
    443      0.000057      0.000085     -7.463184     -7.463099      0.000975
    444      0.000056      0.000084     -7.463183     -7.463099      0.000981
    445      0.000055      0.000083     -7.463181     -7.463099      0.000989
    446      0.000054      0.000081     -7.463180     -7.463099      0.000996
    447      0.000053      0.000080     -7.463179     -7.463099      0.001004
    448      0.000052      0.000078     -7.463177     -7.463099      0.001012
    449      0.000051      0.000077     -7.463176     -7.463099      0.001019
    450      0.000050      0.000076     -7.463174     -7.463099      0.001027
    451      0.000050      0.000074     -7.463173     -7.463099      0.001033
    452      0.000049      0.000073     -7.463172     -7.463099      0.001040
    453      0.000048      0.000072     -7.463171     -7.463099      0.001045
    454      0.000048      0.000071     -7.463170     -7.463099      0.001050
    455      0.000047      0.000071     -7.463169     -7.463099      0.001053
    456      0.000047      0.000070     -7.463169     -7.463099      0.001055
    457      0.000047      0.000070     -7.463169     -7.463099      0.001057
    458      0.000047      0.000070     -7.463169     -7.463099      0.001057
    459      0.000047      0.000070     -7.463169     -7.463099      0.001055
    460      0.000047      0.000071     -7.463169     -7.463099      0.001053
    461      0.000048      0.000072     -7.463170     -7.463099      0.001049
    462      0.000048      0.000073     -7.463171     -7.463099      0.001044
    463      0.000049      0.000074     -7.463172     -7.463099      0.001038
    464      0.000050      0.000075     -7.463174     -7.463099      0.001030
    465      0.000051      0.000077     -7.463175     -7.463099      0.001022
    466      0.000052      0.000079     -7.463177     -7.463099      0.001014
    467      0.000054      0.000080     -7.463179     -7.463099      0.001004
    468      0.000055      0.000082     -7.463181     -7.463099      0.000994
    469      0.000056      0.000084     -7.463183     -7.463099      0.000984
    470      0.000057      0.000086     -7.463185     -7.463099      0.000974
    471      0.000059      0.000088     -7.463187     -7.463099      0.000964
    472      0.000060      0.000090     -7.463189     -7.463099      0.000954
    473      0.000061      0.000092     -7.463190     -7.463099      0.000945
    474      0.000062      0.000093     -7.463192     -7.463099      0.000937
    475      0.000063      0.000095     -7.463194     -7.463099      0.000929
    476      0.000064      0.000096     -7.463195     -7.463099      0.000923
    477      0.000065      0.000097     -7.463196     -7.463099      0.000917
    478      0.000065      0.000098     -7.463197     -7.463099      0.000914
    479      0.000066      0.000098     -7.463197     -7.463099      0.000911
    480      0.000066      0.000099     -7.463197     -7.463099      0.000910
    481      0.000066      0.000098     -7.463197     -7.463099      0.000910
    482      0.000065      0.000098     -7.463197     -7.463099      0.000912
    483      0.000065      0.000097     -7.463196     -7.463099      0.000916
    484      0.000064      0.000096     -7.463195     -7.463099      0.000921
    485      0.000063      0.000095     -7.463194     -7.463099      0.000927
    486      0.000062      0.000094     -7.463192     -7.463099      0.000935
    487      0.000061      0.000092     -7.463191     -7.463099      0.000944
    488      0.000060      0.000090     -7.463189     -7.463099      0.000954
    489      0.000059      0.000088     -7.463187     -7.463099      0.000965
    490      0.000057      0.000086     -7.463184     -7.463099      0.000976
    491      0.000056      0.000083     -7.463182     -7.463099      0.000988
    492      0.000054      0.000081     -7.463180     -7.463099      0.001000
    493      0.000052      0.000079     -7.463177     -7.463099      0.001012
    494      0.000051      0.000076     -7.463175     -7.463099      0.001024
    495      0.000049      0.000074     -7.463173     -7.463099      0.001036
    496      0.000048      0.000072     -7.463171     -7.463099      0.001047
    497      0.000047      0.000070     -7.463169     -7.463099      0.001057
    498      0.000045      0.000068     -7.463167     -7.463099      0.001066
    499      0.000044      0.000067     -7.463165     -7.463099      0.001074
    500      0.000044      0.000065     -7.463164     -7.463099      0.001081
    501      0.000043      0.000064     -7.463163     -7.463099      0.001086
    502      0.000042      0.000064     -7.463162     -7.463099      0.001090
    503      0.000042      0.000063     -7.463162     -7.463099      0.001092
    504      0.000042      0.000063     -7.463162     -7.463099      0.001092
    505      0.000042      0.000063     -7.463162     -7.463099      0.001091
    506      0.000042      0.000064     -7.463162     -7.463099      0.001088
    507      0.000043      0.000065     -7.463163     -7.463099      0.001084
    508      0.000044      0.000066     -7.463164     -7.463099      0.001078
    509      0.000045      0.000067     -7.463166     -7.463099      0.001071
    510      0.000046      0.000069     -7.463167     -7.463099      0.001062
    511      0.000047      0.000070     -7.463169     -7.463099      0.001052
    512      0.000048      0.000072     -7.463171     -7.463099      0.001042
    513      0.000050      0.000075     -7.463173     -7.463099      0.001031
    514      0.000051      0.000077     -7.463175     -7.463099      0.001019
    515      0.000053      0.000079     -7.463178     -7.463099      0.001007
    516      0.000054      0.000081     -7.463180     -7.463099      0.000995
    517      0.000056      0.000084     -7.463182     -7.463099      0.000983
    518      0.000057      0.000086     -7.463185     -7.463099      0.000972
    519      0.000059      0.000088     -7.463187     -7.463099      0.000961
    520      0.000060      0.000090     -7.463189     -7.463099      0.000951
    521      0.000061      0.000092     -7.463190     -7.463099      0.000942
    522      0.000062      0.000093     -7.463192     -7.463099      0.000934
    523      0.000063      0.000095     -7.463193     -7.463099      0.000927
    524      0.000064      0.000096     -7.463194     -7.463099      0.000922
    525      0.000064      0.000097     -7.463195     -7.463099      0.000918
    526      0.000065      0.000097     -7.463196     -7.463099      0.000916
    527      0.000065      0.000097     -7.463196     -7.463099      0.000915
    528      0.000065      0.000097     -7.463196     -7.463099      0.000916
    529      0.000064      0.000097     -7.463195     -7.463099      0.000918
    530      0.000064      0.000096     -7.463195     -7.463099      0.000922
    531      0.000063      0.000095     -7.463194     -7.463099      0.000927
    532      0.000063      0.000094     -7.463193     -7.463099      0.000933
    533      0.000062      0.000093     -7.463191     -7.463099      0.000940
    534      0.000061      0.000091     -7.463190     -7.463099      0.000949
    535      0.000060      0.000089     -7.463188     -7.463099      0.000958
    536      0.000058      0.000088     -7.463186     -7.463099      0.000967
    537      0.000057      0.000086     -7.463184     -7.463099      0.000977
    538      0.000056      0.000084     -7.463182     -7.463099      0.000987
    539      0.000055      0.000082     -7.463181     -7.463099      0.000997
    540      0.000053      0.000080     -7.463179     -7.463099      0.001007
    541      0.000052      0.000078     -7.463177     -7.463099      0.001016
    542      0.000051      0.000077     -7.463175     -7.463099      0.001025
    543      0.000050      0.000075     -7.463174     -7.463099      0.001033
    544      0.000049      0.000074     -7.463173     -7.463099      0.001039
    545      0.000049      0.000073     -7.463171     -7.463099      0.001045
    546      0.000048      0.000072     -7.463170     -7.463099      0.001050
    547      0.000047      0.000071     -7.463170     -7.463099      0.001053
    548      0.000047      0.000071     -7.463169     -7.463099      0.001055
    549      0.000047      0.000071     -7.463169     -7.463099      0.001056
    550      0.000047      0.000071     -7.463169     -7.463099      0.001055
    551      0.000047      0.000071     -7.463170     -7.463099      0.001053
    552      0.000048      0.000072     -7.463170     -7.463099      0.001050
    553      0.000048      0.000072     -7.463171     -7.463099      0.001046
    554      0.000049      0.000073     -7.463172     -7.463099      0.001040
    555      0.000050      0.000074     -7.463173     -7.463099      0.001034
    556      0.000051      0.000076     -7.463174     -7.463099      0.001027
    557      0.000051      0.000077     -7.463176     -7.463099      0.001020
    558      0.000052      0.000079     -7.463177     -7.463099      0.001012
    559      0.000053      0.000080     -7.463179     -7.463099      0.001004
    560      0.000054      0.000082     -7.463180     -7.463099      0.000995
    561      0.000055      0.000083     -7.463182     -7.463099      0.000987
    562      0.000056      0.000085     -7.463183     -7.463099      0.000980
    563      0.000057      0.000086     -7.463185     -7.463099      0.000972
    564      0.000058      0.000087     -7.463186     -7.463099      0.000966
    565      0.000059      0.000088     -7.463187     -7.463099      0.000960
    566      0.000059      0.000089     -7.463188     -7.463099      0.000955
    567      0.000060      0.000090     -7.463189     -7.463099      0.000951
    568      0.000060      0.000090     -7.463189     -7.463099      0.000949
    569      0.000060      0.000091     -7.463189     -7.463099      0.000947
    570      0.000061      0.000091     -7.463189     -7.463099      0.000947
    571      0.000060      0.000091     -7.463189     -7.463099      0.000947
    572      0.000060      0.000090     -7.463189     -7.463099      0.000949
    573      0.000060      0.000090     -7.463188     -7.463099      0.000952
    574      0.000059      0.000089     -7.463188     -7.463099      0.000956
    575      0.000059      0.000088     -7.463187     -7.463099      0.000961
    576      0.000058      0.000087     -7.463186     -7.463099      0.000967
    577      0.000057      0.000086     -7.463184     -7.463099      0.000973
    578      0.000056      0.000085     -7.463183     -7.463099      0.000980
    579      0.000055      0.000083     -7.463182     -7.463099      0.000987
    580      0.000055      0.000082     -7.463181     -7.463099      0.000995
    581      0.000054      0.000080     -7.463179     -7.463099      0.001002
    582      0.000053      0.000079     -7.463178     -7.463099      0.001009
    583      0.000052      0.000078     -7.463177     -7.463099      0.001016
    584      0.000051      0.000077     -7.463175     -7.463099      0.001023
    585      0.000050      0.000076     -7.463174     -7.463099      0.001028
    586      0.000050      0.000075     -7.463173     -7.463099      0.001033
    587      0.000049      0.000074     -7.463173     -7.463099      0.001037
    588      0.000049      0.000073     -7.463172     -7.463099      0.001040
    589      0.000049      0.000073     -7.463172     -7.463099      0.001042
    590      0.000049      0.000073     -7.463172     -7.463099      0.001043
    591      0.000049      0.000073     -7.463172     -7.463099      0.001043
    592      0.000049      0.000073     -7.463172     -7.463099      0.001042
    593      0.000049      0.000074     -7.463172     -7.463099      0.001039
    594      0.000050      0.000074     -7.463173     -7.463099      0.001036
    595      0.000050      0.000075     -7.463174     -7.463099      0.001031
    596      0.000051      0.000076     -7.463175     -7.463099      0.001026
    597      0.000052      0.000077     -7.463176     -7.463099      0.001020
    598      0.000052      0.000078     -7.463177     -7.463099      0.001013
    599      0.000053      0.000080     -7.463178     -7.463099      0.001007
    600      0.000054      0.000081     -7.463180     -7.463099      0.000999
    601      0.000055      0.000082     -7.463181     -7.463099      0.000992
    602      0.000056      0.000084     -7.463182     -7.463099      0.000985
    603      0.000057      0.000085     -7.463184     -7.463099      0.000978
    604      0.000058      0.000086     -7.463185     -7.463099      0.000971
    605      0.000058      0.000087     -7.463186     -7.463099      0.000965
    606      0.000059      0.000088     -7.463187     -7.463099      0.000960
    607      0.000059      0.000089     -7.463188     -7.463099      0.000956
    608      0.000060      0.000090     -7.463188     -7.463099      0.000952
    609      0.000060      0.000090     -7.463189     -7.463099      0.000950
    610      0.000060      0.000090     -7.463189     -7.463099      0.000949
    611      0.000060      0.000090     -7.463189     -7.463099      0.000949
    612      0.000060      0.000090     -7.463189     -7.463099      0.000950
    613      0.000060      0.000090     -7.463188     -7.463099      0.000952
    614      0.000059      0.000089     -7.463188     -7.463099      0.000955
    615      0.000059      0.000088     -7.463187     -7.463099      0.000960
    616      0.000058      0.000087     -7.463186     -7.463099      0.000965
    617      0.000057      0.000086     -7.463185     -7.463099      0.000971
    618      0.000057      0.000085     -7.463184     -7.463099      0.000978
    619      0.000056      0.000084     -7.463182     -7.463099      0.000985
    620      0.000055      0.000082     -7.463181     -7.463099      0.000993
    621      0.000054      0.000081     -7.463179     -7.463099      0.001001
    622      0.000053      0.000079     -7.463178     -7.463099      0.001009
    623      0.000052      0.000078     -7.463176     -7.463099      0.001017
    624      0.000051      0.000076     -7.463175     -7.463099      0.001024
    625      0.000050      0.000075     -7.463174     -7.463099      0.001031
    626      0.000049      0.000074     -7.463173     -7.463099      0.001037
    627      0.000049      0.000073     -7.463172     -7.463099      0.001043
    628      0.000048      0.000072     -7.463171     -7.463099      0.001047
    629      0.000048      0.000072     -7.463170     -7.463099      0.001050
    630      0.000047      0.000071     -7.463170     -7.463099      0.001052
    631      0.000047      0.000071     -7.463170     -7.463099      0.001053
    632      0.000048      0.000071     -7.463170     -7.463099      0.001053
    633      0.000048      0.000072     -7.463170     -7.463099      0.001051
    634      0.000048      0.000072     -7.463171     -7.463099      0.001048
    635      0.000049      0.000073     -7.463172     -7.463099      0.001043
    636      0.000049      0.000074     -7.463173     -7.463099      0.001038
    637      0.000050      0.000075     -7.463174     -7.463099      0.001031
    638      0.000051      0.000077     -7.463176     -7.463099      0.001023
    639      0.000052      0.000079     -7.463177     -7.463099      0.001015
    640      0.000053      0.000080     -7.463179     -7.463099      0.001006
    641      0.000055      0.000082     -7.463181     -7.463099      0.000997
    642      0.000056      0.000084     -7.463182     -7.463099      0.000987
    643      0.000057      0.000086     -7.463184     -7.463099      0.000978
    644      0.000058      0.000087     -7.463186     -7.463099      0.000968
    645      0.000059      0.000089     -7.463188     -7.463099      0.000959
    646      0.000060      0.000091     -7.463189     -7.463099      0.000951
    647      0.000061      0.000092     -7.463191     -7.463099      0.000943
    648      0.000062      0.000093     -7.463192     -7.463099      0.000936
    649      0.000063      0.000094     -7.463193     -7.463099      0.000931
    650      0.000063      0.000095     -7.463194     -7.463099      0.000926
    651      0.000064      0.000096     -7.463194     -7.463099      0.000923
    652      0.000064      0.000096     -7.463194     -7.463099      0.000922
    653      0.000064      0.000096     -7.463194     -7.463099      0.000922
    654      0.000064      0.000095     -7.463194     -7.463099      0.000924
    655      0.000063      0.000095     -7.463193     -7.463099      0.000927
    656      0.000063      0.000094     -7.463192     -7.463099      0.000931
    657      0.000062      0.000093     -7.463191     -7.463099      0.000937
    658      0.000061      0.000091     -7.463190     -7.463099      0.000944
    659      0.000060      0.000090     -7.463188     -7.463099      0.000953
    660      0.000058      0.000088     -7.463186     -7.463099      0.000962
    661      0.000057      0.000086     -7.463184     -7.463099      0.000973
    662      0.000056      0.000084     -7.463182     -7.463099      0.000984
    663      0.000054      0.000081     -7.463180     -7.463099      0.000995
    664      0.000053      0.000079     -7.463178     -7.463099      0.001006
    665      0.000051      0.000077     -7.463176     -7.463099      0.001018
    666      0.000050      0.000075     -7.463174     -7.463099      0.001029
    667      0.000049      0.000073     -7.463171     -7.463099      0.001040
    668      0.000047      0.000071     -7.463170     -7.463099      0.001050
    669      0.000046      0.000069     -7.463168     -7.463099      0.001059
    670      0.000045      0.000068     -7.463166     -7.463099      0.001067
    671      0.000044      0.000066     -7.463165     -7.463099      0.001074
    672      0.000044      0.000065     -7.463164     -7.463099      0.001079
    673      0.000043      0.000065     -7.463163     -7.463099      0.001083
    674      0.000043      0.000064     -7.463163     -7.463099      0.001085
    675      0.000043      0.000064     -7.463163     -7.463099      0.001085
    676      0.000043      0.000065     -7.463163     -7.463099      0.001084
    677      0.000044      0.000065     -7.463164     -7.463099      0.001081
    678      0.000044      0.000066     -7.463165     -7.463099      0.001077
    679      0.000045      0.000067     -7.463166     -7.463099      0.001070
    680      0.000046      0.000069     -7.463168     -7.463099      0.001063
    681      0.000047      0.000071     -7.463169     -7.463099      0.001054
    682      0.000048      0.000073     -7.463171     -7.463099      0.001044
    683      0.000050      0.000075     -7.463173     -7.463099      0.001033
    684      0.000051      0.000077     -7.463176     -7.463099      0.001021
    685      0.000053      0.000079     -7.463178     -7.463099      0.001008
    686      0.000055      0.000082     -7.463181     -7.463099      0.000996
    687      0.000056      0.000084     -7.463183     -7.463099      0.000983
    688      0.000058      0.000087     -7.463185     -7.463099      0.000971
    689      0.000059      0.000089     -7.463188     -7.463099      0.000959
    690      0.000061      0.000091     -7.463190     -7.463099      0.000947
    691      0.000062      0.000093     -7.463192     -7.463099      0.000937
    692      0.000063      0.000095     -7.463194     -7.463099      0.000928
    693      0.000064      0.000096     -7.463195     -7.463099      0.000920
    694      0.000065      0.000098     -7.463196     -7.463099      0.000913
    695      0.000066      0.000099     -7.463197     -7.463099      0.000908
    696      0.000066      0.000099     -7.463198     -7.463099      0.000905
    697      0.000066      0.000100     -7.463198     -7.463099      0.000904
    698      0.000066      0.000100     -7.463198     -7.463099      0.000904
    699      0.000066      0.000099     -7.463198     -7.463099      0.000906
    700      0.000066      0.000098     -7.463197     -7.463099      0.000909
    701      0.000065      0.000097     -7.463196     -7.463099      0.000915
    702      0.000064      0.000096     -7.463195     -7.463099      0.000921
    703      0.000063      0.000095     -7.463193     -7.463099      0.000930
    704      0.000062      0.000093     -7.463191     -7.463099      0.000939
    705      0.000060      0.000091     -7.463189     -7.463099      0.000949
    706      0.000059      0.000089     -7.463187     -7.463099      0.000961
    707      0.000057      0.000086     -7.463185     -7.463099      0.000973
    708      0.000056      0.000084     -7.463183     -7.463099      0.000985
    709      0.000054      0.000081     -7.463180     -7.463099      0.000997
    710      0.000053      0.000079     -7.463178     -7.463099      0.001009
    711      0.000051      0.000077     -7.463175     -7.463099      0.001021
    712      0.000050      0.000075     -7.463173     -7.463099      0.001033
    713      0.000048      0.000073     -7.463171     -7.463099      0.001044
    714      0.000047      0.000071     -7.463169     -7.463099      0.001053
    715      0.000046      0.000069     -7.463168     -7.463099      0.001062
    716      0.000045      0.000068     -7.463166     -7.463099      0.001069
    717      0.000044      0.000067     -7.463165     -7.463099      0.001075
    718      0.000044      0.000066     -7.463164     -7.463099      0.001079
    719      0.000043      0.000065     -7.463164     -7.463099      0.001082
    720      0.000043      0.000065     -7.463164     -7.463099      0.001083
    721      0.000043      0.000065     -7.463164     -7.463099      0.001082
    722      0.000044      0.000065     -7.463164     -7.463099      0.001080
    723      0.000044      0.000066     -7.463165     -7.463099      0.001076
    724      0.000045      0.000067     -7.463166     -7.463099      0.001071
    725      0.000046      0.000068     -7.463167     -7.463099      0.001065
    726      0.000047      0.000070     -7.463168     -7.463099      0.001057
    727      0.000048      0.000072     -7.463170     -7.463099      0.001048
    728      0.000049      0.000073     -7.463172     -7.463099      0.001039
    729      0.000050      0.000075     -7.463174     -7.463099      0.001029
    730      0.000052      0.000077     -7.463176     -7.463099      0.001018
    731      0.000053      0.000079     -7.463178     -7.463099      0.001007
    732      0.000054      0.000081     -7.463180     -7.463099      0.000996
    733      0.000056      0.000084     -7.463182     -7.463099      0.000986
    734      0.000057      0.000085     -7.463184     -7.463099      0.000976
    735      0.000058      0.000087     -7.463186     -7.463099      0.000966
    736      0.000059      0.000089     -7.463188     -7.463099      0.000957
    737      0.000060      0.000091     -7.463189     -7.463099      0.000949
    738      0.000061      0.000092     -7.463191     -7.463099      0.000942
    739      0.000062      0.000093     -7.463192     -7.463099      0.000937
    740      0.000063      0.000094     -7.463193     -7.463099      0.000932
    741      0.000063      0.000095     -7.463193     -7.463099      0.000929
    742      0.000063      0.000095     -7.463194     -7.463099      0.000927
    743      0.000063      0.000095     -7.463194     -7.463099      0.000927
    744      0.000063      0.000095     -7.463194     -7.463099      0.000928
    745      0.000063      0.000094     -7.463193     -7.463099      0.000930
    746      0.000063      0.000094     -7.463193     -7.463099      0.000933
    747      0.000062      0.000093     -7.463192     -7.463099      0.000938
    748      0.000061      0.000092     -7.463191     -7.463099      0.000943
    749      0.000061      0.000091     -7.463189     -7.463099      0.000950
    750      0.000060      0.000089     -7.463188     -7.463099      0.000957
    751      0.000059      0.000088     -7.463187     -7.463099      0.000964
    752      0.000058      0.000087     -7.463185     -7.463099      0.000972
    753      0.000057      0.000085     -7.463184     -7.463099      0.000980
    754      0.000056      0.000084     -7.463182     -7.463099      0.000988
    755      0.000055      0.000082     -7.463181     -7.463099      0.000996
    756      0.000054      0.000081     -7.463179     -7.463099      0.001004
    757      0.000053      0.000079     -7.463178     -7.463099      0.001011
    758      0.000052      0.000078     -7.463177     -7.463099      0.001017
    759      0.000051      0.000077     -7.463175     -7.463099      0.001023
    760      0.000051      0.000076     -7.463174     -7.463099      0.001028
    761      0.000050      0.000075     -7.463174     -7.463099      0.001032
    762      0.000050      0.000074     -7.463173     -7.463099      0.001035
    763      0.000049      0.000074     -7.463173     -7.463099      0.001037
    764      0.000049      0.000074     -7.463172     -7.463099      0.001038
    765      0.000049      0.000074     -7.463172     -7.463099      0.001038
    766      0.000049      0.000074     -7.463173     -7.463099      0.001037
    767      0.000050      0.000074     -7.463173     -7.463099      0.001035
    768      0.000050      0.000075     -7.463173     -7.463099      0.001033
    769      0.000050      0.000075     -7.463174     -7.463099      0.001029
    770      0.000051      0.000076     -7.463175     -7.463099      0.001025
    771      0.000051      0.000077     -7.463176     -7.463099      0.001020
    772      0.000052      0.000078     -7.463177     -7.463099      0.001015
    773      0.000053      0.000079     -7.463178     -7.463099      0.001010
    774      0.000053      0.000080     -7.463179     -7.463099      0.001004
    775      0.000054      0.000081     -7.463180     -7.463099      0.000999
    776      0.000055      0.000082     -7.463181     -7.463099      0.000993
    777      0.000055      0.000083     -7.463182     -7.463099      0.000988
    778      0.000056      0.000084     -7.463182     -7.463099      0.000984
    779      0.000056      0.000085     -7.463183     -7.463099      0.000980
    780      0.000057      0.000085     -7.463184     -7.463099      0.000976
    781      0.000057      0.000086     -7.463184     -7.463099      0.000973
    782      0.000057      0.000086     -7.463185     -7.463099      0.000971
    783      0.000058      0.000086     -7.463185     -7.463099      0.000970
    784      0.000058      0.000086     -7.463185     -7.463099      0.000969
    785      0.000058      0.000086     -7.463185     -7.463099      0.000970
    786      0.000057      0.000086     -7.463185     -7.463099      0.000971
    787      0.000057      0.000086     -7.463184     -7.463099      0.000973
    788      0.000057      0.000085     -7.463184     -7.463099      0.000975
    789      0.000057      0.000085     -7.463183     -7.463099      0.000979
    790      0.000056      0.000084     -7.463183     -7.463099      0.000982
    791      0.000056      0.000083     -7.463182     -7.463099      0.000986
    792      0.000055      0.000082     -7.463181     -7.463099      0.000991
    793      0.000054      0.000082     -7.463180     -7.463099      0.000996
    794      0.000054      0.000081     -7.463179     -7.463099      0.001001
    795      0.000053      0.000080     -7.463178     -7.463099      0.001005
    796      0.000053      0.000079     -7.463178     -7.463099      0.001010
    797      0.000052      0.000078     -7.463177     -7.463099      0.001014
    798      0.000052      0.000077     -7.463176     -7.463099      0.001018
    799      0.000051      0.000077     -7.463175     -7.463099      0.001022
    800      0.000051      0.000076     -7.463175     -7.463099      0.001025
    801      0.000051      0.000076     -7.463174     -7.463099      0.001027
    802      0.000050      0.000076     -7.463174     -7.463099      0.001029
    803      0.000050      0.000075     -7.463174     -7.463099      0.001030
    804      0.000050      0.000075     -7.463174     -7.463099      0.001030
    805      0.000050      0.000076     -7.463174     -7.463099      0.001029
    806      0.000051      0.000076     -7.463175     -7.463099      0.001027
    807      0.000051      0.000076     -7.463175     -7.463099      0.001025
    808      0.000051      0.000077     -7.463176     -7.463099      0.001022
    809      0.000052      0.000078     -7.463176     -7.463099      0.001019
    810      0.000052      0.000078     -7.463177     -7.463099      0.001015
    811      0.000053      0.000079     -7.463178     -7.463099      0.001010
    812      0.000053      0.000080     -7.463179     -7.463099      0.001005
    813      0.000054      0.000081     -7.463180     -7.463099      0.001000
    814      0.000055      0.000082     -7.463181     -7.463099      0.000995
    815      0.000055      0.000083     -7.463182     -7.463099      0.000989
    816      0.000056      0.000084     -7.463183     -7.463099      0.000984
    817      0.000057      0.000085     -7.463184     -7.463099      0.000979
    818      0.000057      0.000086     -7.463185     -7.463099      0.000974
    819      0.000058      0.000087     -7.463186     -7.463099      0.000970
    820      0.000058      0.000088     -7.463186     -7.463099      0.000966
    821      0.000059      0.000088     -7.463187     -7.463099      0.000963
    822      0.000059      0.000089     -7.463187     -7.463099      0.000961
    823      0.000059      0.000089     -7.463188     -7.463099      0.000959
    824      0.000059      0.000089     -7.463188     -7.463099      0.000958
    825      0.000059      0.000089     -7.463188     -7.463099      0.000958
    826      0.000059      0.000089     -7.463188     -7.463099      0.000958
    827      0.000059      0.000089     -7.463187     -7.463099      0.000960
    828      0.000059      0.000088     -7.463187     -7.463099      0.000962
    829      0.000058      0.000088     -7.463186     -7.463099      0.000965
    830      0.000058      0.000087     -7.463186     -7.463099      0.000968
    831      0.000057      0.000086     -7.463185     -7.463099      0.000973
    832      0.000057      0.000085     -7.463184     -7.463099      0.000977
    833      0.000056      0.000084     -7.463183     -7.463099      0.000982
    834      0.000056      0.000083     -7.463182     -7.463099      0.000987
    835      0.000055      0.000082     -7.463181     -7.463099      0.000993
    836      0.000054      0.000081     -7.463180     -7.463099      0.000998
    837      0.000053      0.000080     -7.463179     -7.463099      0.001003
    838      0.000053      0.000079     -7.463178     -7.463099      0.001009
    839      0.000052      0.000078     -7.463177     -7.463099      0.001014
    840      0.000052      0.000077     -7.463176     -7.463099      0.001018
    841      0.000051      0.000077     -7.463175     -7.463099      0.001022
    842      0.000051      0.000076     -7.463175     -7.463099      0.001026
    843      0.000050      0.000075     -7.463174     -7.463099      0.001028
    844      0.000050      0.000075     -7.463174     -7.463099      0.001030
    845      0.000050      0.000075     -7.463173     -7.463099      0.001032
    846      0.000050      0.000075     -7.463173     -7.463099      0.001033
    847      0.000050      0.000075     -7.463173     -7.463099      0.001032
    848      0.000050      0.000075     -7.463173     -7.463099      0.001032
    849      0.000050      0.000075     -7.463174     -7.463099      0.001030
    850      0.000050      0.000076     -7.463174     -7.463099      0.001028
    851      0.000051      0.000076     -7.463175     -7.463099      0.001025
    852      0.000051      0.000077     -7.463175     -7.463099      0.001021
    853      0.000052      0.000078     -7.463176     -7.463099      0.001017
    854      0.000052      0.000078     -7.463177     -7.463099      0.001013
    855      0.000053      0.000079     -7.463178     -7.463099      0.001008
    856      0.000054      0.000080     -7.463179     -7.463099      0.001003
    857      0.000054      0.000081     -7.463180     -7.463099      0.000998
    858      0.000055      0.000082     -7.463181     -7.463099      0.000993
    859      0.000055      0.000083     -7.463182     -7.463099      0.000989
    860      0.000056      0.000084     -7.463183     -7.463099      0.000984
    861      0.000057      0.000085     -7.463183     -7.463099      0.000980
    862      0.000057      0.000086     -7.463184     -7.463099      0.000976
    863      0.000058      0.000086     -7.463185     -7.463099      0.000972
    864      0.000058      0.000087     -7.463185     -7.463099      0.000969
    865      0.000058      0.000087     -7.463186     -7.463099      0.000967
    866      0.000058      0.000088     -7.463186     -7.463099      0.000966
    867      0.000058      0.000088     -7.463186     -7.463099      0.000965
    868      0.000059      0.000088     -7.463186     -7.463099      0.000964
    869      0.000058      0.000088     -7.463186     -7.463099      0.000965
    870      0.000058      0.000087     -7.463186     -7.463099      0.000966
    871      0.000058      0.000087     -7.463186     -7.463099      0.000968
    872      0.000058      0.000087     -7.463185     -7.463099      0.000970
    873      0.000057      0.000086     -7.463185     -7.463099      0.000973
    874      0.000057      0.000085     -7.463184     -7.463099      0.000976
    875      0.000056      0.000085     -7.463183     -7.463099      0.000980
    876      0.000056      0.000084     -7.463183     -7.463099      0.000984
    877      0.000055      0.000083     -7.463182     -7.463099      0.000988
    878      0.000055      0.000082     -7.463181     -7.463099      0.000992
    879      0.000054      0.000082     -7.463180     -7.463099      0.000997
    880      0.000054      0.000081     -7.463179     -7.463099      0.001001
    881      0.000053      0.000080     -7.463179     -7.463099      0.001005
    882      0.000053      0.000079     -7.463178     -7.463099      0.001008
    883      0.000052      0.000079     -7.463177     -7.463099      0.001012
    884      0.000052      0.000078     -7.463177     -7.463099      0.001015
    885      0.000052      0.000078     -7.463176     -7.463099      0.001017
    886      0.000051      0.000077     -7.463176     -7.463099      0.001019
    887      0.000051      0.000077     -7.463176     -7.463099      0.001020
    888      0.000051      0.000077     -7.463175     -7.463099      0.001021
    889      0.000051      0.000077     -7.463175     -7.463099      0.001021
    890      0.000051      0.000077     -7.463175     -7.463099      0.001021
    891      0.000051      0.000077     -7.463176     -7.463099      0.001020
    892      0.000052      0.000077     -7.463176     -7.463099      0.001018
    893      0.000052      0.000078     -7.463176     -7.463099      0.001016
    894      0.000052      0.000078     -7.463177     -7.463099      0.001013
    895      0.000053      0.000079     -7.463177     -7.463099      0.001010
    896      0.000053      0.000079     -7.463178     -7.463099      0.001007
    897      0.000053      0.000080     -7.463179     -7.463099      0.001004
    898      0.000054      0.000081     -7.463180     -7.463099      0.001000
    899      0.000054      0.000082     -7.463180     -7.463099      0.000996
    900      0.000055      0.000082     -7.463181     -7.463099      0.000992
    901      0.000055      0.000083     -7.463182     -7.463099      0.000989
    902      0.000056      0.000084     -7.463182     -7.463099      0.000985
    903      0.000056      0.000084     -7.463183     -7.463099      0.000982
    904      0.000057      0.000085     -7.463184     -7.463099      0.000979
    905      0.000057      0.000085     -7.463184     -7.463099      0.000977
    906      0.000057      0.000086     -7.463185     -7.463099      0.000975
    907      0.000057      0.000086     -7.463185     -7.463099      0.000974
    908      0.000058      0.000086     -7.463185     -7.463099      0.000973
    909      0.000058      0.000086     -7.463185     -7.463099      0.000972
    910      0.000058      0.000086     -7.463185     -7.463099      0.000973
    911      0.000058      0.000086     -7.463185     -7.463099      0.000973
    912      0.000057      0.000086     -7.463185     -7.463099      0.000975
    913      0.000057      0.000086     -7.463184     -7.463099      0.000977
    914      0.000057      0.000085     -7.463184     -7.463099      0.000979
    915      0.000057      0.000085     -7.463183     -7.463099      0.000982
    916      0.000056      0.000084     -7.463183     -7.463099      0.000985
    917      0.000056      0.000084     -7.463182     -7.463099      0.000988
    918      0.000055      0.000083     -7.463181     -7.463099      0.000992
    919      0.000055      0.000082     -7.463181     -7.463099      0.000995
    920      0.000054      0.000081     -7.463180     -7.463099      0.000999
    921      0.000054      0.000081     -7.463179     -7.463099      0.001003
    922      0.000053      0.000080     -7.463178     -7.463099      0.001006
    923      0.000053      0.000079     -7.463178     -7.463099      0.001010
    924      0.000052      0.000079     -7.463177     -7.463099      0.001013
    925      0.000052      0.000078     -7.463177     -7.463099      0.001016
    926      0.000052      0.000077     -7.463176     -7.463099      0.001018
    927      0.000051      0.000077     -7.463176     -7.463099      0.001020
    928      0.000051      0.000077     -7.463175     -7.463099      0.001022
    929      0.000051      0.000076     -7.463175     -7.463099      0.001023
    930      0.000051      0.000076     -7.463175     -7.463099      0.001023
    931      0.000051      0.000076     -7.463175     -7.463099      0.001023
    932      0.000051      0.000076     -7.463175     -7.463099      0.001023
    933      0.000051      0.000076     -7.463175     -7.463099      0.001022
    934      0.000051      0.000077     -7.463175     -7.463099      0.001020
    935      0.000051      0.000077     -7.463176     -7.463099      0.001018
    936      0.000052      0.000078     -7.463176     -7.463099      0.001015
    937      0.000052      0.000078     -7.463177     -7.463099      0.001012
    938      0.000052      0.000079     -7.463177     -7.463099      0.001009
    939      0.000053      0.000079     -7.463178     -7.463099      0.001006
    940      0.000053      0.000080     -7.463179     -7.463099      0.001002
    941      0.000054      0.000081     -7.463179     -7.463099      0.000999
    942      0.000054      0.000081     -7.463180     -7.463099      0.000995
    943      0.000055      0.000082     -7.463181     -7.463099      0.000991
    944      0.000055      0.000083     -7.463181     -7.463099      0.000988
    945      0.000056      0.000083     -7.463182     -7.463099      0.000985
    946      0.000056      0.000084     -7.463183     -7.463099      0.000982
    947      0.000056      0.000084     -7.463183     -7.463099      0.000979
    948      0.000057      0.000085     -7.463184     -7.463099      0.000977
    949      0.000057      0.000085     -7.463184     -7.463099      0.000976
    950      0.000057      0.000086     -7.463184     -7.463099      0.000974
    951      0.000057      0.000086     -7.463184     -7.463099      0.000974
    952      0.000057      0.000086     -7.463184     -7.463099      0.000973
    953      0.000057      0.000086     -7.463184     -7.463099      0.000974
    954      0.000057      0.000086     -7.463184     -7.463099      0.000975
    955      0.000057      0.000085     -7.463184     -7.463099      0.000976
    956      0.000057      0.000085     -7.463184     -7.463099      0.000978
    957      0.000057      0.000085     -7.463184     -7.463099      0.000980
    958      0.000056      0.000084     -7.463183     -7.463099      0.000982
    959      0.000056      0.000084     -7.463183     -7.463099      0.000985
    960      0.000056      0.000083     -7.463182     -7.463099      0.000988
    961      0.000055      0.000083     -7.463182     -7.463099      0.000991
    962      0.000055      0.000082     -7.463181     -7.463099      0.000994
    963      0.000054      0.000082     -7.463180     -7.463099      0.000997
    964      0.000054      0.000081     -7.463180     -7.463099      0.001001
    965      0.000054      0.000081     -7.463179     -7.463099      0.001004
    966      0.000053      0.000080     -7.463179     -7.463099      0.001006
    967      0.000053      0.000080     -7.463178     -7.463099      0.001009
    968      0.000053      0.000079     -7.463178     -7.463099      0.001011
    969      0.000053      0.000079     -7.463178     -7.463099      0.001013
    970      0.000052      0.000079     -7.463177     -7.463099      0.001014
    971      0.000052      0.000079     -7.463177     -7.463099      0.001015
    972      0.000052      0.000078     -7.463177     -7.463099      0.001015
    973      0.000052      0.000078     -7.463177     -7.463099      0.001015
    974      0.000052      0.000079     -7.463177     -7.463099      0.001015
    975      0.000053      0.000079     -7.463177     -7.463099      0.001013
    976      0.000053      0.000079     -7.463178     -7.463099      0.001012
    977      0.000053      0.000080     -7.463178     -7.463099      0.001010
    978      0.000053      0.000080     -7.463179     -7.463099      0.001007
    979      0.000054      0.000081     -7.463179     -7.463099      0.001004
    980      0.000054      0.000081     -7.463180     -7.463099      0.001001
    981      0.000055      0.000082     -7.463180     -7.463099      0.000997
    982      0.000055      0.000082     -7.463181     -7.463099      0.000993
    983      0.000055      0.000083     -7.463182     -7.463099      0.000990
    984      0.000056      0.000084     -7.463183     -7.463099      0.000986
    985      0.000056      0.000085     -7.463183     -7.463099      0.000982
    986      0.000057      0.000085     -7.463184     -7.463099      0.000978
    987      0.000057      0.000086     -7.463185     -7.463099      0.000975
    988      0.000058      0.000087     -7.463185     -7.463099      0.000971
    989      0.000058      0.000087     -7.463186     -7.463099      0.000968
    990      0.000058      0.000087     -7.463186     -7.463099      0.000966
    991      0.000059      0.000088     -7.463187     -7.463099      0.000964
    992      0.000059      0.000088     -7.463187     -7.463099      0.000963
    993      0.000059      0.000088     -7.463187     -7.463099      0.000962
    994      0.000059      0.000088     -7.463187     -7.463099      0.000961
    995      0.000059      0.000088     -7.463187     -7.463099      0.000962
    996      0.000059      0.000088     -7.463187     -7.463099      0.000963
    997      0.000058      0.000088     -7.463186     -7.463099      0.000964
    998      0.000058      0.000087     -7.463186     -7.463099      0.000966
    999      0.000058      0.000087     -7.463185     -7.463099      0.000969
   1000      0.000057      0.000086     -7.463185     -7.463099      0.000972
#
# Means      0.000054      0.000082     -7.463180     -7.463099      0.000996
