#
# MD1: a minimal molecular dynamics program
#
# abc
#  Input sample: 7
#                                (only positions read from file)
# Output sample: i7
# Number of steps:    1000, time step: 0.0030, total time:      3.0000
# Number of atoms:  1372
# Box size:   10.847200   10.847200   10.847200, Volume:       1276.301
# Density:    1.074982 (unchanged)
# Free evolution run.
#
#  Step   Temperature     Kinetic      Potential   Total Energy    Pressure
# -----  ------------  ------------  ------------  ------------  ------------
      1      0.000000      0.000000     -7.463094     -7.463094      0.001440
      2      0.000001      0.000002     -7.463096     -7.463094      0.001433
      3      0.000003      0.000004     -7.463098     -7.463094      0.001420
      4      0.000005      0.000008     -7.463102     -7.463094      0.001399
      5      0.000009      0.000013     -7.463107     -7.463094      0.001373
      6      0.000013      0.000019     -7.463113     -7.463094      0.001340
      7      0.000018      0.000027     -7.463121     -7.463094      0.001303
      8      0.000023      0.000035     -7.463129     -7.463094      0.001261
      9      0.000029      0.000043     -7.463137     -7.463094      0.001216
     10      0.000035      0.000053     -7.463147     -7.463094      0.001168
     11      0.000042      0.000062     -7.463157     -7.463094      0.001117
     12      0.000048      0.000072     -7.463166     -7.463094      0.001066
     13      0.000055      0.000082     -7.463176     -7.463094      0.001015
     14      0.000061      0.000092     -7.463186     -7.463094      0.000964
     15      0.000068      0.000102     -7.463196     -7.463094      0.000915
     16      0.000074      0.000111     -7.463205     -7.463094      0.000869
     17      0.000079      0.000119     -7.463213     -7.463094      0.000826
     18      0.000084      0.000127     -7.463221     -7.463094      0.000786
     19      0.000089      0.000133     -7.463228     -7.463094      0.000752
     20      0.000093      0.000139     -7.463233     -7.463094      0.000723
     21      0.000096      0.000144     -7.463238     -7.463094      0.000699
     22      0.000098      0.000147     -7.463242     -7.463094      0.000681
     23      0.000100      0.000150     -7.463244     -7.463094      0.000669
     24      0.000101      0.000151     -7.463245     -7.463094      0.000664
     25      0.000101      0.000151     -7.463245     -7.463094      0.000665
     26      0.000100      0.000150     -7.463244     -7.463094      0.000671
     27      0.000099      0.000148     -7.463242     -7.463094      0.000684
     28      0.000096      0.000145     -7.463239     -7.463094      0.000701
     29      0.000094      0.000141     -7.463235     -7.463094      0.000724
     30      0.000090      0.000136     -7.463230     -7.463094      0.000751
     31      0.000087      0.000130     -7.463224     -7.463094      0.000781
     32      0.000082      0.000124     -7.463218     -7.463094      0.000814
     33      0.000078      0.000117     -7.463211     -7.463094      0.000850
     34      0.000073      0.000110     -7.463204     -7.463094      0.000887
     35      0.000068      0.000103     -7.463197     -7.463094      0.000925
     36      0.000064      0.000095     -7.463190     -7.463094      0.000963
     37      0.000059      0.000088     -7.463183     -7.463094      0.001000
     38      0.000054      0.000082     -7.463176     -7.463094      0.001035
     39      0.000050      0.000075     -7.463169     -7.463094      0.001069
     40      0.000046      0.000069     -7.463163     -7.463094      0.001099
     41      0.000043      0.000064     -7.463158     -7.463094      0.001126
     42      0.000040      0.000059     -7.463154     -7.463094      0.001150
     43      0.000037      0.000056     -7.463150     -7.463094      0.001169
     44      0.000035      0.000053     -7.463147     -7.463094      0.001184
     45      0.000034      0.000050     -7.463144     -7.463094      0.001195
     46      0.000033      0.000049     -7.463143     -7.463094      0.001201
     47      0.000032      0.000049     -7.463143     -7.463094      0.001202
     48      0.000033      0.000049     -7.463143     -7.463094      0.001200
     49      0.000033      0.000050     -7.463144     -7.463094      0.001193
     50      0.000034      0.000052     -7.463146     -7.463094      0.001182
     51      0.000036      0.000054     -7.463148     -7.463094      0.001168
     52      0.000038      0.000057     -7.463151     -7.463094      0.001151
     53      0.000040      0.000061     -7.463155     -7.463094      0.001132
     54      0.000043      0.000064     -7.463159     -7.463094      0.001111
     55      0.000046      0.000069     -7.463163     -7.463094      0.001088
     56      0.000049      0.000073     -7.463167     -7.463094      0.001065
     57      0.000051      0.000077     -7.463171     -7.463094      0.001042
     58      0.000054      0.000081     -7.463175     -7.463094      0.001019
     59      0.000057      0.000085     -7.463179     -7.463094      0.000998
     60      0.000059      0.000089     -7.463183     -7.463094      0.000977
     61      0.000062      0.000092     -7.463187     -7.463094      0.000959
     62      0.000064      0.000095     -7.463189     -7.463094      0.000943
     63      0.000065      0.000098     -7.463192     -7.463094      0.000930
     64      0.000066      0.000100     -7.463194     -7.463094      0.000920
     65      0.000067      0.000101     -7.463195     -7.463094      0.000913
     66      0.000068      0.000102     -7.463196     -7.463094      0.000909
     67      0.000068      0.000102     -7.463196     -7.463094      0.000909
     68      0.000068      0.000101     -7.463196     -7.463094      0.000912
     69      0.000067      0.000100     -7.463195     -7.463094      0.000917
     70      0.000066      0.000099     -7.463193     -7.463094      0.000926
     71      0.000065      0.000097     -7.463191     -7.463094      0.000937
     72      0.000063      0.000095     -7.463189     -7.463094      0.000950
     73      0.000061      0.000092     -7.463186     -7.463094      0.000965
     74      0.000059      0.000089     -7.463183     -7.463094      0.000981
     75      0.000057      0.000086     -7.463180     -7.463094      0.000999
     76      0.000055      0.000082     -7.463177     -7.463094      0.001017
     77      0.000053      0.000079     -7.463173     -7.463094      0.001034
     78      0.000051      0.000076     -7.463170     -7.463094      0.001051
     79      0.000049      0.000073     -7.463167     -7.463094      0.001068
     80      0.000047      0.000070     -7.463165     -7.463094      0.001082
     81      0.000045      0.000068     -7.463162     -7.463094      0.001095
     82      0.000044      0.000066     -7.463160     -7.463094      0.001106
     83      0.000043      0.000065     -7.463159     -7.463094      0.001115
     84      0.000042      0.000064     -7.463158     -7.463094      0.001121
     85      0.000042      0.000063     -7.463157     -7.463094      0.001124
     86      0.000042      0.000063     -7.463157     -7.463094      0.001124
     87      0.000043      0.000064     -7.463158     -7.463094      0.001121
     88      0.000043      0.000065     -7.463159     -7.463094      0.001116
     89      0.000044      0.000066     -7.463161     -7.463094      0.001107
     90      0.000046      0.000069     -7.463163     -7.463094      0.001097
     91      0.000047      0.000071     -7.463165     -7.463094      0.001084
     92      0.000049      0.000074     -7.463168     -7.463094      0.001069
     93      0.000051      0.000077     -7.463171     -7.463094      0.001052
     94      0.000054      0.000080     -7.463174     -7.463094      0.001034
     95      0.000056      0.000084     -7.463178     -7.463094      0.001016
     96      0.000058      0.000087     -7.463181     -7.463094      0.000997
     97      0.000061      0.000091     -7.463185     -7.463094      0.000978
     98      0.000063      0.000094     -7.463188     -7.463094      0.000960
     99      0.000065      0.000097     -7.463192     -7.463094      0.000943
    100      0.000067      0.000100     -7.463195     -7.463094      0.000927
    101      0.000069      0.000103     -7.463197     -7.463094      0.000913
    102      0.000070      0.000105     -7.463199     -7.463094      0.000901
    103      0.000071      0.000107     -7.463201     -7.463094      0.000892
    104      0.000072      0.000108     -7.463202     -7.463094      0.000885
    105      0.000073      0.000109     -7.463203     -7.463094      0.000880
    106      0.000073      0.000109     -7.463203     -7.463094      0.000879
    107      0.000073      0.000109     -7.463203     -7.463094      0.000880
    108      0.000072      0.000108     -7.463202     -7.463094      0.000885
    109      0.000071      0.000107     -7.463201     -7.463094      0.000892
    110      0.000070      0.000105     -7.463199     -7.463094      0.000902
    111      0.000068      0.000102     -7.463197     -7.463094      0.000914
    112      0.000066      0.000100     -7.463194     -7.463094      0.000928
    113      0.000064      0.000097     -7.463191     -7.463094      0.000944
    114      0.000062      0.000093     -7.463187     -7.463094      0.000962
    115      0.000060      0.000090     -7.463184     -7.463094      0.000980
    116      0.000057      0.000086     -7.463180     -7.463094      0.000999
    117      0.000055      0.000082     -7.463177     -7.463094      0.001019
    118      0.000053      0.000079     -7.463173     -7.463094      0.001038
    119      0.000050      0.000075     -7.463169     -7.463094      0.001056
    120      0.000048      0.000072     -7.463166     -7.463094      0.001074
    121      0.000046      0.000069     -7.463163     -7.463094      0.001090
    122      0.000044      0.000066     -7.463160     -7.463094      0.001104
    123      0.000043      0.000064     -7.463158     -7.463094      0.001117
    124      0.000041      0.000062     -7.463156     -7.463094      0.001127
    125      0.000040      0.000061     -7.463155     -7.463094      0.001134
    126      0.000040      0.000060     -7.463154     -7.463094      0.001139
    127      0.000040      0.000059     -7.463153     -7.463094      0.001141
    128      0.000040      0.000059     -7.463154     -7.463094      0.001140
    129      0.000040      0.000060     -7.463154     -7.463094      0.001136
    130      0.000041      0.000061     -7.463155     -7.463094      0.001130
    131      0.000042      0.000063     -7.463157     -7.463094      0.001122
    132      0.000043      0.000065     -7.463159     -7.463094      0.001111
    133      0.000045      0.000068     -7.463162     -7.463094      0.001098
    134      0.000047      0.000070     -7.463164     -7.463094      0.001083
    135      0.000049      0.000073     -7.463167     -7.463094      0.001067
    136      0.000051      0.000077     -7.463171     -7.463094      0.001050
    137      0.000053      0.000080     -7.463174     -7.463094      0.001033
    138      0.000056      0.000083     -7.463177     -7.463094      0.001015
    139      0.000058      0.000087     -7.463181     -7.463094      0.000997
    140      0.000060      0.000090     -7.463184     -7.463094      0.000980
    141      0.000062      0.000093     -7.463187     -7.463094      0.000964
    142      0.000064      0.000096     -7.463190     -7.463094      0.000949
    143      0.000066      0.000098     -7.463192     -7.463094      0.000936
    144      0.000067      0.000100     -7.463195     -7.463094      0.000925
    145      0.000068      0.000102     -7.463196     -7.463094      0.000915
    146      0.000069      0.000104     -7.463198     -7.463094      0.000908
    147      0.000070      0.000104     -7.463199     -7.463094      0.000904
    148      0.000070      0.000105     -7.463199     -7.463094      0.000901
    149      0.000070      0.000105     -7.463199     -7.463094      0.000902
    150      0.000070      0.000104     -7.463199     -7.463094      0.000904
    151      0.000069      0.000103     -7.463198     -7.463094      0.000909
    152      0.000068      0.000102     -7.463196     -7.463094      0.000916
    153      0.000067      0.000100     -7.463195     -7.463094      0.000926
    154      0.000066      0.000098     -7.463192     -7.463094      0.000936
    155      0.000064      0.000096     -7.463190     -7.463094      0.000949
    156      0.000062      0.000093     -7.463188     -7.463094      0.000963
    157      0.000060      0.000091     -7.463185     -7.463094      0.000977
    158      0.000059      0.000088     -7.463182     -7.463094      0.000992
    159      0.000057      0.000085     -7.463179     -7.463094      0.001007
    160      0.000055      0.000082     -7.463176     -7.463094      0.001022
    161      0.000053      0.000079     -7.463173     -7.463094      0.001037
    162      0.000051      0.000077     -7.463171     -7.463094      0.001051
    163      0.000050      0.000074     -7.463168     -7.463094      0.001063
    164      0.000048      0.000072     -7.463166     -7.463094      0.001074
    165      0.000047      0.000070     -7.463164     -7.463094      0.001084
    166      0.000046      0.000069     -7.463163     -7.463094      0.001092
    167      0.000045      0.000068     -7.463162     -7.463094      0.001098
    168      0.000045      0.000067     -7.463161     -7.463094      0.001101
    169      0.000044      0.000067     -7.463161     -7.463094      0.001103
    170      0.000044      0.000067     -7.463161     -7.463094      0.001103
    171      0.000045      0.000067     -7.463161     -7.463094      0.001100
    172      0.000045      0.000068     -7.463162     -7.463094      0.001096
    173      0.000046      0.000069     -7.463163     -7.463094      0.001089
    174      0.000047      0.000071     -7.463165     -7.463094      0.001081
    175      0.000048      0.000072     -7.463167     -7.463094      0.001072
    176      0.000050      0.000074     -7.463169     -7.463094      0.001061
    177      0.000051      0.000077     -7.463171     -7.463094      0.001050
    178      0.000053      0.000079     -7.463173     -7.463094      0.001037
    179      0.000054      0.000081     -7.463175     -7.463094      0.001025
    180      0.000056      0.000084     -7.463178     -7.463094      0.001012
    181      0.000057      0.000086     -7.463180     -7.463094      0.001000
    182      0.000059      0.000088     -7.463182     -7.463094      0.000988
    183      0.000060      0.000090     -7.463185     -7.463094      0.000977
    184      0.000062      0.000092     -7.463186     -7.463094      0.000966
    185      0.000063      0.000094     -7.463188     -7.463094      0.000958
    186      0.000064      0.000095     -7.463190     -7.463094      0.000950
    187      0.000064      0.000097     -7.463191     -7.463094      0.000944
    188      0.000065      0.000097     -7.463191     -7.463094      0.000940
    189      0.000065      0.000098     -7.463192     -7.463094      0.000938
    190      0.000065      0.000098     -7.463192     -7.463094      0.000937
    191      0.000065      0.000098     -7.463192     -7.463094      0.000938
    192      0.000065      0.000097     -7.463191     -7.463094      0.000941
    193      0.000064      0.000096     -7.463190     -7.463094      0.000946
    194      0.000063      0.000095     -7.463189     -7.463094      0.000952
    195      0.000063      0.000094     -7.463188     -7.463094      0.000959
    196      0.000061      0.000092     -7.463186     -7.463094      0.000968
    197      0.000060      0.000090     -7.463185     -7.463094      0.000977
    198      0.000059      0.000089     -7.463183     -7.463094      0.000987
    199      0.000058      0.000087     -7.463181     -7.463094      0.000998
    200      0.000056      0.000085     -7.463179     -7.463094      0.001009
    201      0.000055      0.000083     -7.463177     -7.463094      0.001019
    202      0.000054      0.000081     -7.463175     -7.463094      0.001029
    203      0.000053      0.000079     -7.463173     -7.463094      0.001039
    204      0.000051      0.000077     -7.463171     -7.463094      0.001048
    205      0.000050      0.000076     -7.463170     -7.463094      0.001056
    206      0.000050      0.000074     -7.463169     -7.463094      0.001062
    207      0.000049      0.000073     -7.463168     -7.463094      0.001068
    208      0.000048      0.000073     -7.463167     -7.463094      0.001072
    209      0.000048      0.000072     -7.463166     -7.463094      0.001074
    210      0.000048      0.000072     -7.463166     -7.463094      0.001075
    211      0.000048      0.000072     -7.463166     -7.463094      0.001074
    212      0.000048      0.000073     -7.463167     -7.463094      0.001072
    213      0.000049      0.000073     -7.463167     -7.463094      0.001068
    214      0.000050      0.000074     -7.463168     -7.463094      0.001063
    215      0.000050      0.000075     -7.463170     -7.463094      0.001057
    216      0.000051      0.000077     -7.463171     -7.463094      0.001050
    217      0.000052      0.000078     -7.463172     -7.463094      0.001042
    218      0.000053      0.000080     -7.463174     -7.463094      0.001033
    219      0.000055      0.000082     -7.463176     -7.463094      0.001023
    220      0.000056      0.000084     -7.463178     -7.463094      0.001014
    221      0.000057      0.000085     -7.463180     -7.463094      0.001004
    222      0.000058      0.000087     -7.463181     -7.463094      0.000995
    223      0.000059      0.000089     -7.463183     -7.463094      0.000986
    224      0.000060      0.000090     -7.463184     -7.463094      0.000978
    225      0.000061      0.000092     -7.463186     -7.463094      0.000971
    226      0.000062      0.000093     -7.463187     -7.463094      0.000964
    227      0.000063      0.000094     -7.463188     -7.463094      0.000959
    228      0.000063      0.000095     -7.463189     -7.463094      0.000955
    229      0.000063      0.000095     -7.463189     -7.463094      0.000953
    230      0.000064      0.000095     -7.463189     -7.463094      0.000951
    231      0.000064      0.000095     -7.463189     -7.463094      0.000952
    232      0.000063      0.000095     -7.463189     -7.463094      0.000953
    233      0.000063      0.000094     -7.463189     -7.463094      0.000956
    234      0.000062      0.000094     -7.463188     -7.463094      0.000961
    235      0.000062      0.000093     -7.463187     -7.463094      0.000966
    236      0.000061      0.000091     -7.463185     -7.463094      0.000973
    237      0.000060      0.000090     -7.463184     -7.463094      0.000980
    238      0.000059      0.000088     -7.463182     -7.463094      0.000988
    239      0.000058      0.000087     -7.463181     -7.463094      0.000997
    240      0.000057      0.000085     -7.463179     -7.463094      0.001006
    241      0.000055      0.000083     -7.463177     -7.463094      0.001015
    242      0.000054      0.000081     -7.463176     -7.463094      0.001024
    243      0.000053      0.000080     -7.463174     -7.463094      0.001033
    244      0.000052      0.000078     -7.463172     -7.463094      0.001041
    245      0.000051      0.000077     -7.463171     -7.463094      0.001049
    246      0.000050      0.000075     -7.463170     -7.463094      0.001056
    247      0.000050      0.000074     -7.463168     -7.463094      0.001062
    248      0.000049      0.000073     -7.463168     -7.463094      0.001067
    249      0.000048      0.000073     -7.463167     -7.463094      0.001070
    250      0.000048      0.000072     -7.463166     -7.463094      0.001072
    251      0.000048      0.000072     -7.463166     -7.463094      0.001073
    252      0.000048      0.000072     -7.463166     -7.463094      0.001073
    253      0.000048      0.000073     -7.463167     -7.463094      0.001071
    254      0.000049      0.000073     -7.463167     -7.463094      0.001068
    255      0.000049      0.000074     -7.463168     -7.463094      0.001064
    256      0.000050      0.000075     -7.463169     -7.463094      0.001059
    257      0.000051      0.000076     -7.463170     -7.463094      0.001053
    258      0.000052      0.000077     -7.463172     -7.463094      0.001046
    259      0.000053      0.000079     -7.463173     -7.463094      0.001038
    260      0.000054      0.000081     -7.463175     -7.463094      0.001030
    261      0.000055      0.000082     -7.463176     -7.463094      0.001021
    262      0.000056      0.000084     -7.463178     -7.463094      0.001012
    263      0.000057      0.000086     -7.463180     -7.463094      0.001003
    264      0.000058      0.000087     -7.463181     -7.463094      0.000995
    265      0.000059      0.000089     -7.463183     -7.463094      0.000987
    266      0.000060      0.000090     -7.463184     -7.463094      0.000979
    267      0.000061      0.000092     -7.463186     -7.463094      0.000972
    268      0.000062      0.000093     -7.463187     -7.463094      0.000966
    269      0.000063      0.000094     -7.463188     -7.463094      0.000961
    270      0.000063      0.000095     -7.463189     -7.463094      0.000957
    271      0.000063      0.000095     -7.463189     -7.463094      0.000954
    272      0.000064      0.000095     -7.463190     -7.463094      0.000952
    273      0.000064      0.000096     -7.463190     -7.463094      0.000951
    274      0.000064      0.000096     -7.463190     -7.463094      0.000952
    275      0.000063      0.000095     -7.463189     -7.463094      0.000954
    276      0.000063      0.000095     -7.463189     -7.463094      0.000956
    277      0.000063      0.000094     -7.463188     -7.463094      0.000960
    278      0.000062      0.000093     -7.463187     -7.463094      0.000965
    279      0.000061      0.000092     -7.463186     -7.463094      0.000971
    280      0.000060      0.000091     -7.463185     -7.463094      0.000977
    281      0.000060      0.000089     -7.463183     -7.463094      0.000984
    282      0.000059      0.000088     -7.463182     -7.463094      0.000992
    283      0.000058      0.000086     -7.463180     -7.463094      0.000999
    284      0.000057      0.000085     -7.463179     -7.463094      0.001007
    285      0.000056      0.000083     -7.463177     -7.463094      0.001015
    286      0.000055      0.000082     -7.463176     -7.463094      0.001023
    287      0.000054      0.000080     -7.463175     -7.463094      0.001030
    288      0.000053      0.000079     -7.463173     -7.463094      0.001037
    289      0.000052      0.000078     -7.463172     -7.463094      0.001043
    290      0.000051      0.000077     -7.463171     -7.463094      0.001049
    291      0.000051      0.000076     -7.463170     -7.463094      0.001054
    292      0.000050      0.000075     -7.463169     -7.463094      0.001058
    293      0.000050      0.000074     -7.463169     -7.463094      0.001061
    294      0.000049      0.000074     -7.463168     -7.463094      0.001063
    295      0.000049      0.000074     -7.463168     -7.463094      0.001064
    296      0.000049      0.000074     -7.463168     -7.463094      0.001064
    297      0.000049      0.000074     -7.463168     -7.463094      0.001063
    298      0.000049      0.000074     -7.463168     -7.463094      0.001061
    299      0.000050      0.000075     -7.463169     -7.463094      0.001059
    300      0.000050      0.000075     -7.463169     -7.463094      0.001056
    301      0.000051      0.000076     -7.463170     -7.463094      0.001052
    302      0.000051      0.000077     -7.463171     -7.463094      0.001047
    303      0.000052      0.000078     -7.463172     -7.463094      0.001042
    304      0.000053      0.000079     -7.463173     -7.463094      0.001036
    305      0.000053      0.000080     -7.463174     -7.463094      0.001031
    306      0.000054      0.000081     -7.463175     -7.463094      0.001025
    307      0.000055      0.000082     -7.463177     -7.463094      0.001018
    308      0.000056      0.000084     -7.463178     -7.463094      0.001013
    309      0.000056      0.000085     -7.463179     -7.463094      0.001007
    310      0.000057      0.000086     -7.463180     -7.463094      0.001001
    311      0.000058      0.000087     -7.463181     -7.463094      0.000996
    312      0.000058      0.000088     -7.463182     -7.463094      0.000991
    313      0.000059      0.000089     -7.463183     -7.463094      0.000987
    314      0.000060      0.000089     -7.463183     -7.463094      0.000983
    315      0.000060      0.000090     -7.463184     -7.463094      0.000980
    316      0.000060      0.000090     -7.463185     -7.463094      0.000978
    317      0.000060      0.000091     -7.463185     -7.463094      0.000976
    318      0.000061      0.000091     -7.463185     -7.463094      0.000975
    319      0.000061      0.000091     -7.463185     -7.463094      0.000974
    320      0.000061      0.000091     -7.463185     -7.463094      0.000975
    321      0.000061      0.000091     -7.463185     -7.463094      0.000975
    322      0.000060      0.000091     -7.463185     -7.463094      0.000977
    323      0.000060      0.000090     -7.463184     -7.463094      0.000979
    324      0.000060      0.000090     -7.463184     -7.463094      0.000981
    325      0.000060      0.000089     -7.463183     -7.463094      0.000984
    326      0.000059      0.000089     -7.463183     -7.463094      0.000987
    327      0.000059      0.000088     -7.463182     -7.463094      0.000991
    328      0.000058      0.000087     -7.463181     -7.463094      0.000994
    329      0.000058      0.000087     -7.463181     -7.463094      0.000998
    330      0.000057      0.000086     -7.463180     -7.463094      0.001002
    331      0.000057      0.000085     -7.463179     -7.463094      0.001006
    332      0.000056      0.000084     -7.463179     -7.463094      0.001009
    333      0.000056      0.000084     -7.463178     -7.463094      0.001013
    334      0.000055      0.000083     -7.463177     -7.463094      0.001017
    335      0.000055      0.000082     -7.463176     -7.463094      0.001020
    336      0.000054      0.000082     -7.463176     -7.463094      0.001023
    337      0.000054      0.000081     -7.463175     -7.463094      0.001026
    338      0.000054      0.000081     -7.463175     -7.463094      0.001028
    339      0.000054      0.000080     -7.463174     -7.463094      0.001031
    340      0.000053      0.000080     -7.463174     -7.463094      0.001032
    341      0.000053      0.000080     -7.463174     -7.463094      0.001034
    342      0.000053      0.000079     -7.463174     -7.463094      0.001035
    343      0.000053      0.000079     -7.463173     -7.463094      0.001036
    344      0.000053      0.000079     -7.463173     -7.463094      0.001036
    345      0.000053      0.000079     -7.463173     -7.463094      0.001036
    346      0.000053      0.000079     -7.463173     -7.463094      0.001036
    347      0.000053      0.000079     -7.463173     -7.463094      0.001035
    348      0.000053      0.000080     -7.463174     -7.463094      0.001034
    349      0.000053      0.000080     -7.463174     -7.463094      0.001033
    350      0.000053      0.000080     -7.463174     -7.463094      0.001032
    351      0.000053      0.000080     -7.463174     -7.463094      0.001031
    352      0.000054      0.000081     -7.463175     -7.463094      0.001029
    353      0.000054      0.000081     -7.463175     -7.463094      0.001027
    354      0.000054      0.000081     -7.463175     -7.463094      0.001025
    355      0.000054      0.000082     -7.463176     -7.463094      0.001023
    356      0.000055      0.000082     -7.463176     -7.463094      0.001021
    357      0.000055      0.000082     -7.463177     -7.463094      0.001019
    358      0.000055      0.000083     -7.463177     -7.463094      0.001017
    359      0.000056      0.000083     -7.463177     -7.463094      0.001015
    360      0.000056      0.000084     -7.463178     -7.463094      0.001013
    361      0.000056      0.000084     -7.463178     -7.463094      0.001011
    362      0.000056      0.000085     -7.463179     -7.463094      0.001009
    363      0.000057      0.000085     -7.463179     -7.463094      0.001007
    364      0.000057      0.000085     -7.463179     -7.463094      0.001005
    365      0.000057      0.000086     -7.463180     -7.463094      0.001003
    366      0.000057      0.000086     -7.463180     -7.463094      0.001001
    367      0.000058      0.000086     -7.463180     -7.463094      0.001000
    368      0.000058      0.000087     -7.463181     -7.463094      0.000998
    369      0.000058      0.000087     -7.463181     -7.463094      0.000997
    370      0.000058      0.000087     -7.463181     -7.463094      0.000995
    371      0.000058      0.000087     -7.463182     -7.463094      0.000994
    372      0.000058      0.000088     -7.463182     -7.463094      0.000993
    373      0.000059      0.000088     -7.463182     -7.463094      0.000992
    374      0.000059      0.000088     -7.463182     -7.463094      0.000991
    375      0.000059      0.000088     -7.463182     -7.463094      0.000991
    376      0.000059      0.000088     -7.463182     -7.463094      0.000990
    377      0.000059      0.000088     -7.463182     -7.463094      0.000990
    378      0.000059      0.000088     -7.463182     -7.463094      0.000990
    379      0.000059      0.000088     -7.463182     -7.463094      0.000990
    380      0.000059      0.000088     -7.463182     -7.463094      0.000990
    381      0.000059      0.000088     -7.463182     -7.463094      0.000991
    382      0.000059      0.000088     -7.463182     -7.463094      0.000991
    383      0.000059      0.000088     -7.463182     -7.463094      0.000992
    384      0.000059      0.000088     -7.463182     -7.463094      0.000993
    385      0.000058      0.000088     -7.463182     -7.463094      0.000994
    386      0.000058      0.000087     -7.463181     -7.463094      0.000995
    387      0.000058      0.000087     -7.463181     -7.463094      0.000997
    388      0.000058      0.000087     -7.463181     -7.463094      0.000998
    389      0.000058      0.000086     -7.463181     -7.463094      0.001000
    390      0.000057      0.000086     -7.463180     -7.463094      0.001002
    391      0.000057      0.000086     -7.463180     -7.463094      0.001003
    392      0.000057      0.000085     -7.463179     -7.463094      0.001005
    393      0.000057      0.000085     -7.463179     -7.463094      0.001008
    394      0.000056      0.000084     -7.463179     -7.463094      0.001010
    395      0.000056      0.000084     -7.463178     -7.463094      0.001012
    396      0.000056      0.000084     -7.463178     -7.463094      0.001014
    397      0.000055      0.000083     -7.463177     -7.463094      0.001016
    398      0.000055      0.000083     -7.463177     -7.463094      0.001018
    399      0.000055      0.000082     -7.463176     -7.463094      0.001021
    400      0.000054      0.000082     -7.463176     -7.463094      0.001023
    401      0.000054      0.000081     -7.463175     -7.463094      0.001025
    402      0.000054      0.000081     -7.463175     -7.463094      0.001027
    403      0.000054      0.000080     -7.463175     -7.463094      0.001029
    404      0.000053      0.000080     -7.463174     -7.463094      0.001031
    405      0.000053      0.000080     -7.463174     -7.463094      0.001032
    406      0.000053      0.000079     -7.463173     -7.463094      0.001034
    407      0.000053      0.000079     -7.463173     -7.463094      0.001035
    408      0.000052      0.000079     -7.463173     -7.463094      0.001037
    409      0.000052      0.000078     -7.463173     -7.463094      0.001038
    410      0.000052      0.000078     -7.463172     -7.463094      0.001039
    411      0.000052      0.000078     -7.463172     -7.463094      0.001040
    412      0.000052      0.000078     -7.463172     -7.463094      0.001041
    413      0.000052      0.000078     -7.463172     -7.463094      0.001041
    414      0.000052      0.000078     -7.463172     -7.463094      0.001041
    415      0.000052      0.000078     -7.463172     -7.463094      0.001041
    416      0.000052      0.000078     -7.463172     -7.463094      0.001041
    417      0.000052      0.000078     -7.463172     -7.463094      0.001041
    418      0.000052      0.000078     -7.463172     -7.463094      0.001040
    419      0.000052      0.000078     -7.463172     -7.463094      0.001039
    420      0.000052      0.000078     -7.463173     -7.463094      0.001038
    421      0.000052      0.000079     -7.463173     -7.463094      0.001037
    422      0.000053      0.000079     -7.463173     -7.463094      0.001035
    423      0.000053      0.000079     -7.463174     -7.463094      0.001033
    424      0.000053      0.000080     -7.463174     -7.463094      0.001031
    425      0.000054      0.000080     -7.463175     -7.463094      0.001029
    426      0.000054      0.000081     -7.463175     -7.463094      0.001026
    427      0.000054      0.000082     -7.463176     -7.463094      0.001023
    428      0.000055      0.000082     -7.463176     -7.463094      0.001020
    429      0.000055      0.000083     -7.463177     -7.463094      0.001017
    430      0.000056      0.000083     -7.463178     -7.463094      0.001014
    431      0.000056      0.000084     -7.463178     -7.463094      0.001011
    432      0.000057      0.000085     -7.463179     -7.463094      0.001007
    433      0.000057      0.000086     -7.463180     -7.463094      0.001004
    434      0.000058      0.000086     -7.463181     -7.463094      0.001000
    435      0.000058      0.000087     -7.463181     -7.463094      0.000997
    436      0.000059      0.000088     -7.463182     -7.463094      0.000993
    437      0.000059      0.000089     -7.463183     -7.463094      0.000990
    438      0.000059      0.000089     -7.463183     -7.463094      0.000987
    439      0.000060      0.000090     -7.463184     -7.463094      0.000983
    440      0.000060      0.000090     -7.463185     -7.463094      0.000981
    441      0.000061      0.000091     -7.463185     -7.463094      0.000978
    442      0.000061      0.000091     -7.463185     -7.463094      0.000976
    443      0.000061      0.000092     -7.463186     -7.463094      0.000974
    444      0.000061      0.000092     -7.463186     -7.463094      0.000972
    445      0.000062      0.000092     -7.463186     -7.463094      0.000971
    446      0.000062      0.000092     -7.463187     -7.463094      0.000971
    447      0.000062      0.000092     -7.463187     -7.463094      0.000970
    448      0.000062      0.000092     -7.463187     -7.463094      0.000971
    449      0.000061      0.000092     -7.463186     -7.463094      0.000971
    450      0.000061      0.000092     -7.463186     -7.463094      0.000973
    451      0.000061      0.000092     -7.463186     -7.463094      0.000974
    452      0.000061      0.000091     -7.463185     -7.463094      0.000976
    453      0.000060      0.000091     -7.463185     -7.463094      0.000979
    454      0.000060      0.000090     -7.463184     -7.463094      0.000982
    455      0.000060      0.000089     -7.463184     -7.463094      0.000985
    456      0.000059      0.000089     -7.463183     -7.463094      0.000988
    457      0.000059      0.000088     -7.463182     -7.463094      0.000992
    458      0.000058      0.000087     -7.463181     -7.463094      0.000996
    459      0.000058      0.000086     -7.463180     -7.463094      0.001001
    460      0.000057      0.000085     -7.463180     -7.463094      0.001005
    461      0.000056      0.000085     -7.463179     -7.463094      0.001009
    462      0.000056      0.000084     -7.463178     -7.463094      0.001014
    463      0.000055      0.000083     -7.463177     -7.463094      0.001018
    464      0.000055      0.000082     -7.463176     -7.463094      0.001022
    465      0.000054      0.000081     -7.463175     -7.463094      0.001026
    466      0.000054      0.000080     -7.463174     -7.463094      0.001030
    467      0.000053      0.000080     -7.463174     -7.463094      0.001033
    468      0.000053      0.000079     -7.463173     -7.463094      0.001036
    469      0.000052      0.000078     -7.463173     -7.463094      0.001039
    470      0.000052      0.000078     -7.463172     -7.463094      0.001041
    471      0.000052      0.000078     -7.463172     -7.463094      0.001043
    472      0.000052      0.000077     -7.463172     -7.463094      0.001044
    473      0.000051      0.000077     -7.463171     -7.463094      0.001045
    474      0.000051      0.000077     -7.463171     -7.463094      0.001046
    475      0.000051      0.000077     -7.463171     -7.463094      0.001045
    476      0.000051      0.000077     -7.463171     -7.463094      0.001045
    477      0.000052      0.000077     -7.463172     -7.463094      0.001044
    478      0.000052      0.000078     -7.463172     -7.463094      0.001042
    479      0.000052      0.000078     -7.463172     -7.463094      0.001040
    480      0.000052      0.000078     -7.463173     -7.463094      0.001038
    481      0.000053      0.000079     -7.463173     -7.463094      0.001036
    482      0.000053      0.000079     -7.463173     -7.463094      0.001033
    483      0.000053      0.000080     -7.463174     -7.463094      0.001030
    484      0.000054      0.000080     -7.463175     -7.463094      0.001028
    485      0.000054      0.000081     -7.463175     -7.463094      0.001025
    486      0.000054      0.000082     -7.463176     -7.463094      0.001022
    487      0.000055      0.000082     -7.463176     -7.463094      0.001019
    488      0.000055      0.000083     -7.463177     -7.463094      0.001017
    489      0.000055      0.000083     -7.463177     -7.463094      0.001014
    490      0.000056      0.000083     -7.463178     -7.463094      0.001012
    491      0.000056      0.000084     -7.463178     -7.463094      0.001010
    492      0.000056      0.000084     -7.463178     -7.463094      0.001009
    493      0.000056      0.000084     -7.463179     -7.463094      0.001008
    494      0.000056      0.000085     -7.463179     -7.463094      0.001007
    495      0.000057      0.000085     -7.463179     -7.463094      0.001006
    496      0.000057      0.000085     -7.463179     -7.463094      0.001006
    497      0.000057      0.000085     -7.463179     -7.463094      0.001006
    498      0.000057      0.000085     -7.463179     -7.463094      0.001007
    499      0.000056      0.000085     -7.463179     -7.463094      0.001008
    500      0.000056      0.000085     -7.463179     -7.463094      0.001009
    501      0.000056      0.000084     -7.463178     -7.463094      0.001010
    502      0.000056      0.000084     -7.463178     -7.463094      0.001011
    503      0.000056      0.000084     -7.463178     -7.463094      0.001012
    504      0.000056      0.000084     -7.463178     -7.463094      0.001014
    505      0.000056      0.000084     -7.463178     -7.463094      0.001015
    506      0.000056      0.000083     -7.463177     -7.463094      0.001016
    507      0.000055      0.000083     -7.463177     -7.463094      0.001017
    508      0.000055      0.000083     -7.463177     -7.463094      0.001018
    509      0.000055      0.000083     -7.463177     -7.463094      0.001019
    510      0.000055      0.000083     -7.463177     -7.463094      0.001019
    511      0.000055      0.000083     -7.463177     -7.463094      0.001019
    512      0.000055      0.000083     -7.463177     -7.463094      0.001018
    513      0.000056      0.000083     -7.463177     -7.463094      0.001017
    514      0.000056      0.000084     -7.463178     -7.463094      0.001016
    515      0.000056      0.000084     -7.463178     -7.463094      0.001014
    516      0.000056      0.000084     -7.463178     -7.463094      0.001012
    517      0.000057      0.000085     -7.463179     -7.463094      0.001009
    518      0.000057      0.000085     -7.463179     -7.463094      0.001006
    519      0.000057      0.000086     -7.463180     -7.463094      0.001003
    520      0.000058      0.000087     -7.463181     -7.463094      0.001000
    521      0.000058      0.000087     -7.463181     -7.463094      0.000996
    522      0.000059      0.000088     -7.463182     -7.463094      0.000993
    523      0.000059      0.000088     -7.463183     -7.463094      0.000989
    524      0.000059      0.000089     -7.463183     -7.463094      0.000986
    525      0.000060      0.000090     -7.463184     -7.463094      0.000982
    526      0.000060      0.000090     -7.463184     -7.463094      0.000979
    527      0.000061      0.000091     -7.463185     -7.463094      0.000976
    528      0.000061      0.000091     -7.463185     -7.463094      0.000974
    529      0.000061      0.000091     -7.463186     -7.463094      0.000972
    530      0.000061      0.000092     -7.463186     -7.463094      0.000971
    531      0.000061      0.000092     -7.463186     -7.463094      0.000970
    532      0.000061      0.000092     -7.463186     -7.463094      0.000970
    533      0.000061      0.000092     -7.463186     -7.463094      0.000971
    534      0.000061      0.000091     -7.463185     -7.463094      0.000972
    535      0.000061      0.000091     -7.463185     -7.463094      0.000975
    536      0.000060      0.000090     -7.463184     -7.463094      0.000977
    537      0.000060      0.000090     -7.463184     -7.463094      0.000981
    538      0.000059      0.000089     -7.463183     -7.463094      0.000985
    539      0.000059      0.000088     -7.463182     -7.463094      0.000990
    540      0.000058      0.000087     -7.463181     -7.463094      0.000995
    541      0.000057      0.000086     -7.463180     -7.463094      0.001001
    542      0.000056      0.000085     -7.463179     -7.463094      0.001007
    543      0.000056      0.000083     -7.463177     -7.463094      0.001014
    544      0.000055      0.000082     -7.463176     -7.463094      0.001020
    545      0.000054      0.000081     -7.463175     -7.463094      0.001027
    546      0.000053      0.000080     -7.463174     -7.463094      0.001033
    547      0.000052      0.000078     -7.463172     -7.463094      0.001040
    548      0.000051      0.000077     -7.463171     -7.463094      0.001046
    549      0.000051      0.000076     -7.463170     -7.463094      0.001052
    550      0.000050      0.000075     -7.463169     -7.463094      0.001057
    551      0.000050      0.000074     -7.463168     -7.463094      0.001061
    552      0.000049      0.000074     -7.463168     -7.463094      0.001065
    553      0.000049      0.000073     -7.463167     -7.463094      0.001068
    554      0.000048      0.000073     -7.463167     -7.463094      0.001070
    555      0.000048      0.000072     -7.463167     -7.463094      0.001071
    556      0.000048      0.000072     -7.463167     -7.463094      0.001071
    557      0.000048      0.000073     -7.463167     -7.463094      0.001070
    558      0.000049      0.000073     -7.463167     -7.463094      0.001069
    559      0.000049      0.000073     -7.463168     -7.463094      0.001066
    560      0.000049      0.000074     -7.463168     -7.463094      0.001063
    561      0.000050      0.000075     -7.463169     -7.463094      0.001058
    562      0.000051      0.000076     -7.463170     -7.463094      0.001053
    563      0.000051      0.000077     -7.463171     -7.463094      0.001047
    564      0.000052      0.000078     -7.463172     -7.463094      0.001041
    565      0.000053      0.000080     -7.463174     -7.463094      0.001034
    566      0.000054      0.000081     -7.463175     -7.463094      0.001026
    567      0.000055      0.000082     -7.463177     -7.463094      0.001019
    568      0.000056      0.000084     -7.463178     -7.463094      0.001011
    569      0.000057      0.000085     -7.463179     -7.463094      0.001004
    570      0.000058      0.000087     -7.463181     -7.463094      0.000996
    571      0.000059      0.000088     -7.463182     -7.463094      0.000989
    572      0.000060      0.000089     -7.463183     -7.463094      0.000983
    573      0.000060      0.000091     -7.463185     -7.463094      0.000977
    574      0.000061      0.000092     -7.463186     -7.463094      0.000971
    575      0.000062      0.000092     -7.463187     -7.463094      0.000966
    576      0.000062      0.000093     -7.463187     -7.463094      0.000963
    577      0.000063      0.000094     -7.463188     -7.463094      0.000960
    578      0.000063      0.000094     -7.463188     -7.463094      0.000958
    579      0.000063      0.000094     -7.463189     -7.463094      0.000957
    580      0.000063      0.000094     -7.463189     -7.463094      0.000957
    581      0.000063      0.000094     -7.463188     -7.463094      0.000958
    582      0.000063      0.000094     -7.463188     -7.463094      0.000960
    583      0.000062      0.000093     -7.463188     -7.463094      0.000962
    584      0.000062      0.000093     -7.463187     -7.463094      0.000966
    585      0.000061      0.000092     -7.463186     -7.463094      0.000971
    586      0.000061      0.000091     -7.463185     -7.463094      0.000976
    587      0.000060      0.000090     -7.463184     -7.463094      0.000981
    588      0.000059      0.000089     -7.463183     -7.463094      0.000988
    589      0.000058      0.000088     -7.463182     -7.463094      0.000994
    590      0.000057      0.000086     -7.463180     -7.463094      0.001001
    591      0.000057      0.000085     -7.463179     -7.463094      0.001008
    592      0.000056      0.000084     -7.463178     -7.463094      0.001014
    593      0.000055      0.000082     -7.463177     -7.463094      0.001021
    594      0.000054      0.000081     -7.463175     -7.463094      0.001027
    595      0.000053      0.000080     -7.463174     -7.463094      0.001033
    596      0.000053      0.000079     -7.463173     -7.463094      0.001039
    597      0.000052      0.000078     -7.463172     -7.463094      0.001043
    598      0.000052      0.000077     -7.463171     -7.463094      0.001047
    599      0.000051      0.000077     -7.463171     -7.463094      0.001051
    600      0.000051      0.000076     -7.463170     -7.463094      0.001053
    601      0.000051      0.000076     -7.463170     -7.463094      0.001055
    602      0.000050      0.000076     -7.463170     -7.463094      0.001056
    603      0.000050      0.000076     -7.463170     -7.463094      0.001056
    604      0.000050      0.000076     -7.463170     -7.463094      0.001055
    605      0.000051      0.000076     -7.463170     -7.463094      0.001053
    606      0.000051      0.000076     -7.463171     -7.463094      0.001051
    607      0.000051      0.000077     -7.463171     -7.463094      0.001048
    608      0.000052      0.000078     -7.463172     -7.463094      0.001044
    609      0.000052      0.000078     -7.463173     -7.463094      0.001040
    610      0.000053      0.000079     -7.463173     -7.463094      0.001035
    611      0.000053      0.000080     -7.463174     -7.463094      0.001030
    612      0.000054      0.000081     -7.463175     -7.463094      0.001025
    613      0.000055      0.000082     -7.463176     -7.463094      0.001019
    614      0.000055      0.000083     -7.463177     -7.463094      0.001014
    615      0.000056      0.000084     -7.463178     -7.463094      0.001009
    616      0.000057      0.000085     -7.463179     -7.463094      0.001004
    617      0.000057      0.000086     -7.463180     -7.463094      0.000999
    618      0.000058      0.000087     -7.463181     -7.463094      0.000995
    619      0.000058      0.000088     -7.463182     -7.463094      0.000991
    620      0.000059      0.000088     -7.463182     -7.463094      0.000987
    621      0.000059      0.000089     -7.463183     -7.463094      0.000985
    622      0.000059      0.000089     -7.463183     -7.463094      0.000982
    623      0.000060      0.000090     -7.463184     -7.463094      0.000981
    624      0.000060      0.000090     -7.463184     -7.463094      0.000980
    625      0.000060      0.000090     -7.463184     -7.463094      0.000980
    626      0.000060      0.000090     -7.463184     -7.463094      0.000980
    627      0.000060      0.000090     -7.463184     -7.463094      0.000981
    628      0.000060      0.000089     -7.463184     -7.463094      0.000983
    629      0.000059      0.000089     -7.463183     -7.463094      0.000985
    630      0.000059      0.000089     -7.463183     -7.463094      0.000988
    631      0.000059      0.000088     -7.463182     -7.463094      0.000991
    632      0.000058      0.000088     -7.463182     -7.463094      0.000994
    633      0.000058      0.000087     -7.463181     -7.463094      0.000997
    634      0.000058      0.000086     -7.463180     -7.463094      0.001001
    635      0.000057      0.000086     -7.463180     -7.463094      0.001005
    636      0.000057      0.000085     -7.463179     -7.463094      0.001008
    637      0.000056      0.000084     -7.463178     -7.463094      0.001012
    638      0.000056      0.000084     -7.463178     -7.463094      0.001015
    639      0.000055      0.000083     -7.463177     -7.463094      0.001018
    640      0.000055      0.000083     -7.463177     -7.463094      0.001021
    641      0.000055      0.000082     -7.463176     -7.463094      0.001023
    642      0.000055      0.000082     -7.463176     -7.463094      0.001025
    643      0.000054      0.000082     -7.463176     -7.463094      0.001026
    644      0.000054      0.000081     -7.463176     -7.463094      0.001027
    645      0.000054      0.000081     -7.463175     -7.463094      0.001028
    646      0.000054      0.000081     -7.463175     -7.463094      0.001028
    647      0.000054      0.000081     -7.463175     -7.463094      0.001027
    648      0.000054      0.000081     -7.463176     -7.463094      0.001027
    649      0.000054      0.000082     -7.463176     -7.463094      0.001025
    650      0.000055      0.000082     -7.463176     -7.463094      0.001024
    651      0.000055      0.000082     -7.463176     -7.463094      0.001022
    652      0.000055      0.000082     -7.463177     -7.463094      0.001020
    653      0.000055      0.000083     -7.463177     -7.463094      0.001017
    654      0.000055      0.000083     -7.463177     -7.463094      0.001015
    655      0.000056      0.000084     -7.463178     -7.463094      0.001013
    656      0.000056      0.000084     -7.463178     -7.463094      0.001011
    657      0.000056      0.000084     -7.463178     -7.463094      0.001008
    658      0.000056      0.000085     -7.463179     -7.463094      0.001006
    659      0.000057      0.000085     -7.463179     -7.463094      0.001005
    660      0.000057      0.000085     -7.463179     -7.463094      0.001003
    661      0.000057      0.000085     -7.463179     -7.463094      0.001002
    662      0.000057      0.000085     -7.463179     -7.463094      0.001002
    663      0.000057      0.000085     -7.463179     -7.463094      0.001002
    664      0.000057      0.000085     -7.463179     -7.463094      0.001002
    665      0.000057      0.000085     -7.463179     -7.463094      0.001002
    666      0.000057      0.000085     -7.463179     -7.463094      0.001003
    667      0.000056      0.000085     -7.463179     -7.463094      0.001005
    668      0.000056      0.000084     -7.463178     -7.463094      0.001007
    669      0.000056      0.000084     -7.463178     -7.463094      0.001009
    670      0.000056      0.000083     -7.463177     -7.463094      0.001011
    671      0.000055      0.000083     -7.463177     -7.463094      0.001014
    672      0.000055      0.000082     -7.463177     -7.463094      0.001017
    673      0.000055      0.000082     -7.463176     -7.463094      0.001020
    674      0.000054      0.000081     -7.463175     -7.463094      0.001023
    675      0.000054      0.000081     -7.463175     -7.463094      0.001026
    676      0.000054      0.000080     -7.463175     -7.463094      0.001029
    677      0.000053      0.000080     -7.463174     -7.463094      0.001031
    678      0.000053      0.000080     -7.463174     -7.463094      0.001033
    679      0.000053      0.000079     -7.463173     -7.463094      0.001035
    680      0.000053      0.000079     -7.463173     -7.463094      0.001037
    681      0.000053      0.000079     -7.463173     -7.463094      0.001038
    682      0.000053      0.000079     -7.463173     -7.463094      0.001038
    683      0.000053      0.000079     -7.463173     -7.463094      0.001038
    684      0.000053      0.000079     -7.463173     -7.463094      0.001038
    685      0.000053      0.000079     -7.463174     -7.463094      0.001037
    686      0.000053      0.000080     -7.463174     -7.463094      0.001035
    687      0.000054      0.000080     -7.463174     -7.463094      0.001032
    688      0.000054      0.000081     -7.463175     -7.463094      0.001030
    689      0.000054      0.000082     -7.463176     -7.463094      0.001026
    690      0.000055      0.000082     -7.463176     -7.463094      0.001022
    691      0.000055      0.000083     -7.463177     -7.463094      0.001018
    692      0.000056      0.000084     -7.463178     -7.463094      0.001014
    693      0.000057      0.000085     -7.463179     -7.463094      0.001009
    694      0.000057      0.000086     -7.463180     -7.463094      0.001004
    695      0.000058      0.000087     -7.463181     -7.463094      0.000999
    696      0.000059      0.000088     -7.463182     -7.463094      0.000994
    697      0.000059      0.000089     -7.463183     -7.463094      0.000989
    698      0.000060      0.000090     -7.463184     -7.463094      0.000985
    699      0.000060      0.000090     -7.463185     -7.463094      0.000980
    700      0.000061      0.000091     -7.463185     -7.463094      0.000976
    701      0.000061      0.000092     -7.463186     -7.463094      0.000973
    702      0.000062      0.000092     -7.463186     -7.463094      0.000970
    703      0.000062      0.000093     -7.463187     -7.463094      0.000968
    704      0.000062      0.000093     -7.463187     -7.463094      0.000966
    705      0.000062      0.000093     -7.463187     -7.463094      0.000965
    706      0.000062      0.000093     -7.463187     -7.463094      0.000965
    707      0.000062      0.000093     -7.463187     -7.463094      0.000965
    708      0.000062      0.000093     -7.463187     -7.463094      0.000967
    709      0.000062      0.000092     -7.463186     -7.463094      0.000969
    710      0.000061      0.000092     -7.463186     -7.463094      0.000971
    711      0.000061      0.000091     -7.463185     -7.463094      0.000975
    712      0.000060      0.000090     -7.463184     -7.463094      0.000979
    713      0.000060      0.000089     -7.463184     -7.463094      0.000983
    714      0.000059      0.000088     -7.463182     -7.463094      0.000989
    715      0.000058      0.000087     -7.463181     -7.463094      0.000994
    716      0.000057      0.000086     -7.463180     -7.463094      0.001000
    717      0.000057      0.000085     -7.463179     -7.463094      0.001006
    718      0.000056      0.000084     -7.463178     -7.463094      0.001012
    719      0.000055      0.000082     -7.463177     -7.463094      0.001019
    720      0.000054      0.000081     -7.463175     -7.463094      0.001025
    721      0.000053      0.000080     -7.463174     -7.463094      0.001031
    722      0.000053      0.000079     -7.463173     -7.463094      0.001037
    723      0.000052      0.000078     -7.463172     -7.463094      0.001042
    724      0.000051      0.000077     -7.463171     -7.463094      0.001047
    725      0.000051      0.000076     -7.463170     -7.463094      0.001051
    726      0.000050      0.000075     -7.463170     -7.463094      0.001055
    727      0.000050      0.000075     -7.463169     -7.463094      0.001058
    728      0.000050      0.000074     -7.463168     -7.463094      0.001060
    729      0.000049      0.000074     -7.463168     -7.463094      0.001062
    730      0.000049      0.000074     -7.463168     -7.463094      0.001063
    731      0.000049      0.000074     -7.463168     -7.463094      0.001063
    732      0.000049      0.000074     -7.463168     -7.463094      0.001062
    733      0.000049      0.000074     -7.463168     -7.463094      0.001061
    734      0.000050      0.000075     -7.463169     -7.463094      0.001059
    735      0.000050      0.000075     -7.463169     -7.463094      0.001056
    736      0.000051      0.000076     -7.463170     -7.463094      0.001052
    737      0.000051      0.000077     -7.463171     -7.463094      0.001048
    738      0.000052      0.000077     -7.463172     -7.463094      0.001044
    739      0.000052      0.000078     -7.463172     -7.463094      0.001039
    740      0.000053      0.000079     -7.463174     -7.463094      0.001033
    741      0.000054      0.000080     -7.463175     -7.463094      0.001028
    742      0.000054      0.000082     -7.463176     -7.463094      0.001022
    743      0.000055      0.000083     -7.463177     -7.463094      0.001017
    744      0.000056      0.000084     -7.463178     -7.463094      0.001011
    745      0.000057      0.000085     -7.463179     -7.463094      0.001006
    746      0.000057      0.000086     -7.463180     -7.463094      0.001001
    747      0.000058      0.000087     -7.463181     -7.463094      0.000996
    748      0.000058      0.000088     -7.463182     -7.463094      0.000991
    749      0.000059      0.000088     -7.463183     -7.463094      0.000987
    750      0.000059      0.000089     -7.463183     -7.463094      0.000984
    751      0.000060      0.000090     -7.463184     -7.463094      0.000981
    752      0.000060      0.000090     -7.463184     -7.463094      0.000979
    753      0.000060      0.000091     -7.463185     -7.463094      0.000977
    754      0.000060      0.000091     -7.463185     -7.463094      0.000976
    755      0.000061      0.000091     -7.463185     -7.463094      0.000976
    756      0.000061      0.000091     -7.463185     -7.463094      0.000976
    757      0.000060      0.000091     -7.463185     -7.463094      0.000977
    758      0.000060      0.000090     -7.463185     -7.463094      0.000979
    759      0.000060      0.000090     -7.463184     -7.463094      0.000981
    760      0.000060      0.000090     -7.463184     -7.463094      0.000983
    761      0.000059      0.000089     -7.463183     -7.463094      0.000986
    762      0.000059      0.000089     -7.463183     -7.463094      0.000989
    763      0.000059      0.000088     -7.463182     -7.463094      0.000992
    764      0.000058      0.000087     -7.463181     -7.463094      0.000996
    765      0.000058      0.000087     -7.463181     -7.463094      0.001000
    766      0.000057      0.000086     -7.463180     -7.463094      0.001004
    767      0.000057      0.000085     -7.463179     -7.463094      0.001007
    768      0.000056      0.000085     -7.463179     -7.463094      0.001011
    769      0.000056      0.000084     -7.463178     -7.463094      0.001014
    770      0.000055      0.000083     -7.463177     -7.463094      0.001018
    771      0.000055      0.000083     -7.463177     -7.463094      0.001020
    772      0.000055      0.000082     -7.463176     -7.463094      0.001023
    773      0.000054      0.000082     -7.463176     -7.463094      0.001025
    774      0.000054      0.000081     -7.463175     -7.463094      0.001027
    775      0.000054      0.000081     -7.463175     -7.463094      0.001028
    776      0.000054      0.000081     -7.463175     -7.463094      0.001029
    777      0.000054      0.000081     -7.463175     -7.463094      0.001029
    778      0.000054      0.000081     -7.463175     -7.463094      0.001029
    779      0.000054      0.000081     -7.463175     -7.463094      0.001028
    780      0.000054      0.000081     -7.463175     -7.463094      0.001027
    781      0.000054      0.000081     -7.463175     -7.463094      0.001026
    782      0.000054      0.000081     -7.463176     -7.463094      0.001024
    783      0.000055      0.000082     -7.463176     -7.463094      0.001022
    784      0.000055      0.000082     -7.463176     -7.463094      0.001020
    785      0.000055      0.000083     -7.463177     -7.463094      0.001018
    786      0.000055      0.000083     -7.463177     -7.463094      0.001015
    787      0.000056      0.000083     -7.463178     -7.463094      0.001013
    788      0.000056      0.000084     -7.463178     -7.463094      0.001010
    789      0.000056      0.000084     -7.463179     -7.463094      0.001008
    790      0.000057      0.000085     -7.463179     -7.463094      0.001005
    791      0.000057      0.000085     -7.463179     -7.463094      0.001003
    792      0.000057      0.000086     -7.463180     -7.463094      0.001001
    793      0.000057      0.000086     -7.463180     -7.463094      0.001000
    794      0.000057      0.000086     -7.463180     -7.463094      0.000998
    795      0.000058      0.000086     -7.463181     -7.463094      0.000997
    796      0.000058      0.000087     -7.463181     -7.463094      0.000997
    797      0.000058      0.000087     -7.463181     -7.463094      0.000997
    798      0.000058      0.000087     -7.463181     -7.463094      0.000997
    799      0.000058      0.000087     -7.463181     -7.463094      0.000997
    800      0.000058      0.000086     -7.463181     -7.463094      0.000998
    801      0.000058      0.000086     -7.463180     -7.463094      0.000999
    802      0.000057      0.000086     -7.463180     -7.463094      0.001001
    803      0.000057      0.000086     -7.463180     -7.463094      0.001002
    804      0.000057      0.000085     -7.463180     -7.463094      0.001004
    805      0.000057      0.000085     -7.463179     -7.463094      0.001006
    806      0.000056      0.000085     -7.463179     -7.463094      0.001009
    807      0.000056      0.000084     -7.463178     -7.463094      0.001011
    808      0.000056      0.000084     -7.463178     -7.463094      0.001014
    809      0.000056      0.000083     -7.463177     -7.463094      0.001016
    810      0.000055      0.000083     -7.463177     -7.463094      0.001018
    811      0.000055      0.000082     -7.463177     -7.463094      0.001021
    812      0.000055      0.000082     -7.463176     -7.463094      0.001023
    813      0.000054      0.000082     -7.463176     -7.463094      0.001025
    814      0.000054      0.000081     -7.463175     -7.463094      0.001026
    815      0.000054      0.000081     -7.463175     -7.463094      0.001028
    816      0.000054      0.000081     -7.463175     -7.463094      0.001029
    817      0.000054      0.000081     -7.463175     -7.463094      0.001030
    818      0.000054      0.000080     -7.463175     -7.463094      0.001030
    819      0.000054      0.000080     -7.463174     -7.463094      0.001031
    820      0.000054      0.000080     -7.463174     -7.463094      0.001030
    821      0.000054      0.000080     -7.463174     -7.463094      0.001030
    822      0.000054      0.000080     -7.463175     -7.463094      0.001029
    823      0.000054      0.000081     -7.463175     -7.463094      0.001028
    824      0.000054      0.000081     -7.463175     -7.463094      0.001027
    825      0.000054      0.000081     -7.463175     -7.463094      0.001025
    826      0.000054      0.000081     -7.463175     -7.463094      0.001024
    827      0.000054      0.000082     -7.463176     -7.463094      0.001022
    828      0.000055      0.000082     -7.463176     -7.463094      0.001020
    829      0.000055      0.000082     -7.463176     -7.463094      0.001018
    830      0.000055      0.000083     -7.463177     -7.463094      0.001016
    831      0.000055      0.000083     -7.463177     -7.463094      0.001014
    832      0.000056      0.000083     -7.463178     -7.463094      0.001012
    833      0.000056      0.000084     -7.463178     -7.463094      0.001010
    834      0.000056      0.000084     -7.463178     -7.463094      0.001008
    835      0.000056      0.000084     -7.463179     -7.463094      0.001007
    836      0.000057      0.000085     -7.463179     -7.463094      0.001005
    837      0.000057      0.000085     -7.463179     -7.463094      0.001004
    838      0.000057      0.000085     -7.463179     -7.463094      0.001003
    839      0.000057      0.000085     -7.463180     -7.463094      0.001002
    840      0.000057      0.000086     -7.463180     -7.463094      0.001002
    841      0.000057      0.000086     -7.463180     -7.463094      0.001002
    842      0.000057      0.000086     -7.463180     -7.463094      0.001002
    843      0.000057      0.000086     -7.463180     -7.463094      0.001002
    844      0.000057      0.000086     -7.463180     -7.463094      0.001002
    845      0.000057      0.000086     -7.463180     -7.463094      0.001003
    846      0.000057      0.000086     -7.463180     -7.463094      0.001003
    847      0.000057      0.000086     -7.463180     -7.463094      0.001004
    848      0.000057      0.000085     -7.463180     -7.463094      0.001005
    849      0.000057      0.000085     -7.463179     -7.463094      0.001006
    850      0.000057      0.000085     -7.463179     -7.463094      0.001007
    851      0.000057      0.000085     -7.463179     -7.463094      0.001008
    852      0.000057      0.000085     -7.463179     -7.463094      0.001009
    853      0.000057      0.000085     -7.463179     -7.463094      0.001010
    854      0.000056      0.000085     -7.463179     -7.463094      0.001010
    855      0.000056      0.000085     -7.463179     -7.463094      0.001011
    856      0.000056      0.000085     -7.463179     -7.463094      0.001012
    857      0.000056      0.000084     -7.463179     -7.463094      0.001012
    858      0.000056      0.000084     -7.463179     -7.463094      0.001012
    859      0.000056      0.000084     -7.463179     -7.463094      0.001012
    860      0.000056      0.000084     -7.463179     -7.463094      0.001012
    861      0.000056      0.000084     -7.463179     -7.463094      0.001012
    862      0.000056      0.000084     -7.463179     -7.463094      0.001011
    863      0.000056      0.000085     -7.463179     -7.463094      0.001011
    864      0.000056      0.000085     -7.463179     -7.463094      0.001010
    865      0.000057      0.000085     -7.463179     -7.463094      0.001009
    866      0.000057      0.000085     -7.463179     -7.463094      0.001009
    867      0.000057      0.000085     -7.463179     -7.463094      0.001008
    868      0.000057      0.000085     -7.463179     -7.463094      0.001007
    869      0.000057      0.000085     -7.463179     -7.463094      0.001006
    870      0.000057      0.000085     -7.463179     -7.463094      0.001005
    871      0.000057      0.000085     -7.463180     -7.463094      0.001004
    872      0.000057      0.000086     -7.463180     -7.463094      0.001003
    873      0.000057      0.000086     -7.463180     -7.463094      0.001002
    874      0.000057      0.000086     -7.463180     -7.463094      0.001001
    875      0.000057      0.000086     -7.463180     -7.463094      0.001001
    876      0.000057      0.000086     -7.463180     -7.463094      0.001001
    877      0.000057      0.000086     -7.463180     -7.463094      0.001001
    878      0.000057      0.000086     -7.463180     -7.463094      0.001001
    879      0.000057      0.000086     -7.463180     -7.463094      0.001001
    880      0.000057      0.000085     -7.463180     -7.463094      0.001001
    881      0.000057      0.000085     -7.463179     -7.463094      0.001002
    882      0.000057      0.000085     -7.463179     -7.463094      0.001003
    883      0.000057      0.000085     -7.463179     -7.463094      0.001004
    884      0.000056      0.000085     -7.463179     -7.463094      0.001005
    885      0.000056      0.000084     -7.463179     -7.463094      0.001007
    886      0.000056      0.000084     -7.463178     -7.463094      0.001008
    887      0.000056      0.000084     -7.463178     -7.463094      0.001010
    888      0.000056      0.000084     -7.463178     -7.463094      0.001012
    889      0.000055      0.000083     -7.463177     -7.463094      0.001013
    890      0.000055      0.000083     -7.463177     -7.463094      0.001015
    891      0.000055      0.000083     -7.463177     -7.463094      0.001017
    892      0.000055      0.000082     -7.463176     -7.463094      0.001019
    893      0.000055      0.000082     -7.463176     -7.463094      0.001021
    894      0.000054      0.000082     -7.463176     -7.463094      0.001022
    895      0.000054      0.000081     -7.463176     -7.463094      0.001024
    896      0.000054      0.000081     -7.463175     -7.463094      0.001025
    897      0.000054      0.000081     -7.463175     -7.463094      0.001027
    898      0.000054      0.000081     -7.463175     -7.463094      0.001028
    899      0.000054      0.000081     -7.463175     -7.463094      0.001029
    900      0.000054      0.000080     -7.463175     -7.463094      0.001030
    901      0.000054      0.000080     -7.463175     -7.463094      0.001030
    902      0.000054      0.000080     -7.463174     -7.463094      0.001031
    903      0.000054      0.000080     -7.463174     -7.463094      0.001031
    904      0.000054      0.000080     -7.463174     -7.463094      0.001031
    905      0.000054      0.000080     -7.463174     -7.463094      0.001031
    906      0.000054      0.000080     -7.463175     -7.463094      0.001031
    907      0.000054      0.000081     -7.463175     -7.463094      0.001030
    908      0.000054      0.000081     -7.463175     -7.463094      0.001030
    909      0.000054      0.000081     -7.463175     -7.463094      0.001029
    910      0.000054      0.000081     -7.463175     -7.463094      0.001028
    911      0.000054      0.000081     -7.463175     -7.463094      0.001027
    912      0.000054      0.000081     -7.463175     -7.463094      0.001026
    913      0.000054      0.000082     -7.463176     -7.463094      0.001024
    914      0.000055      0.000082     -7.463176     -7.463094      0.001023
    915      0.000055      0.000082     -7.463176     -7.463094      0.001021
    916      0.000055      0.000082     -7.463177     -7.463094      0.001020
    917      0.000055      0.000083     -7.463177     -7.463094      0.001018
    918      0.000055      0.000083     -7.463177     -7.463094      0.001017
    919      0.000056      0.000083     -7.463177     -7.463094      0.001015
    920      0.000056      0.000084     -7.463178     -7.463094      0.001013
    921      0.000056      0.000084     -7.463178     -7.463094      0.001012
    922      0.000056      0.000084     -7.463178     -7.463094      0.001010
    923      0.000056      0.000085     -7.463179     -7.463094      0.001008
    924      0.000057      0.000085     -7.463179     -7.463094      0.001006
    925      0.000057      0.000085     -7.463179     -7.463094      0.001005
    926      0.000057      0.000086     -7.463180     -7.463094      0.001003
    927      0.000057      0.000086     -7.463180     -7.463094      0.001001
    928      0.000057      0.000086     -7.463180     -7.463094      0.000999
    929      0.000058      0.000087     -7.463181     -7.463094      0.000998
    930      0.000058      0.000087     -7.463181     -7.463094      0.000996
    931      0.000058      0.000087     -7.463181     -7.463094      0.000994
    932      0.000058      0.000088     -7.463182     -7.463094      0.000993
    933      0.000059      0.000088     -7.463182     -7.463094      0.000991
    934      0.000059      0.000088     -7.463182     -7.463094      0.000990
    935      0.000059      0.000088     -7.463182     -7.463094      0.000989
    936      0.000059      0.000089     -7.463183     -7.463094      0.000988
    937      0.000059      0.000089     -7.463183     -7.463094      0.000987
    938      0.000059      0.000089     -7.463183     -7.463094      0.000986
    939      0.000059      0.000089     -7.463183     -7.463094      0.000986
    940      0.000059      0.000089     -7.463183     -7.463094      0.000986
    941      0.000059      0.000089     -7.463183     -7.463094      0.000986
    942      0.000059      0.000089     -7.463183     -7.463094      0.000986
    943      0.000059      0.000089     -7.463183     -7.463094      0.000986
    944      0.000059      0.000089     -7.463183     -7.463094      0.000987
    945      0.000059      0.000089     -7.463183     -7.463094      0.000988
    946      0.000059      0.000088     -7.463183     -7.463094      0.000990
    947      0.000059      0.000088     -7.463182     -7.463094      0.000992
    948      0.000058      0.000088     -7.463182     -7.463094      0.000994
    949      0.000058      0.000087     -7.463181     -7.463094      0.000996
    950      0.000058      0.000087     -7.463181     -7.463094      0.000999
    951      0.000057      0.000086     -7.463180     -7.463094      0.001002
    952      0.000057      0.000086     -7.463180     -7.463094      0.001005
    953      0.000057      0.000085     -7.463179     -7.463094      0.001008
    954      0.000056      0.000084     -7.463178     -7.463094      0.001011
    955      0.000056      0.000084     -7.463178     -7.463094      0.001015
    956      0.000055      0.000083     -7.463177     -7.463094      0.001019
    957      0.000055      0.000082     -7.463176     -7.463094      0.001022
    958      0.000054      0.000081     -7.463176     -7.463094      0.001026
    959      0.000054      0.000081     -7.463175     -7.463094      0.001029
    960      0.000053      0.000080     -7.463174     -7.463094      0.001033
    961      0.000053      0.000079     -7.463173     -7.463094      0.001036
    962      0.000053      0.000079     -7.463173     -7.463094      0.001039
    963      0.000052      0.000078     -7.463172     -7.463094      0.001041
    964      0.000052      0.000078     -7.463172     -7.463094      0.001044
    965      0.000052      0.000077     -7.463172     -7.463094      0.001046
    966      0.000051      0.000077     -7.463171     -7.463094      0.001047
    967      0.000051      0.000077     -7.463171     -7.463094      0.001048
    968      0.000051      0.000077     -7.463171     -7.463094      0.001048
    969      0.000051      0.000077     -7.463171     -7.463094      0.001048
    970      0.000051      0.000077     -7.463171     -7.463094      0.001047
    971      0.000051      0.000077     -7.463171     -7.463094      0.001046
    972      0.000052      0.000077     -7.463171     -7.463094      0.001045
    973      0.000052      0.000078     -7.463172     -7.463094      0.001043
    974      0.000052      0.000078     -7.463172     -7.463094      0.001040
    975      0.000052      0.000079     -7.463173     -7.463094      0.001037
    976      0.000053      0.000079     -7.463173     -7.463094      0.001034
    977      0.000053      0.000080     -7.463174     -7.463094      0.001030
    978      0.000054      0.000081     -7.463175     -7.463094      0.001026
    979      0.000054      0.000082     -7.463176     -7.463094      0.001022
    980      0.000055      0.000082     -7.463177     -7.463094      0.001018
    981      0.000055      0.000083     -7.463177     -7.463094      0.001014
    982      0.000056      0.000084     -7.463178     -7.463094      0.001009
    983      0.000057      0.000085     -7.463179     -7.463094      0.001005
    984      0.000057      0.000086     -7.463180     -7.463094      0.001001
    985      0.000058      0.000086     -7.463180     -7.463094      0.000997
    986      0.000058      0.000087     -7.463181     -7.463094      0.000994
    987      0.000058      0.000088     -7.463182     -7.463094      0.000991
    988      0.000059      0.000088     -7.463182     -7.463094      0.000988
    989      0.000059      0.000089     -7.463183     -7.463094      0.000986
    990      0.000059      0.000089     -7.463183     -7.463094      0.000985
    991      0.000060      0.000089     -7.463183     -7.463094      0.000983
    992      0.000060      0.000089     -7.463184     -7.463094      0.000983
    993      0.000060      0.000090     -7.463184     -7.463094      0.000983
    994      0.000060      0.000089     -7.463184     -7.463094      0.000983
    995      0.000060      0.000089     -7.463183     -7.463094      0.000984
    996      0.000059      0.000089     -7.463183     -7.463094      0.000985
    997      0.000059      0.000089     -7.463183     -7.463094      0.000987
    998      0.000059      0.000088     -7.463183     -7.463094      0.000989
    999      0.000059      0.000088     -7.463182     -7.463094      0.000992
   1000      0.000058      0.000088     -7.463182     -7.463094      0.000994
#
# Means      0.000056      0.000084     -7.463178     -7.463094      0.001012
